934028516
119917894
259037010
590323222
151227761
627774875
317144289
722316846
149443846
457183544
944538974
199981444
102968700
545983734
197659952
145913089
638407559
930420949
125108958
573282905
293735346
637868993
726628262
456649379
58994288
826482081
5194607
755976479
763355134
692409906
944914053
940011387
797846515
308192660
598697142
339291407
688030620
257318842
989356112
969549007
409749658
457063472
463793023
682619041
452115879
832440719
926536060
532089754
130868136
684587313
208180691
102243336
109690319
512349105
141516301
449050613
452628163
756123306
340261608
61457390
995201541
779867338
523953356
334704269
441365845
853248160
906275000
752134603
546917694
6
696163336
137850723
530919518
497647302
866703732
229397218
644565855
655457817
56041408
969890314
462299415
185664422
149743440
105050068
608393473
655972696
598078850
311426087
702154787
754545551
767291052
538934039
177344622
203568938
1419296
215178049
300915677
747112137
804898623
294309363
295156380
882437628
99456587
761825168
934873617
754202253
700968512
671530980
253527309
172269449
30
88807
401365842
794275042
346511009
565377316
702129527
757143618
555251952
736310898
312621560
454848680
570977305
430269625
784262251
459349677
208412121
435765351
986138444
778028988
449160679
326026742
116759864
463167853
191393518
863877034
575056400
707530241
901045678
380587213
209627179
502402347
49602574
505600725
193146433
132379772
152849055
403792189
993136435
203061091
943707849
405481052
367700860
320687387
594197982
617165241
871461231
136896671
314580423
682143683
759365709
197471378
593940718
394972603
416472496
924738877
976340215
880277773
566488738
205283634
713481018
511592203
656141516
182313119
486915277
662093474
905517405
6137
304776963
172991039
159356105
306450789
285019016
855366545
440122489
684842616
349558620
358843881
420358213
71762576
809567478
290847634
919520505
990015191
511967364
777790158
41970339
176212712
137867565
848709545
605673469
631739420
167748306
931025813
496654419
301372148
463822864
33792203
235618781
368047957
152523203
134393499
504169741
452925572
137082654
132739469
790863335
919718572
780107417
927374184
401207175
602480819
286489500
975517199
503153947
705699964
638282531
169181165
763877058
130810631
772772469
712992343
34790642
177840714
76751417
571752484
861811593
881895246
74066626
268172127
924668169
214841766
437094852
406198087
498591791
245504049
537604884
614530565
20768625
869499249
274593435
1146254
955973407
697491799
357121869
944146121
581843954
211317212
83543803
455279754
794583851
772096736
157433448
15550
277064615
238650005
897509662
377448473
770370197
969671322
887428805
144493950
254146842
979591783
607554554
510196181
868893352
734264167
736439006
241746053
15884981
956262845
856123743
541617237
846014777
868819373
165190125
388358868
353629333
902555815
152430827
993878316
808123601
343351643
787783819
831130071
29623515
167422316
736073756
157756449
1694924
377799308
458374289
902335071
385177653
60066536
831095987
933252843
754587683
519640214
868470581
742071291
120389346
272204989
594527145
973602802
367419430
140813294
47190627
955041707
320355345
627416761
831035150
838359923
807665477
911950341
913535462
244355328
73843736
223046483
909178702
192379768
754701468
801151688
962269459
534193875
38072914
627642066
637058591
864006319
31561934
978747623
187337361
940209050
647804252
776562003
564099384
831623064
749268579
339806111
156630288
704652638
208276579
51792486
320737545
963559598
369213630
12707
772673690
412241101
620116577
219389957
761281287
171629516
227431820
309257015
837496937
901205665
975571535
608979541
929927763
134629418
112532769
433009156
158009466
350884486
706139998
154432533
590535819
661281717
406458557
391255580
897522683
898555577
204698299
667737343
412820141
713177717
427224379
85534188
800883189
100011002
979571904
984907373
960903664
968169683
672107418
551662345
108464288
939722085
257112143
73806803
32518365
207343147
759206888
737164373
188956782
960076911
199061786
715420629
156040383
631341586
189732893
103207585
844838995
623066459
208223997
180155
980584614
87266368
285718492
559599241
67112507
963268938
415414119
608548794
260278708
649697967
798820792
303917520
254781253
532713157
575156920
918362734
905371086
459430871
423272981
446923266
322323770
751489670
433531742
866275573
125419928
142459872
173373394
219306670
638677603
34227233
348066446
207776263
395608754
284235265
623841559
780218267
632002546
44555823
2912203
722628940
251681542
945930504
473666448
691433657
878373592
12038612
620855060
884541881
676610840
714311487
285707715
30463248
975623635
301293784
367440613
621538579
35969453
649856312
447783659
324625224
911608674
98007623
312305314
862291284
583541917
922526501
554893981
481777215
620909471
72651649
145171021
551668358
526187344
156713974
471222918
177324824
258744067
857743236
393973890
647116032
816534744
469120833
484237248
658157072
130560265
587586823
95970313
155400292
8681595
701518403
658083711
209489909
240913831
939627431
58786752
708745154
522958795
256217342
483287355
254076592
215477987
412339306
940539247
875599473
524845465
367982379
645300168
900076383
634241520
577137244
954767975
58956526
608746878
708886243
82778563
489067
388787949
954355401
910193838
420952424
33749315
986760779
319900037
574295841
178586632
66023594
147661280
169873377
366883060
441588527
717907775
918478518
369423809
171864304
983908020
385069879
15291
572243395
855446470
576378917
191167066
306379943
858928988
926888282
371429128
113640245
297267752
555718136
178100075
783590270
4015
586607824
887304331
881151662
277845901
368474786
947908896
691691798
20415
859425172
474357193
555817724
971625765
9101
769338968
628852130
566772285
702275335
554810280
13
118971896
144845850
178126732
323311438
725971898
461626220
715465643
483788028
617161687
145937751
848314464
238391079
59249540
106299955
729140685
93174300
225699888
494113354
506647
948688961
210163202
200634708
863462182
874421025
565829177
151518528
367153563
448564808
846484917
533593252
165640472
522247926
616431240
171963211
132258138
584582939
216995775
684242465
838037605
454319501
727208919
189253173
262800464
914446295
79533058
863559929
20577521
179761832
784085882
327421187
476327920
847803746
758917893
329249886
562710691
24
543579378
662659378
411564064
291375429
909761800
566046873
142286297
717028392
358294225
880996670
158004566
694052888
676892538
353133513
312870172
80228226
260340278
997799
282269316
641219071
245731604
449550219
22181709
411251865
399231310
556787730
264484631
709472406
423609023
190687354
615355700
293371024
156007745
376433299
41943771
460951988
342850810
560872446
715789303
391627144
707799874
776900778
888004260
123150339
506738795
416740356
653744639
500015780
686767586
740992002
10035894
632779864
457132183
865678394
381122953
883744078
59550387
736055062
438332388
436476654
944568852
231999075
610099901
422845133
744143014
50299162
191772021
441559954
640491945
1590
716964810
511945670
444373674
619846697
266436810
452255526
670186896
26306288
706727374
473104054
891866415
460404550
39853522
181606219
492605490
185168549
372432478
857361581
594733572
137988218
280087633
510742535
199063048
263111856
641574919
558722854
203210605
20772559
1394947
797605591
106163605
1975294
712906979
596386927
140091459
993574196
251498561
86644677
447964035
986789744
274994371
375785315
963725236
926294076
377353191
634526124
770711598
697870878
836066552
817264728
884085684
328484128
68302368
813100978
640751553
613962720
62690857
187901092
545688878
466677908
248166
286924293
401445305
988403706
687071049
378466446
260754100
153
226134773
65009148
338920213
338409189
783300040
796163036
492866446
681402074
519290289
965359547
746862308
352034316
137577764
261822636
446766608
699835631
341601748
202226651
962977531
451813717
930292859
486237600
7258
111738845
248904102
163461073
239437071
497809872
138112836
647805677
981438386
284379259
292478814
321810130
444058857
644353594
109649226
576847381
164297504
969282973
624562431
199464589
503952191
265532500
125060402
105283639
173537863
74133933
553548129
687934418
449923491
84413606
90983114
733029946
588107552
947867463
948163602
769210458
292863631
295753741
626141159
254020570
237738674
431364153
555158993
924624521
278435045
431658742
643598581
426206280
393988934
408850848
2974265
469723932
779466651
522609052
34366300
127887
632943177
574655675
839254141
531876357
116741502
245153738
478321835
729599655
278923544
888855698
711035235
716923618
455872090
21382603
922217022
294924318
848165749
412871779
348012837
786202578
935606544
456409980
271237710
870903834
830823473
40246530
3908117
510942803
327629809
123107790
935559915
615323858
722106627
754006195
360926110
876885563
614615447
47939932
367472240
45353185
355459788
853809097
211034927
717384693
880507847
763716777
11214299
427484714
75367784
133411230
626700448
17
647354546
233040169
931579794
676133147
169976976
285391975
754514326
260002892
482967602
984931311
807410470
868865362
146472322
62474896
73677321
277369747
258090799
960249101
146168499
249283898
68645888
323881137
515142943
29157727
995421675
3832829
647639363
175025311
708868435
869269558
376752105
433089248
897591290
945104986
208347082
29222509
377918575
795352741
513753240
28097
61348916
693525338
401644542
919100966
814480072
1
343985920
996006136
746079015
709964520
293044306
268499267
725150285
893920372
305817076
700337755
557256371
622315548
642289108
540626220
848444035
997062551
346113088
950853047
932531765
567888360
380934955
702372911
451046473
887729231
141553315
637424150
318782408
79490287
40901223
940467758
13109804
781427132
957310541
884648555
273098576
537511212
183582885
404602061
38674736
94351277
337603693
486088345
666702216
523030749
53418203
626457397
817927648
238171830
920051848
859276565
490164760
597212876
938505349
321903837
658289057
802557642
927574317
786858570
28
597150067
450073058
960061912
97688280
226331052
449248176
