767495679
462187199
543805846
932096332
687679141
729871353
728999530
166090448
843235197
472126683
957555539
67310527
498633311
502840216
981936805
939509304
160479175
463097291
69100677
251256554
140246195
165473478
408011613
759065744
449200813
25499017
867339728
428526096
718449887
391376362
872547583
787679880
520554081
321944400
15822147
686002349
356519546
801339523
374532524
848119279
616424284
948929425
521700217
539073021
7290844
524234894
714199530
403864450
717138210
685477927
698056495
753188180
674321257
113451328
79759066
492505884
678053589
893768791
252018759
482532452
194197492
787384120
372737712
931068219
825847774
60584503
115996159
644288772
125680996
422443324
603594767
269185212
913277457
317026828
887260251
727898650
444786737
734564438
264522898
387937055
486032947
661184502
344259448
508611263
921598765
874978867
959266195
519361243
341744152
623741975
957626296
794603800
944430076
973134449
649944724
927246926
788846830
525450048
536799687
989933268
273109130
258899476
821380672
63296888
479968908
832197190
692385469
471285839
848518421
861363618
939247485
90041407
712150996
131957680
925013200
302613526
381034477
824028938
273060064
571567938
424750107
579283597
454006532
490572675
337159005
52540819
440239117
7894969
408379344
873077018
875519019
482054626
258196852
219711967
289248592
631113772
486480544
499764205
688813394
647626634
922878364
815563311
604581737
325348711
487546141
525271749
876843353
269434662
290689622
545843249
221346507
972690493
851190221
468585206
18600358
383398
291143357
306455177
799235955
675577896
400090264
115511758
475877480
244817228
601164975
393902489
205885054
152156244
352248265
309012803
642543213
138143340
159511293
501433680
863553905
735591187
563654698
789068480
60181875
802505290
245107707
63283834
51593607
259051271
312178509
750935754
301768858
82256755
423083877
308446090
17493540
350471337
160198170
52459543
753097893
159661650
839639128
846988699
187909142
80560340
225523815
13480211
476501852
36689094
303468453
280505928
839532192
789501151
478028555
52231447
528572060
382478546
113269789
115929975
676031862
107179387
523296439
7326817
597997872
90262398
345700800
753550323
179267799
583081037
292641166
475116773
990246430
465436160
67379983
869453325
792268331
686868420
511365552
542819912
985371965
875521679
958860108
648066411
421778667
724430484
122181140
705326808
221075168
43807874
444621689
544571672
25989976
365157931
437452660
881038196
192241205
622561575
654619692
838861601
243159231
725160284
649760398
458685420
617018115
900509564
311865612
100394909
655170411
23100111
164128152
407163141
28586620
528063757
840022733
12294224
9788314
941404176
734838669
334055974
343028263
815593528
625660982
529103376
790373030
232902940
812578097
119343140
866721776
485745194
247942236
133878906
11876240
500863061
343594156
447162359
162164067
158096874
993140125
330369177
655230040
500238120
512695416
714327007
653222812
312265326
286698213
305665366
294718995
241399717
918542102
193964154
411159612
649515567
409880793
299908534
655239530
64874462
94299760
835557955
89338338
469006454
482245703
283232864
755520346
126031764
389219660
201340692
86874351
971897180
224939607
69894803
22934500
771800057
241062167
994995393
328287357
172064509
587182229
739004772
240373719
493707315
555291191
370772338
676794309
367615518
108188590
803778848
809923741
414943524
273834499
82954312
729176819
434349631
420706334
303022547
805121155
552786906
450928404
313628799
927348389
507306869
15192620
618036407
618627371
822145620
418752667
730945474
83221433
221184940
256924130
495894235
217640419
628147185
727538793
562373290
413391679
448155624
675822524
741775691
259458792
864001785
702029581
856612711
735427284
285291559
994302477
122206882
914564920
503408442
97733279
100582139
337165258
839906666
988281775
198054451
435666903
936430532
445707962
888878190
891263165
243272553
607565098
770708694
505172661
537311928
286948970
655364169
932531246
289780398
600888995
497933715
143170698
290399634
958691225
29714876
668572908
922471143
661859740
305181446
620546914
807605456
122288209
146736523
73013630
625521130
111690662
629889016
502819396
541205876
220133345
101168715
465542272
813316393
349034630
795308210
327735463
991071152
581858946
883898780
150315682
156016663
606954151
694244675
64230222
863460097
922708821
728550370
919349254
879927276
743578385
228850074
601316289
468773772
425852528
250667893
925621952
410246351
693138120
332411182
840010478
256609200
218886519
366137494
946979698
903342496
146020412
563249653
125760277
421960435
496734423
831285617
85229756
561063208
974531495
426123019
282814643
90160616
462714438
36183601
465285840
721769464
852424380
615463225
150201568
466603079
833401141
108158714
572077523
908043832
304555383
427057659
31468948
125283700
386781059
679643364
873398912
878283258
125762388
308925586
243542426
178127367
958692090
781739163
759819647
706774811
300283679
548128762
21711955
135697827
229804448
572180002
746034922
713772352
789467186
166996233
956631220
347596933
970941801
317277311
727320412
822140570
275816414
83348964
627539660
220137557
858481183
108998661
169617769
250825627
899334789
262071662
381213784
1269500
223934109
821655481
239246845
514742516
628734327
717201977
210371471
536723336
932376794
597283965
380952065
18901608
293310157
360955557
432428001
754391743
799610670
866854416
542519519
518482390
374206690
346867145
541204542
979988615
94705342
558167808
625990551
138307488
499928479
55064805
689758963
297966621
68472069
961547714
541021192
788343292
997898175
332065175
438649959
541594743
416348019
386447338
128479706
130400397
741140543
286812046
524904882
247668921
629188604
188355417
962382000
746342044
523694299
849446557
610265372
748993993
386404895
100204734
237303375
637905449
336952597
376730180
139983080
778841258
993726013
228715166
594194511
363076241
912947837
753941022
685154291
195067027
264478722
390460794
560886455
794791599
118876249
281203301
734466071
417855437
21253026
401629882
618826608
65832394
347123400
449757435
663336817
52568153
495765900
80582598
777019140
316258294
160628317
303193434
279962347
508340179
145401409
296890829
49023417
154263328
363385910
56914731
291347518
445895137
26527236
575533069
749048373
758175565
451325771
94243544
58812632
962424069
241178943
200587568
677172168
420229619
372561327
449104420
305885298
264354700
279176476
841815297
600154111
814933870
571898432
176272024
79308122
207148369
106101351
891957231
918498728
820606240
706697323
82229368
325828967
261760698
806084465
134637947
231712293
450323825
78425628
125739155
209059416
269113101
840854582
821022099
840303958
141461708
906204616
542341068
392199600
557964248
444129284
303975003
219403704
316372093
991629784
617606312
852971206
794043242
969566131
966062789
347803452
522631095
76699025
817340660
953452501
451903831
949299760
229061664
865029275
975728093
343687309
106819965
253393259
202927363
510222496
99172353
190070689
582342361
375998647
153698000
924864961
318944539
655072789
510416735
709070029
848301043
600937363
96687494
922357876
431879164
688505198
10774506
858996907
89468925
247595203
298256441
710907345
373141057
382102646
460276912
70041511
534946814
174612465
761049898
41822984
656908148
297105311
907330261
156216333
6992693
262370721
37435022
103346011
686701143
913213080
768752500
437723429
959263875
840113249
757695850
768995732
369111115
307245894
752602822
505528135
673199063
243257216
92287736
303542807
873842919
143285127
8771092
580003424
919207052
762460295
133060122
564681030
234183150
462015971
758704860
816156304
234777841
457966956
986596473
780628370
427066657
593819431
180696030
153006399
570204586
427776409
126665855
618378163
371803524
326939706
649892713
564025485
915229766
147358228
451943629
318951314
78879963
448086343
239811620
982604878
680792622
497274219
87377538
175323545
814298705
274839315
619960445
475453311
436950046
930076669
996753272
615424420
484593549
870681061
657356099
556811685
481800135
798195166
807345842
644446968
525066167
258759829
630479079
709536636
791121477
829903223
840321842
692515864
660205569
628052068
393866835
915998532
663423382
245571919
500895202
346388480
958681974
429032939
956446251
194771192
184666825
747836495
375536575
267501080
211399857
705470748
909906770
906350777
589279965
263658239
670465665
456008407
54784647
191269325
101543360
780705396
201556416
697917946
148926587
299348484
58166799
898522677
946748627
149295458
389704458
374277069
817420842
465639947
325025497
515141387
154525808
26988499
50697255
246596211
172573691
861564021
543503156
800962611
60598310
455289867
969787426
310893602
632224451
599509656
898140896
169862050
290123263
379067808
863578894
239657482
129751124
784882096
564249219
525766447
588799202
975136724
745074408
529885734
297718915
475583067
219726508
757013433
364577297
285446817
254437934
167178534
227764900
788565029
527681131
665342470
466653172
957436038
271156871
595299200
41192140
881552119
59530443
246847396
493459294
405326934
449921624
963956532
231389652
712543906
546781264
24252779
930876233
136278861
141496630
655505301
227204528
461180513
353438788
360390414
770127458
555781806
874939885
554262005
31754133
106988522
506416205
377970209
219967330
573750682
108496746
793632071
946526650
898432089
732894124
118577502
827036913
865660885
641379671
349697909
