566055616
627106160
936938671
893912239
416262885
203319126
278108653
825192308
509757734
508804724
489848338
353537829
418895418
974517075
350906859
840066125
796841115
421636759
615810314
254898791
982726941
156623483
883842872
374219004
43013870
227450534
193327638
5389614
92000291
827730180
629238535
95976064
129605184
922057936
906980724
274016388
90866634
732718586
590962187
203020867
86121669
118438090
910623808
181227063
946281458
819467744
325651142
81160947
903551384
215931620
574888392
319712585
129176965
209547492
932062062
949293983
630099439
136216046
486960220
61640355
100460937
720764257
355149813
317076681
861117094
236151822
346941172
644062778
282282124
160958693
324818226
702808197
70290426
155180439
607542274
168393475
910711052
2624647
429863314
570767382
336091024
411877903
162632765
258437731
911840769
991906041
435289313
107185039
688343285
650628975
425302011
545079512
751418909
327714893
495632944
685852431
889400057
629910316
228775390
11738087
456690925
828434881
965362021
14898720
241572074
463278634
704153263
537985002
308645288
880955198
198052294
77621927
675892281
145648351
31510469
92071573
53872038
224753789
563854233
876263632
795277137
967019227
832757960
976432375
172221262
787824342
820498881
833350580
839113101
36689583
377250103
609357857
485062976
72588296
772807540
721134048
581750454
636606533
60309849
911428023
120562456
774573498
882883516
180505474
380967548
511297231
733681986
695539083
291174861
864890189
791165348
698935773
356857406
538856810
348987822
146890725
732725508
612791052
858860316
444063436
543636678
404703066
246025159
946393533
180705329
498124499
604566163
932838595
968938551
604067657
586436425
452908964
931008416
9420416
453398465
228096775
276203213
69825042
20520756
132401731
281016877
604316907
979736014
512290146
368685165
697649914
745964351
321193153
286204324
454722244
515636909
26561907
491573007
476987238
890377672
554216712
927774846
560139508
293109522
796619452
382172133
378850289
107415116
610800419
621900843
877052359
474239073
119053590
151236432
400855032
244064549
465428032
393051860
433766607
757173973
268746178
836810379
869883962
8758465
672519674
849728664
584101906
59152357
103979531
263729650
496857025
362654359
500826924
266675401
761054635
24332657
683407096
461073829
789627796
802132976
347037288
473175395
237364217
605797880
147613380
795490653
949871840
396100481
84105693
416500111
139502363
236218782
491587548
115405031
742274007
103114037
984434446
367283558
71637352
394673564
714147799
830437096
513822456
83208662
693057906
877018366
861952623
374581826
220277197
566463653
136983013
709053730
530463006
524270628
369378291
15191711
549060481
849087070
764306811
817217635
73216439
995679147
519748445
758154820
796818171
923185150
476930295
68357365
228397703
359156660
633632203
443657240
848963050
512866056
687286609
359822230
614643141
974889967
877680842
684360629
580390567
191747944
532735440
751319460
410539973
324365872
558674338
929680723
135163162
383059859
544415367
907676346
321520211
249538130
140393135
526690424
318768749
179327303
795574611
357931832
639401777
850912609
659979857
838437945
285402075
433628428
196501422
945230674
797365304
282031460
742219273
27338037
566317054
309022031
504617303
422422451
780072528
654869208
956859769
442734265
980109821
172009096
278861157
855069003
606506777
487075829
324972153
410400202
991172413
714348373
587220565
109309317
804466260
150959417
993227732
37447093
774210320
448278611
768347416
544167451
63120434
782459460
931442021
838456842
72615612
738803176
258748191
141019890
698405475
854301985
395840858
668456808
528974189
202523752
208318458
652147038
145932316
597775262
40593068
530444182
887596557
926574590
342175633
46772069
727651260
208518747
49980240
875217530
54563116
292414668
675586014
61653732
195967727
257048187
545207317
977209037
94233553
39215751
209406389
402808703
490223251
70342749
81882814
714024288
248706569
862409037
196328736
108231569
103646097
586118471
417706018
937315326
932710993
802287925
366061687
946090213
360128954
450990470
579397101
87927697
627288374
363242383
423152942
967535648
953860591
294609068
15809083
209443620
166285457
119919616
308172403
716822285
341603033
467014236
572250805
553602442
94312525
998179402
306647453
997420373
56250967
677612324
367564951
197941939
272505124
529028007
759498095
299074161
403877512
41840285
460725936
323809029
382522985
762993664
659176601
469697407
670590281
478288767
869944841
932913915
538411750
532949562
569754500
424047566
244069329
353724165
413576865
741848824
190830261
57300050
732209152
836647632
233382964
652977628
32547312
232472360
825691649
294609068
444500619
686662741
612408495
27401578
271770420
546623868
603453453
396794774
138071231
674952790
618759796
936153580
944417882
332489334
964626384
872312906
886994355
33020110
886750026
952960349
87047711
748765284
940004375
12737986
963768378
662538956
974558378
944811394
469827312
169126546
869764862
558463230
198706185
670098192
548916161
626031431
967339535
837790837
944063118
645710631
953233988
775084667
248564056
396939639
444656072
133356501
547370728
492809626
658690596
581413297
607622479
49923888
914990004
76195844
467095779
198632202
286634049
611857304
574003286
141776484
382592384
773790784
88545549
302137563
818771575
503847264
553485748
829863651
158457805
485822008
991775674
588947438
25617772
176225886
49586121
683751903
564937350
615994
660205806
882710149
315449943
440391404
772788427
962224003
398025140
451531532
204692893
281785311
764938394
47393490
176421564
377250103
941940882
286900485
580675514
347520200
269182938
622303665
705982831
637820220
79725966
369347420
481545669
96987738
31246138
475090723
124383957
10290521
254200398
397688366
905620156
876516844
804656223
933578844
138796264
322107904
103834168
257880089
469119620
709996437
783734560
127614984
26568958
198461520
967669393
41320485
125447562
493679283
166092007
536004998
594654029
756861185
438127247
236317444
504433077
763851596
90586382
476412963
721419737
811988489
673867102
149090496
122200689
162486076
451914394
28561066
673269728
46952351
188918306
154373820
446261152
463881116
203842788
726432874
106014665
583144927
463785957
667444955
33892575
818736089
380157029
545672420
119215287
394036659
107408743
834889674
502770144
159996671
277781522
972891108
190581010
233193297
438603534
208908159
877712997
720343495
850728611
440941145
19999583
482853716
61468042
842018095
307165897
955031608
900860572
264191597
509321717
775255700
332482682
686992444
315614316
900353142
8520401
368523327
625858562
931371777
695181283
7913937
879605750
213676177
807014207
228565685
556025456
127706520
439016760
852450998
601517806
805502808
866404810
192997149
897302901
783169318
826531168
310879346
652475116
164260338
928219476
67981020
70506745
60168139
89901536
964609358
255320771
949820154
618638044
105023651
92890833
744617354
650627767
985479059
618316448
80475714
87047711
383166787
153157388
286922365
557406191
987232419
367635974
773458463
478652244
756470392
824510063
328331730
96454781
177987260
660832382
667144161
431029706
125557056
874469853
638725688
478403776
574003286
159566489
224388652
528026768
917766088
171717288
304697760
675343478
651618727
185753909
416482091
3885396
318447989
114876133
876749080
847873872
53574659
299576751
945380800
421245220
196126466
702744294
534031028
686632778
850426406
298724308
994695104
6764005
888438654
437527129
220652317
964626384
622307058
695165610
419333788
787951023
505956685
843091670
713036186
378753108
217057680
869441827
510338079
653406634
571528681
793223571
185004734
681561802
441574188
388281568
716132103
852805891
180426942
223192261
766814353
299767491
754810559
147266203
633317455
641961454
145080680
790527538
824912303
432326771
329496218
683550854
334602086
890706835
632289202
159926162
854151424
195796923
467657373
232388177
798753511
276239762
863772480
42197607
766148514
154784403
688203202
72811032
702740639
448462205
910584601
741980104
669395690
368813964
471018206
550900259
726615341
303696935
267795736
270463863
662945972
709970215
707448331
690265396
994994543
284574083
710673485
905694337
318413590
327760242
539105818
578203611
37748441
163149703
320485909
644754938
21654190
429797103
124606090
651471056
113084858
857115025
150635765
856786348
228122322
671589420
704652574
665669303
821166960
157575287
463588821
908368954
26170917
298863902
468813158
250629020
522140069
527443463
39625182
504841049
935364772
304317993
752750699
375199588
183905477
365137186
958813826
78758459
938925051
700745194
149628896
118622125
441057547
493431960
538917828
78791252
51919874
105704950
151043243
543967507
866502741
728896819
74632384
383612902
963021424
958347821
436481595
195285067
440708208
221344479
668012943
864807740
173420021
115617726
634843584
856346735
881764398
919623890
712362687
91756510
235502006
223066486
932269337
315078179
3831622
51667504
294948822
318132151
457089480
417897887
666376050
7295936
444258453
437454017
111384410
50820627
353648480
746612773
177176879
53574706
242774377
819041187
822453099
742602286
125705376
655351151
952579887
311643817
192691689
262463890
254002563
253225464
142653708
964435515
62149829
921035912
449996941
758295855
938290254
127487317
991020044
710698647
68474934
691217445
444463374
624407729
47468630
729914333
363466539
488781182
54831746
289177188
981352310
582897316
850863453
37966255
695464007
16777215
607192482
300290172
61007523
80053377
274244578
793425159
537144317
161442453
582015604
725978665
754237914
827057256
203584108
420514831
3942472
699296024
508783759
20039808
507450158
193956570
640419565
710348388
24450388
875884445
868419383
881882291
370759077
720944062
36604251
432864856
769400926
967467768
686250824
830927881
607231269
30441673
146288997
227337752
76856344
559334572
276356774
366652455
996165952
69715429
915253618
345260707
310055383
241234772
705380448
187804264
937409617
760023728
700249873
721391657
662037313
242439988
34875590
688973751
902965656
660957304
