621049775
368323084
796545714
746235822
755538345
250913519
606021916
747152115
406802160
569535406
979623133
222643260
837206112
576705142
368520366
125569651
684311943
596694116
844575855
221782995
128708717
35412262
976801375
860861106
361991645
546403783
701429076
80588807
286944643
150195630
739914335
196421100
304400258
675071685
795808015
977717938
269175386
978041130
825025389
653636760
649401135
224168367
620240420
644047903
915439276
241555504
412018140
816190219
984254688
883681876
846786568
284624750
926100703
1750322
715284393
534909673
177649741
707751769
832469425
233776391
229324211
462253753
739055286
606688050
639673151
159844538
821917437
100949120
364447547
675968222
330098982
811747646
947255082
209446381
974053453
90928379
346843830
696040387
690753825
383836490
130564341
325377922
902187716
839451108
401424790
868747164
333471356
645769204
927678311
914769102
642191268
836834873
611477130
913860228
666718628
72111264
744923176
873756765
995936641
441987001
806499367
375161345
91203237
712067355
481592480
430241933
907440953
470010998
50645579
641776205
310186907
955457261
390734927
206039980
985220823
42766890
816248768
765315217
421270401
111780336
124311011
742081907
594205644
899155060
585833882
176890332
961547092
484355315
717632339
412455413
540270502
312094583
859605044
631772700
803899351
914520849
832765573
464866321
317386775
495583376
834347683
474629316
31330987
692918242
9011715
324778945
698713308
23690128
116163351
258757721
813147905
990891365
788756612
582526522
583104837
99603861
693995774
799851057
757003708
795853094
466814912
851147101
769586993
786220911
605342608
330770119
103141866
900540919
222002641
635659984
18062700
296638997
560645103
683717242
5996940
710867911
398155148
314360499
545267405
590244649
549075709
60254427
647417669
668680800
918589274
159450317
351271958
910137534
352930022
734625587
733798376
875762213
162788353
728672041
913640359
281091470
102690720
839529288
629378579
882809999
215371278
441377570
571260773
930107235
154337996
309243137
713694236
879991960
416086904
52080111
822786787
322842709
258594735
63770994
900132499
275885058
37322120
893463278
977686264
281581396
341290260
878137648
897570492
413405951
625477346
427741787
333199270
111698307
931119645
392888033
447626172
543557955
318818055
276544530
815440298
775166351
784772418
546979460
346018426
761213646
821516516
861191018
3315468
230440125
829839214
762215598
215327080
248001632
258211652
642021172
471729002
62293771
981920638
893728157
263625162
43722352
921689805
327360321
958527991
979180694
586791517
484780777
306006602
288229253
197374184
562852163
548900644
44709461
25785328
5487730
14643287
253580066
437840653
186784129
272569191
273171500
921518520
512928886
301971854
561782635
17267836
219091851
493634371
349381454
490280924
606742407
396028155
75821622
927620056
743025318
137220897
941730730
939867276
942858062
335990973
581286246
302833519
71639168
278414629
948163431
509043913
224654978
625819766
555158974
266090545
933498162
591691044
104066292
406706586
661396409
402323964
483453261
153872919
408928335
562191279
707488849
633121084
590012836
106323573
634768766
664201120
301568958
706177840
960465108
399440138
295564479
592102196
822761028
639544229
235048252
169632764
818165062
12244478
277918753
126535071
70783370
420868798
591956169
768967603
23109554
486235521
272598949
124231264
337361832
323257032
729839885
830635699
375631249
342871812
837632428
229494064
30911404
408354068
941443065
475139337
375789076
735302519
974370709
328051953
401759000
897222219
196729313
358661362
512972713
128000214
68985513
93494910
473975762
22192529
231800492
793306719
316618844
596495685
672908059
207671797
441908789
880399859
122671346
918576082
354835801
12226740
655482951
835793724
633596901
818802508
832050562
137001026
482298327
135765652
582061846
949185135
526447278
163788521
209622403
55751198
877403472
521885373
53181626
61220514
161835422
612487207
342790056
699359589
216346050
854692160
482495965
689781788
616784755
511290094
170406881
595274243
832157694
955305337
425161371
717296863
551386647
371117336
188858774
212117788
645464972
136056843
553663692
159568173
578572628
56961613
793328789
344560775
659334371
622792910
792135711
824557727
850494760
810394005
711968479
350454599
807155233
23856374
970371720
28773432
792311954
475870142
847921436
489730157
255311542
130027279
483362565
852837388
518967250
850659804
569523091
81572496
721107508
51747582
830756494
546658432
855232319
487782434
555735448
64535229
542513006
439902878
732453397
215418027
509259161
370428098
474595407
135980569
557274514
424243639
870112097
67224899
547779683
433937146
77313389
278851537
400352663
814133036
549876104
97652967
479330173
959859259
555344927
610825825
330715506
602020610
348338331
565602665
948846821
917805213
593276194
759036141
987345112
327605606
164490479
735126705
205592129
399116506
790543800
474383999
522426898
262722449
919294449
453203401
520507900
299103470
766643604
609978034
789265447
526193584
392024668
933213709
816080731
897475374
280435225
595018564
826780774
619205335
831999990
355748141
114785661
472338124
926449692
630693040
166274914
212065931
131359074
768157270
406185378
872114601
632563499
162667139
438583189
495952929
865269745
805457217
939286970
934723946
363118641
497591644
776922199
524817397
533575295
335580821
575946578
706252994
591047258
646563230
867653211
617590131
196493200
605714287
604093191
683990528
977111451
471561406
675071894
653791815
178089299
522314630
687126198
683670472
625373737
343857293
535471074
875567684
409661559
293889002
642637655
307976730
372328705
709276180
645180974
985147504
747455825
447721153
720825254
789466671
339495970
977710820
268344460
843184575
606139626
235137317
340246741
299956803
376509723
17135892
554512836
443195545
622817130
522778371
932723083
673385553
697980500
683758595
754844068
207745407
323793819
519375366
661623145
969163198
392894303
790434287
310673954
402004686
290081457
983034103
800530552
270190075
832089510
220844
936876049
645652080
644416752
912974657
18258514
660808052
843471981
314656917
978932133
945499654
338834575
442440570
146821249
967912255
119101337
675528588
230775251
88984011
964782918
378492174
338927593
460883366
493203941
694357951
95515978
184048232
371692589
782761820
663827467
331092215
596198458
793214855
40276921
880834524
985912687
836563171
561204730
744305529
222230775
845388214
756738215
649995265
245847986
250817491
740986720
890668130
556135645
62331094
928424446
259347470
502913874
331080390
96963559
15835644
117934852
31659461
608508202
400083575
370349558
667236719
566655800
516376172
818664768
270727223
631755710
524481054
210945507
677559549
646690133
145588938
506105339
707074714
443580670
137354071
891505280
831728228
865555584
282410544
180243716
250026446
269785956
928797777
444510156
228980693
868994658
377544597
602737058
643937078
264704374
214904689
818619920
160960035
384571234
31789255
532036590
909926964
647025317
484309524
441181177
64133531
518316056
524280847
202076164
234746040
183880009
719959125
476140300
58414360
488245044
390734113
794978208
88019261
470790580
295345402
459759178
484214123
341894572
406109001
320347083
437060842
177985095
610468062
963506078
446487448
149706442
453051018
562601873
979633805
39289973
13728235
365106224
361292934
644677450
58233220
915925581
834798328
226509862
250864049
454709268
65342798
856928849
55938394
214064016
433036236
734842787
820198798
21135769
279775899
236960885
506475696
579099717
200642552
716850308
439746519
929154673
556954334
280469821
611043131
617593794
81892162
754377209
790373736
507966700
14089909
715910345
261158814
664695379
352747997
35362966
113737818
926574141
820218764
485599875
274150974
943353070
583177492
942865851
962338376
726982282
53876396
993095697
858330337
955808785
974844811
963646529
233871904
103457126
924647909
958229689
186353045
83379111
350537150
687635659
551582167
686631809
344745480
383012149
279242447
196993506
413012328
629926528
736929689
195277567
335437703
597547032
86738707
842806367
789219476
493090740
852841420
179383156
488692059
430271006
378416090
312860693
634299328
29073968
546756436
768407552
630069235
522816200
291497903
614933468
694742674
72226935
798559875
428307918
139942207
440319646
310576944
544986155
622954955
55107401
997274611
416782815
184762124
846175082
210302330
389118001
598877019
432523169
276932398
639869338
37898159
235699770
440104740
267109260
419322406
975516138
327872329
446005710
699400426
824206036
824501332
572817478
313498160
40341925
383365945
596266752
523589050
330478270
698180831
985086799
986446405
653185320
695266435
262337367
449555530
199725010
519315746
111302220
794898001
739015027
724246619
677588071
737720227
249661574
489329436
444335829
729152815
904179477
632643807
126305212
824483296
588407769
920787606
537953061
352168324
405714604
802165743
750871369
136311938
546629976
97359436
208581219
284175215
385404417
937372748
907610775
119565623
785943297
622073537
235506896
635392783
379948933
536750536
540888
143047096
647454046
926330445
416944200
458106775
22352715
788991331
12077912
175699908
82189810
507764314
7213057
795838460
750291525
572419340
359213865
67326298
245153164
248581804
47970928
878743531
957425778
740366756
284735564
933382853
100578525
671491579
618496280
185566797
933498879
802426369
327260626
252995260
235497281
165956391
114813930
593131842
625234730
214218295
535075562
976840629
192063173
361446071
402054022
407672552
494201163
613059567
534699535
756505916
598747171
978094769
455850167
512655313
972522777
404526376
347547449
277194027
507008182
187714068
907668651
571171751
287061650
266674261
342377601
464172840
299897775
912597089
532337316
265822929
924108626
860714810
799632309
7409922
470722837
579447673
112209256
