1000 1000
2 1 3 1 1 2 3 3 1 3 3 2 3 2 1 3 3 1 3 3 1 1 1 3 2 2 1 3 1 1 2 3 2 2 2 1 1 1 2 3 3 3 1 3 2 1 1 1 3 3 2 2 2 3 1 1 1 1 2 1 2 3 3 1 3 3 3 1 3 1 1 3 2 3 2 1 3 1 1 1 1 3 1 1 1 2 3 1 3 3 3 3 1 3 2 1 1 2 2 2 3 3 3 2 2 1 3 2 1 3 3 2 3 3 3 2 2 3 3 2 1 3 3 1 2 3 1 3 2 3 1 3 3 3 2 3 2 1 2 1 2 2 1 2 3 1 1 2 2 1 1 3 1 2 3 2 3 2 3 3 3 2 3 2 1 2 1 1 2 3 1 3 1 1 1 3 3 1 1 2 3 1 1 3 1 1 1 3 3 3 1 2 2 3 2 3 3 2 3 1 1 1 1 2 1 2 1 2 1 2 2 2 3 2 3 3 1 2 2 3 1 2 3 1 1 2 3 1 3 3 3 3 1 1 2 1 2 1 1 3 2 1 1 3 2 3 1 3 3 2 1 2 2 3 1 2 2 2 3 1 2 2 1 3 2 2 2 1 2 1 3 2 1 2 1 1 2 1 3 1 1 1 3 2 2 1 2 3 3 1 2 3 3 3 2 1 3 2 3 2 3 2 1 3 3 1 2 3 1 3 1 1 3 1 3 1 2 2 2 3 3 2 2 1 3 2 2 3 3 1 3 3 3 1 1 1 2 2 2 3 1 3 2 2 1 3 3 3 1 1 3 1 2 2 2 2 1 2 1 3 2 2 3 3 1 2 3 1 3 1 2 1 1 1 1 1 2 3 1 2 1 2 2 2 1 2 1 1 1 2 1 3 1 2 1 2 1 3 2 1 3 2 3 1 2 1 1 3 2 3 2 2 3 2 1 1 3 3 1 1 1 3 2 2 1 2 2 3 2 3 2 2 2 2 1 3 3 3 2 2 2 3 3 2 3 2 1 3 1 2 2 3 3 1 3 2 3 3 3 3 1 1 3 1 1 1 1 2 3 3 1 2 3 2 1 3 3 1 3 2 1 1 2 2 2 1 3 3 1 3 1 2 2 1 1 3 3 2 1 3 2 2 3 1 2 2 3 2 3 2 3 1 3 1 3 1 3 3 2 3 1 2 1 3 1 2 2 3 1 2 2 1 2 3 3 1 3 1 2 3 1 1 2 1 3 1 2 2 2 3 1 1 2 3 2 1 1 3 2 3 1 1 2 3 2 1 3 2 2 1 3 3 3 1 1 3 1 1 2 3 1 2 2 2 3 2 3 2 2 3 3 3 1 3 2 2 3 2 3 1 2 1 1 3 1 2 3 1 1 2 2 1 2 2 3 2 1 2 2 1 1 2 2 3 2 1 1 3 1 3 1 1 2 1 3 2 3 3 3 2 1 1 2 2 2 3 2 3 3 3 1 3 3 2 3 3 2 2 2 1 3 3 1 2 2 3 2 2 3 3 1 2 1 3 2 2 2 3 3 3 2 1 1 2 3 2 3 2 2 2 3 2 2 1 3 3 3 1 3 1 3 1 1 1 1 1 2 1 3 2 1 3 1 2 3 2 2 1 3 2 1 1 2 2 2 2 1 2 3 3 1 3 1 2 1 2 1 2 3 1 3 2 3 1 3 3 2 2 1 1 3 1 2 2 2 2 2 1 3 3 1 2 1 1 3 1 1 3 2 1 2 2 1 2 1 3 2 2 2 3 2 2 2 2 3 2 1 2 1 2 2 2 2 3 2 2 2 1 3 3 2 2 3 3 2 3 3 1 3 2 3 3 3 1 3 1 2 1 1 3 1 1 1 1 2 1 2 3 3 1 3 2 1 1 1 2 2 3 3 3 3 1 3 2 3 3 2 3 2 1 1 3 3 1 2 3 3 1 1 1 2 2 2 2 1 1 1 3 3 3 1 1 2 2 1 2 2 2 3 3 2 1 3 1 1 2 1 2 2 1 2 1 3 1 2 3 3 2 2 2 2 1 2 2 2 2 1 2 3 3 2 3 3 1 2 1 1 3 2 3 2 1 1 3 1 2 3 2 1 2 2 1 3 2 2 1 3 3 1 3 3 3 1 1 2 3 2 3 2 3 2 3 1 2 1 3 2 3 3 3 2 2 1 1 1 2 1 1 1 1 1 1 1 1 1 2 1 1 3 2 1 1 2 3 3 3 2 3 1 1 1 3 2 2 2 1 2 1 3 2
s 389 928
c 29 2
s 96 393
s 668 879
s 193 988
s 580 760
c 456 2
s 255 377
c 552 1
c 496 1
s 278 515
c 525 3
c 396 1
c 47 2
s 4 747
s 179 580
s 82 171
s 882 977
s 609 967
c 508 3
c 837 2
c 931 2
s 268 937
s 33 878
c 426 1
c 248 3
c 576 3
s 365 459
c 668 2
s 775 881
s 901 992
c 377 3
s 66 792
s 232 676
c 539 1
s 167 747
s 295 722
c 454 1
c 206 3
s 438 845
c 975 2
c 843 1
s 103 727
s 157 783
c 248 1
c 425 2
c 878 2
c 247 1
s 118 936
s 611 976
s 3 392
s 243 674
c 225 2
c 40 1
s 409 928
s 378 706
s 597 710
s 456 955
c 601 3
s 374 770
c 669 2
c 289 1
s 113 234
c 213 1
c 612 2
c 746 3
s 488 679
c 1 1
c 65 1
c 209 2
s 89 216
s 715 859
s 158 160
c 606 3
c 664 3
s 555 638
s 26 480
c 915 1
c 518 1
s 33 716
c 457 1
s 108 669
s 474 546
s 883 897
s 410 576
c 374 3
s 358 890
s 738 873
c 157 3
s 35 920
s 178 886
s 484 511
c 128 2
s 240 938
s 283 631
s 107 340
s 477 964
s 148 254
c 202 3
s 492 761
s 186 360
s 533 588
c 810 1
c 447 3
c 267 2
c 915 3
s 47 728
c 290 2
s 376 780
c 796 3
c 670 3
s 736 879
c 998 3
c 442 1
c 326 2
c 568 1
s 86 499
c 867 3
s 402 764
c 417 3
s 349 698
c 212 1
c 576 3
c 919 3
c 937 2
s 176 725
c 165 3
s 57 498
s 88 97
c 864 3
s 368 579
c 343 3
s 315 575
s 560 658
s 485 565
c 902 1
s 615 827
s 245 726
c 964 3
s 217 239
s 43 645
c 334 3
c 585 2
s 252 821
c 933 1
s 165 331
s 141 513
s 228 348
c 243 3
s 396 978
c 504 3
c 336 2
s 795 816
s 218 319
s 163 975
s 291 701
c 441 2
c 481 2
s 754 854
s 496 890
c 119 2
s 112 492
c 855 1
c 317 3
c 492 3
c 70 1
s 735 903
c 177 3
s 445 507
c 1000 3
c 468 2
c 291 3
c 791 2
s 10 922
s 137 724
s 560 591
s 493 701
c 874 2
s 214 435
c 772 2
c 33 1
c 230 3
s 696 737
c 98 1
s 41 939
c 229 2
s 593 898
s 11 367
c 931 3
s 44 575
s 179 521
c 31 1
c 125 3
c 583 2
c 869 1
s 33 457
c 699 2
c 490 3
c 785 2
c 754 2
c 745 2
s 229 640
s 134 779
s 671 849
c 877 1
c 996 1
c 351 2
c 69 1
s 645 965
c 720 2
c 289 1
s 266 451
c 880 2
c 142 2
c 453 2
c 728 1
c 267 2
c 653 2
s 346 476
c 970 1
c 14 1
s 414 484
c 678 3
c 233 1
c 930 3
c 716 2
s 92 705
c 419 3
c 527 1
s 512 833
c 61 1
s 652 966
s 153 641
c 1 3
s 28 279
c 186 3
s 109 127
c 265 3
s 563 640
s 193 521
c 413 3
c 141 1
s 862 998
s 618 884
c 393 3
s 252 914
s 158 355
s 121 974
s 63 886
c 101 1
s 18 526
s 956 968
s 118 553
c 296 1
s 266 808
c 829 3
s 774 784
s 519 970
c 574 2
c 439 2
c 896 2
c 358 2
c 642 2
s 57 263
s 36 979
c 907 1
s 308 553
s 669 852
s 111 246
c 631 1
s 364 988
s 276 604
c 369 2
s 3 696
c 413 3
c 331 3
s 281 576
c 948 1
s 330 449
c 792 1
c 944 2
s 222 497
s 103 327
c 398 1
c 241 2
c 350 3
s 25 770
c 634 1
c 645 1
c 801 3
s 317 789
s 827 888
c 6 2
c 752 3
c 119 2
s 355 893
c 34 1
c 591 3
c 843 3
c 924 1
c 494 2
c 487 2
s 740 984
s 698 933
c 602 1
s 737 945
c 726 3
c 926 3
s 424 905
s 199 850
c 849 3
c 650 3
s 719 867
c 817 3
s 277 674
s 1 370
c 648 2
s 578 669
c 778 1
c 400 1
c 756 3
c 889 2
s 622 653
c 345 2
s 685 816
s 99 648
s 42 386
c 817 3
s 10 52
c 628 3
s 61 170
s 149 899
s 56 568
s 515 983
s 1 993
s 119 381
s 245 986
c 459 2
s 95 204
s 38 567
c 772 1
c 117 1
c 702 1
s 36 425
s 389 402
s 86 357
c 632 1
c 170 2
s 152 610
c 806 2
s 304 570
s 244 513
s 231 364
c 788 3
s 396 477
s 750 956
s 35 119
s 418 909
s 694 736
c 917 1
c 195 3
s 460 501
s 956 997
s 931 980
s 360 644
c 888 1
s 430 903
s 36 638
s 98 503
c 787 1
s 621 794
c 301 2
s 549 553
c 474 1
s 22 267
s 103 565
c 126 3
c 140 3
c 374 1
c 332 2
c 395 3
c 846 2
c 867 1
s 18 832
s 153 959
s 922 997
c 241 3
s 295 977
c 128 3
s 243 678
s 511 622
c 98 2
s 688 770
c 712 2
c 644 2
s 168 274
s 221 701
c 884 3
s 775 793
s 533 995
s 38 362
c 15 3
c 870 3
c 867 2
s 66 653
s 45 252
s 306 325
s 163 558
s 82 401
s 222 666
c 233 3
s 499 528
c 928 1
s 197 259
s 28 704
c 950 2
s 518 782
s 169 472
c 659 2
c 687 1
c 803 1
s 356 756
s 379 578
s 76 470
c 726 2
c 767 1
s 708 814
c 768 3
c 713 2
s 544 887
s 864 957
s 278 798
s 660 782
s 581 727
s 458 945
s 37 744
c 867 3
s 14 84
s 220 481
s 170 275
s 31 40
c 874 2
c 532 2
c 541 3
s 345 542
s 102 668
c 523 1
c 557 3
c 287 3
s 643 966
s 618 764
c 986 1
s 652 766
c 314 2
c 850 1
c 488 3
s 913 925
s 119 145
c 397 3
c 538 1
c 964 3
c 645 1
c 772 1
s 61 873
c 1000 1
c 194 1
s 50 944
c 102 1
c 861 1
c 299 3
c 761 3
c 999 1
s 712 945
s 152 397
c 628 2
s 297 946
c 458 2
s 462 909
s 247 885
c 702 3
c 374 1
s 340 398
s 219 285
c 104 2
s 222 710
s 75 616
s 554 836
s 316 484
s 45 917
s 64 272
s 527 849
s 265 538
s 102 306
c 984 1
s 9 459
s 790 818
s 303 678
s 320 971
c 786 3
s 608 843
c 370 2
s 158 443
s 38 322
c 475 1
s 141 153
c 713 1
s 58 200
s 292 458
c 719 3
c 668 1
s 532 636
c 803 3
c 248 2
s 379 988
s 360 926
c 901 3
s 31 387
s 126 194
c 974 1
c 228 3
c 346 3
c 222 2
c 972 3
c 668 1
s 551 797
s 486 981
s 46 961
s 198 591
c 833 2
c 772 1
c 288 3
c 790 1
c 860 3
s 650 771
s 92 556
s 120 742
s 275 909
s 151 773
s 429 773
s 405 924
c 87 3
s 695 876
c 779 2
s 718 824
s 383 907
s 470 800
c 216 2
s 644 702
c 320 1
c 482 2
c 488 3
s 73 587
c 671 3
c 805 3
s 342 848
s 415 457
c 234 3
s 60 979
c 634 3
c 961 1
s 380 689
c 43 1
s 482 547
c 341 2
c 309 1
s 358 667
c 788 2
s 367 723
c 372 1
c 20 2
c 855 1
c 741 3
s 770 784
c 769 3
s 390 721
c 980 1
s 587 804
c 589 1
c 302 3
s 132 426
s 664 822
c 374 2
c 530 1
s 270 749
c 262 3
c 916 3
c 28 3
c 412 1
c 502 3
s 421 991
c 586 2
s 57 107
s 722 828
s 685 734
c 147 2
c 394 2
s 386 882
c 930 3
c 5 1
c 113 3
c 228 2
s 507 602
s 733 754
c 891 3
s 663 837
s 28 846
s 308 330
s 876 939
c 218 1
c 274 2
c 542 2
c 102 3
s 85 802
s 35 186
c 539 2
s 452 462
s 111 961
s 452 799
c 816 3
s 67 406
c 983 1
s 198 758
s 22 672
s 471 946
s 241 243
c 764 3
s 563 946
c 457 3
s 429 916
c 556 2
c 781 2
s 127 696
c 861 1
s 852 951
s 282 602
s 378 988
s 788 819
c 615 2
c 574 1
c 432 2
s 423 829
c 853 1
c 5 1
c 340 1
c 556 3
s 40 768
s 436 983
s 85 145
s 117 612
c 164 3
s 110 248
c 566 1
c 495 3
s 219 901
s 551 850
s 33 250
c 11 2
s 416 844
c 378 1
s 827 946
c 318 2
s 4 405
s 117 155
c 205 3
c 524 3
s 207 360
s 176 809
s 552 928
c 957 1
c 743 3
c 926 1
c 167 1
c 849 2
c 110 2
c 454 2
c 25 2
c 312 1
s 41 494
s 591 819
c 81 3
s 646 835
c 238 1
s 270 891
s 93 807
c 663 1
s 192 437
c 178 2
c 385 2
s 354 515
c 155 2
c 362 3
c 959 2
c 698 3
s 274 371
s 166 197
c 666 1
c 622 3
c 701 3
s 567 938
c 477 3
s 529 657
c 470 3
s 179 280
c 172 2
c 424 1
s 75 384
s 772 856
s 544 914
s 73 367
s 712 767
c 769 2
s 220 880
s 98 145
s 653 841
s 60 841
s 465 811
s 905 963
s 749 870
s 13 837
s 255 279
s 294 631
c 969 2
c 582 1
s 326 552
s 29 560
s 219 560
s 684 705
s 623 927
s 235 959
s 825 831
s 488 967
s 14 466
s 627 990
c 819 1
c 449 1
c 785 3
s 59 968
c 875 1
s 99 102
s 484 855
c 436 2
c 302 3
s 845 922
s 316 659
s 62 431
c 910 2
c 506 3
s 810 971
c 10 1
c 694 2
s 491 513
s 145 610
c 697 2
s 113 224
c 540 1
s 445 645
s 94 182
s 402 508
s 113 947
s 134 756
s 82 118
c 481 1
c 152 1
c 348 1
c 455 3
s 687 956
s 588 871
s 464 609
c 916 1
c 414 2
s 45 398
s 146 933
s 226 768
s 793 838
c 952 1
c 84 3
s 119 673
c 141 2
s 255 319
c 666 1
s 113 608
c 958 3
s 113 157
c 559 1
s 802 812
s 27 820
s 715 826
s 298 747
s 273 459
c 550 3
s 307 923
c 618 1
s 430 702
s 69 320
s 287 781
s 286 937
c 257 1
s 579 930
s 235 269
c 130 2
c 911 2
s 38 187
c 774 3
c 538 2
c 711 3
s 697 984
c 636 1
s 104 118
c 758 3
c 149 1
s 15 312
s 458 964
s 61 189
s 615 647
s 161 498
c 730 1
s 121 186
c 7 1
c 853 2
c 943 2
s 715 932
c 494 2
s 127 829
c 877 2
s 99 999
s 298 595
c 547 1
c 965 3
s 167 310
s 449 553
c 806 1
s 163 821
s 305 691
s 780 942
c 752 2
c 130 1
c 971 2
c 114 3
s 103 699
s 177 212
s 722 831
c 298 3
s 419 732
s 343 643
c 517 2
s 537 617
s 137 174
s 179 876
c 839 2
c 415 3
s 149 722
c 481 1
s 150 502
s 357 812
c 934 2
c 251 3
s 59 303
c 578 3
c 164 1
c 418 2
c 585 1
c 132 1
c 487 1
s 272 963
c 676 3
c 475 3
s 36 982
c 181 1
c 115 2
c 853 3
c 333 1
c 62 2
s 380 776
c 572 3
s 2 590
s 146 422
s 478 806
s 588 770
s 95 979
c 397 2
s 64 545
s 410 731
s 226 239
s 630 944
s 234 288
s 241 769
c 722 3
c 50 2
s 253 899
s 758 958
c 771 1
c 750 2
s 115 969
c 394 1
c 192 2
s 22 668
s 498 771
c 393 1
c 292 3
s 38 714
c 772 2
s 82 666
c 832 1
c 318 1
s 167 487
c 693 2
s 369 489
c 135 3
s 507 575
c 740 2
s 810 969
c 296 3
s 366 586
s 396 589
c 222 2
c 949 2
c 357 1
c 584 2
c 857 2
s 835 907
c 717 2
s 202 611
s 588 975
c 681 3
s 450 967
c 415 1
c 355 1
s 185 509
c 520 1
s 276 755
s 221 668
s 138 821
c 81 1
s 648 709
c 371 1
c 435 1
s 63 410
s 333 696
s 432 645
s 366 566
c 712 3
s 709 827
s 218 983
c 115 1
s 204 402
s 1 177
c 955 3
s 311 540
c 490 2
c 684 2
s 573 639
s 225 323
s 23 562
c 714 2
s 413 429
s 882 971
c 149 1
s 591 979
c 257 1
s 176 278
c 472 3
s 180 570
s 548 831
s 668 843
c 631 2
c 927 3
s 81 141
s 130 543
c 540 3
s 14 631
s 724 909
s 289 456
s 467 860
c 916 3
c 311 2
c 295 1
s 389 633
c 539 1
c 790 2
c 632 3
s 323 586
c 968 3
s 68 651
s 206 506
c 655 3
s 29 790
c 767 1
s 581 757
c 735 2
s 559 604
c 498 2
s 222 646
s 438 576
c 615 2
c 684 3
c 529 2
s 51 921
c 421 1
c 280 1
s 453 792
