139290405
757962250
627780237
485357505
658689344
486147088
854761352
631119586
817772672
846056306
997571988
490151900
603992025
327099274
193551780
646000931
869253441
401943990
984351220
726876806
869639530
9037613
643309927
412132718
601598411
471018461
962743979
290455977
160491120
570688598
422270667
144899896
659385666
648959643
830555277
844813474
268177748
305362914
237167140
714151264
533119188
453476276
222024494
44583969
8516385
539697480
544711761
694274116
555449337
802279167
659209154
341156671
922398329
226199970
349112306
382298296
534284828
584776461
340166851
239088884
578790123
87447642
726141596
478727182
681947324
578120758
710738468
729646264
643943558
714384079
499537997
976702516
353284363
889060131
720903352
183897913
836135122
984987302
746994696
196841436
947296494
683827057
914018402
222086444
34926819
969888696
231734563
367584906
444465690
26222889
815652040
180110327
397128456
774615368
706536090
424626463
88371952
546137114
210289532
224634453
573190513
875256315
689897381
914309885
351965901
955781753
955383979
472913954
634923205
566471600
444953101
378949756
226836887
448423706
503470062
641278838
508726107
316028785
848822835
288828412
229499746
867416191
901788789
693408701
407904565
694472676
188290909
833958866
224198798
259717542
631598644
937980437
630157567
195301169
305842604
631411490
989689537
567979235
924296014
943662603
976210540
387914688
245639582
751712666
33664533
568088849
538058071
939292978
599814456
327266680
183984637
418211473
686728819
570889462
543425721
52590831
821569902
583777560
247824641
363755637
370445225
558854222
828521948
900784153
731280443
545025559
540801567
440928936
583460136
357499369
540246522
976495666
781289224
490102593
191549132
78127789
778355638
523774700
2072369
959301137
185889135
672507123
21517115
555234994
267450138
462309722
36965539
837072028
910599643
759559692
463086910
324985485
730927293
977174447
397343740
543045122
738413529
558453614
505136219
891709910
260742735
688433140
879331011
698015160
401156614
220337171
394500065
33224410
713386460
667571488
362616160
724514064
755236736
229356699
141214263
622309222
327071560
104759240
732894621
686089903
200359531
881059804
249152621
134966092
639578960
496884998
87177996
88676354
672271321
594136586
579314842
924941044
776042040
694943947
38330301
536575920
20668599
234953604
780069214
579194834
435323558
127928925
331628064
745963041
114323340
270310785
555128194
692960020
553186793
645281801
685918286
987823435
288218181
972035125
96097473
618269406
329829121
865467912
180344960
286812489
937645549
487190295
866972169
117844456
467818481
704260684
412092372
322075263
47442368
785103905
712775882
571376604
345947146
25530794
182939329
85879629
132954902
851966995
631557624
707748836
971226895
333582689
946570238
672575722
293701159
714689567
957139125
906450736
870644457
79205131
745798455
69874472
973105556
970813872
810848480
922260547
535358143
536681101
526051024
944291950
977391811
515289699
340881020
457857579
348643232
146121579
779481059
975926084
350039917
819868749
472450625
935571141
802322518
808964299
252908374
118824555
193314235
420072951
346290313
725250067
601159699
374617122
318829424
707935793
748644767
678711385
523861063
514548601
841251432
379854861
37393669
873117144
662168625
714077740
236030570
804818111
978676009
867799060
884587092
537483040
829357422
809836775
424132702
484798331
774418936
444728012
852052014
739099258
655390839
221682392
760467343
144680881
104194450
249639350
623609604
271781635
248241297
973342386
756029966
192057746
696496549
608496480
997639023
453645927
644301217
351701004
707578001
283890392
526441083
545336419
254285450
230114585
711692110
594194436
505037219
899484012
373987428
33488750
181480842
389753850
651019548
215499125
327251577
321242273
867217000
95618395
781642291
782817973
30875565
91714523
365649961
848839163
979955828
816044470
344416226
277171168
658178738
255320470
409619313
935399955
928789025
747886749
447881528
997551239
878417445
972830773
487006728
341190792
681798452
215545777
878273382
859875781
688579732
858834098
106112118
87040835
897648962
646408761
660481046
683334995
967322412
563361748
438933054
157140063
917044298
119266180
727167726
435600517
322455709
24001235
933895546
694336469
325283814
878066099
500412224
415965654
31197447
838991940
708785558
572526666
199393356
764810701
24843754
809326475
220425799
520874135
695257318
871647378
570217527
662850820
434693532
902225683
769120633
766492900
281443945
517321762
362571064
738714808
808442117
30354101
129858514
873314236
836674435
270289789
488292023
736135616
766668459
924787733
132421542
276803557
366145266
540551237
380533899
368100037
243862306
422092658
985921759
614645626
688175052
884301312
904186104
488531329
874836056
373320358
191091808
105033930
153537682
128513018
853883533
88706340
242668656
921835083
205371533
684891191
64641593
591250642
58900026
450080199
727672533
3137278
710059952
646719223
213075557
216200417
556762777
968085644
175660681
295367230
253976696
326398914
721646733
379894236
237687980
899376486
115516578
408405100
225936383
320844588
457574399
550985050
367616237
148874221
259350619
439929619
93945926
39802438
50980495
841691357
166428119
890382737
265331658
801478517
504920887
198610780
720472845
734662975
634628101
592619320
912751548
717368100
108283211
451583581
338377396
373441051
929876216
438881108
388054791
393722363
717857174
930530018
101435893
123670696
776708497
890185622
343358135
289024583
72020
603072058
60481032
455601609
557592847
572579358
954828855
816831312
691297962
807158628
989831694
424480930
706433002
946598335
152896931
62867119
766963195
60229371
179892992
966077027
439415487
108173167
338081997
825910884
321947766
713031030
928537462
231215820
42062054
306055083
961228519
381919324
969240634
680618159
649233426
546339212
287376644
789187458
264585079
834978863
856052137
193316456
418830330
944032076
391199139
440587505
477496843
382622295
762020615
22333820
214552881
200898704
833964914
452360844
790091986
420343124
874910058
167160395
395609386
479097450
153124528
323008943
277990844
910303196
618281566
893850387
650284771
773448830
777059386
225142950
331424512
563786587
988329195
552968878
294259108
286683607
168990625
914481795
923129595
773298225
916208613
947266279
399256932
725371483
728874963
212610283
526549705
622164782
106012567
194827155
842490912
39766567
330559967
625728603
103779618
103160062
596183643
85272971
457142654
410532044
252058897
980039473
474823089
114642310
959210491
353818297
367341345
414454041
692434770
412548458
960170609
877285578
314934098
931342424
647346153
158150096
465960150
613665945
979764266
735375052
9014075
978727041
551505841
230401539
191155700
441599768
226854721
370329118
878486080
385841242
528722468
729793862
484723269
83129773
827835442
132176873
216140116
947484675
224389517
472425072
681813308
769244882
250230471
733124250
871606745
117118068
504594389
165700540
372131726
706306791
774731280
812231011
91784820
291549398
879995075
439134274
298882903
868277636
257965980
464474513
46614677
230704693
685274053
461475531
453054906
432155170
246991822
900980751
755539271
579477760
740059159
508711086
520514827
820545156
814772886
584075673
181701553
712133323
165731551
266552024
101672148
512475179
710958521
353129825
119597443
551729086
271482431
900968543
146731725
784353744
97136210
781453335
42064145
137831413
158077812
491912339
909645224
718882216
861008509
742417226
794052654
372661618
963107015
294074416
273091944
774246670
581088891
709391635
354110256
623034416
137802495
814506564
318170199
136001155
58880059
158913281
688130954
414357626
969599442
894521323
722787968
842201853
138495625
729589588
556835328
247507621
516802746
310398881
82617574
863772992
480884341
27470059
391571388
925181861
302211498
191772044
210261152
122581804
893234128
511006901
570539513
152189821
177871299
573028316
673189711
293775675
943839213
308312220
692686020
705149736
991925672
709207167
63126349
636486153
953047335
919966013
330203091
509481793
696796521
639708763
208075076
615830590
203982121
294514747
988038563
930231438
273578321
809955797
797229172
330589302
785088426
740023165
582175877
50303583
931149835
774539477
114288957
83529265
568775720
505529626
330954992
345152794
902074461
866588255
299245039
441309528
585534329
287730854
758620493
390625612
977233446
646376776
528003887
53370149
325572370
118805106
845387951
337043756
492533106
272317817
347588755
258702347
12576964
858741311
218708667
485142304
980113423
443146284
469808380
392721326
213489577
990896316
109234082
405330974
260762690
705021158
630589747
958316551
632966192
535444918
504202674
615302132
344557007
417754081
717879322
412713934
232978360
585574375
841233394
49753609
645780627
509352345
430638145
98776196
419099478
369007789
283649791
436105368
382334277
481561632
168774205
912219994
259638033
610718065
375927476
712338439
570210883
712664901
156861707
250800834
530445
753900999
397702482
365793539
21814285
850087600
285163474
64789051
413865441
378465883
627909583
23770287
725634324
200190836
392279667
501209845
496065937
179789214
792674456
14071710
302169404
752697633
523667391
435774900
225914989
630011410
29247246
314285662
31148084
839082354
116760689
584564548
521542090
145149463
253943909
880998708
673141540
768241905
311543711
428837599
972273076
777327597
505927241
51214697
433736094
755370747
744889634
884761642
590506824
497386663
927305814
866488417
432912463
434335766
331751289
873526779
925651479
685866137
268220408
582697373
244321889
69500652
743513709
7098397
96544060
16423829
612581442
764787341
601134532
321542157
244398400
528568799
82210200
881897816
231189226
287717459
12789003
908351738
621209868
55346496
768327682
553718110
410122171
707344389
383732763
79508450
886508893
37200115
399970191
