281785864
357541044
104822827
117191558
891888347
445951778
15800188
233853219
715779452
892461555
879569250
534593716
714431307
568316723
990769262
345488460
989428547
443565714
179668697
904905784
989841625
591632081
721380027
323114110
844193247
445217303
820615464
712457757
411129315
396481535
222443877
897813158
175759236
926923254
922391639
470622979
582827062
446375012
759620580
596924894
825644316
754385976
900803018
783138508
409283334
737687911
580269910
32145249
477057692
335667810
662219212
635717542
380143642
616559452
720842538
720433366
528131134
634824992
682215920
76977199
81817085
873427843
869780448
127541680
594509578
88888626
645451165
411184126
490957568
348410458
346287021
213310159
670168339
361401413
79581112
928884470
926689046
346946995
937302217
746519748
473152296
530499596
479597912
560043739
198565219
105868259
580575482
26331613
537031230
42030065
703369452
855815374
479963434
30570691
133792571
912119867
192758391
972428024
303078168
972206397
954568009
128066322
364409384
197344956
862463042
92110060
254400915
23792737
408061942
140769076
568676401
936649287
667793870
933024525
418055207
566303109
41748545
469738272
222965869
564527898
559394017
36319858
191081301
739423150
51449307
258722084
31565492
861658405
795276104
32803822
351059657
389641630
479226537
706150664
852161581
346208253
910548346
64295577
69162894
844235553
649690245
516760578
766775862
818398562
309080412
243694496
385405082
712020278
861288564
748403761
481983974
369068876
877205036
284771842
546445907
781012601
126427858
679738092
155256642
957247058
593044137
80354251
543641893
27755445
623984211
928995417
706857660
136840631
135479985
995256251
561239535
419508285
505709308
470111100
388726942
635544178
294494967
755799110
629277040
247561749
600105467
85753457
176187808
298064200
391514481
933984089
239421067
799874879
637581049
59341765
706248758
827168065
865414547
124006745
647340727
243864632
776758533
362967040
665324631
692167517
794442848
366708266
120045451
295517590
28122513
411813993
729573733
735872958
261798285
437789552
30198073
267553734
152303384
657821055
811716628
779830178
131945516
775674339
41576090
563090740
721356597
369099943
149250286
753299640
655730941
493478257
912930499
214607036
685279657
863299144
496539619
951855910
863423418
558722572
134164657
281272087
180616185
744090528
959717466
69115260
455480837
357351953
683017246
253654505
937440543
254333571
803400847
686778072
112638158
629824035
690594126
889109741
83736894
751528018
985297981
729653688
591237757
422538253
782356922
873786968
346940933
888092120
757779256
383406530
295832896
694487229
675057961
817155365
658591038
435555797
903376501
796075772
69960527
513953816
729740886
74627008
933592556
104143905
103632466
527727236
448173795
674548809
773224245
713617404
924448858
200589852
301253260
476520995
573735060
673664423
136049518
595462137
111154909
316063799
570910764
23079821
91484667
936682810
136158199
262503945
360721071
127693634
522616775
762056421
713439822
622926260
377700993
287840042
220743574
683512568
19121070
437260472
63554520
882819567
813246020
122380758
366906016
223766059
685595125
660390207
401376433
944721522
767871146
757962288
208814196
622229260
922014429
413384435
222600659
78191396
135171308
771117636
996644665
289966577
74308868
808893798
663537518
949470670
739699017
319317235
100337354
453420872
663002347
225275622
47770394
376383933
388816164
8858474
946203622
231162381
835629740
124155830
414876580
231178338
48441974
493798217
682557669
7057173
626104653
834889135
890492889
767928796
811774175
393382896
766982907
114099957
678232770
394464254
568982301
52681612
667752475
200687782
76706745
710986358
877376904
580052549
866946933
212926493
217781369
368746213
856970976
425193364
67967935
469542480
714938285
877750399
264524052
185251250
235180480
275502370
73478315
705291648
940447976
663546178
45060112
846709246
642373092
765447909
951419862
260920823
91483461
772398064
817408433
951360432
804171364
60396396
547357179
210641298
437019901
933419570
380087280
331162702
878629618
473061523
63907978
451113597
71687533
691916304
336068384
218306138
976921651
55442341
438090194
972531055
99183776
195881466
272428874
8447279
568764320
150374817
626384080
509081455
758065808
425761938
183851119
716864335
2189301
742809089
258263763
997830915
380464880
443379053
427961221
750031390
269165693
48057236
196523258
158642440
250524964
173793761
103129035
927930788
358014764
205329288
722777019
933970927
806201136
46417042
102951046
482080540
801706412
630817314
445581386
697091827
74090327
701325260
980588794
522886638
846867496
710750966
662098745
7547287
741616957
88125461
144113713
11818655
234954172
494225161
197727623
778013730
350844386
432373880
917187094
951845893
109286567
35895857
174262170
112725161
347935151
954914586
812779170
599383161
728496789
180604048
297111935
799281406
232255347
766670856
72530533
197294386
786645049
743977376
215177300
552607510
325040369
344461212
270017071
735567040
932167952
517235800
779810607
339645751
695062595
415281889
529467685
897697633
271391914
559976799
695699778
984130023
708279581
126144140
87646148
560672171
353872294
578379712
906679966
196741668
991688202
635999171
514199011
419906414
418781554
587811161
372606968
234224107
984788685
272588210
885150944
738959138
831570688
970343822
567186233
275887598
258038603
970272882
709004969
339849154
656886498
340909065
503007734
178095009
960014788
256403917
902761000
292791256
160312800
514956093
872940971
150270742
720311056
73547668
748152987
797107360
227663195
642910032
11930877
758736722
381286740
465561358
680535066
454141909
699967627
455146420
440491222
139031289
938616440
705014071
851047623
137126661
57614919
316280560
727916906
324697711
144541435
352385910
84184151
477415921
836887143
787243666
728749487
829070214
640970542
845202893
808477712
635033486
548212792
119411092
745041555
463726154
96944830
268495988
32266951
871483105
83720010
563132840
146611709
841299296
530576500
504268261
798034378
219718136
595288191
754053071
953834440
885733144
384400264
353751104
988344862
192921501
396826820
11375706
840555295
478091747
142355790
986577216
369386412
859259848
852741166
435698583
748604008
838540817
246375708
606687085
940962981
249182494
16722828
656409498
625812421
189782462
259240727
145587869
934063345
490240364
720192343
680711514
351496717
126969102
567687563
512401444
668632999
677188738
370016855
757915919
270113582
678836981
766088934
380154641
229278523
582590665
746657606
576319257
810015045
473859327
995764176
435704754
85532206
182473389
188257762
268593091
228704549
141382316
45667330
269950412
342463443
364563443
456023973
703304339
920428566
239670360
966758632
288864074
729429374
404676634
239321373
287482817
896243928
189271111
993439797
457770124
500146973
860387027
659024671
538970557
316571911
946086160
362936532
473389766
734888194
969572497
220372400
23293067
253848095
194344607
712414893
483069429
660919040
152354964
112271224
469732236
736463149
839379613
150308950
525376881
652415916
591495338
165212440
265861474
303528673
891671248
587919073
771337641
389557657
955234833
780179681
371246694
754230393
259838203
672713541
101903216
279771233
459052986
705101698
391444061
252962755
344212480
224121970
16101573
713381777
458687698
850156470
429348665
9599174
899945997
486398968
874108637
561847015
638275634
900051741
945589389
717823064
448796830
55161341
53933728
335794428
622982398
897843627
530446650
399788086
492745260
293530102
629467387
367196564
990842847
409992930
209491747
856691338
67319155
901247606
935358860
782961344
974392072
782674565
418820902
185423931
968337841
363370516
277392761
877012199
158992263
568669550
42068089
214440329
701793559
171968981
967605086
413000796
395565769
620339475
614366919
237220569
74990208
901363112
678780568
231092591
657285676
30035638
445826514
436839003
433767631
337991657
630723271
107982639
969175470
952133092
958709829
640929114
600927666
957728765
544419598
825569842
149061133
703916139
219849069
408869021
959281811
407156596
69737217
754202539
915640805
358378313
621214255
3407739
937200320
640194677
559254079
613159788
386152712
476813374
80443216
776413154
697592783
619554211
433624228
382252852
267150915
554721004
746067342
255165705
531283656
165699699
922364539
247185670
72185264
79527705
743407309
870214559
423816189
511204141
361606148
390353483
315826397
571167043
401580569
980367193
128959689
773482344
858870819
739182871
106320466
543891383
833614556
189319068
866543133
373913408
255707518
565007015
386508889
538974406
668328379
364473878
640774908
692962641
633593519
586842477
602546561
630192480
886851948
838077020
300975227
198455066
72710748
944639555
735742481
495265392
953513015
986673432
9541814
870597794
223911354
712475060
691940239
542075102
582943447
509227217
274287059
481040701
548658033
761029160
514390298
577858951
580285616
784278488
760070869
356699195
909233082
256166157
288281091
206908700
181227434
485912075
801395460
977725486
545187938
797433079
381636937
374676825
573840767
117844499
333996793
995974755
498624867
551399433
736028485
388503230
679801006
379804213
44378996
60883452
474654124
60666579
201117645
950271103
186666302
991938387
356598207
828123471
729163705
578071722
696682994
158549358
250907815
126308735
319647110
315001691
950928993
481537418
676453030
341325672
653111121
396418879
176468349
760811921
60818197
764467200
794498629
188521065
852401413
745716918
757099422
974703662
97562592
264522001
713848742
911562071
35434748
427240019
538363906
811477868
554994622
910341342
