100 100
3 2 3 3 2 2 3 3 1 3 2 2 1 2 3 3 2 1 2 2 1 1 3 3 2 1 2 1 1 1 2 1 2 1 2 2 3 3 3 2 2 2 2 3 3 1 1 3 3 2 3 1 1 2 1 3 1 2 2 1 2 1 2 2 3 3 1 2 1 2 1 3 2 2 1 2 2 2 1 2 1 2 1 3 2 1 1 3 1 3 2 2 3 1 1 2 3 3 1 3
s 47 88
s 6 98
s 46 74
c 4 2
c 98 1
c 30 2
c 69 1
s 42 92
c 22 3
s 57 87
c 51 2
s 10 93
s 9 93
c 32 1
s 14 85
s 72 85
c 27 1
c 59 2
c 17 3
c 1 1
s 28 57
s 29 74
s 25 44
s 40 58
s 58 90
s 23 90
s 45 69
c 85 3
s 12 30
s 42 82
c 68 3
c 59 1
s 70 97
s 66 73
s 54 96
c 65 2
c 62 2
c 2 2
c 72 2
c 30 2
s 43 75
s 11 14
c 10 2
c 60 2
s 4 66
s 33 66
c 23 3
c 37 1
c 99 3
c 81 2
s 11 45
c 92 2
s 47 100
s 15 91
s 4 17
s 17 62
c 78 3
s 42 81
s 14 41
c 7 3
s 38 46
c 73 1
s 37 98
c 86 1
c 77 2
s 73 75
c 34 2
c 6 2
c 18 1
c 80 2
c 88 2
s 61 93
s 4 60
s 17 51
s 6 58
s 24 100
s 27 62
s 54 87
s 74 76
s 32 56
c 22 1
c 19 1
s 57 74
c 50 3
c 69 1
c 6 1
c 49 1
s 70 98
c 62 1
s 3 86
c 75 3
c 46 3
s 61 90
s 47 100
c 46 2
s 14 27
c 23 3
s 33 91
c 65 2
c 84 2
