886199561
193603703
491478428
894004782
369941278
599316394
738046770
937387139
854867119
919399099
869554952
28997757
94314114
736985991
281534625
674471692
817440682
15674083
546730073
351974068
264695232
928281558
183032401
669986112
397841903
666057469
882876233
395494135
652003855
576126850
746155717
182004648
47855608
122243139
455988977
797928766
8709144
288767801
296499986
810931313
597923829
844727791
802296122
236190919
638122596
806844199
10645715
811565026
659536020
304044157
957536425
893359336
317678751
610829039
921174765
99562986
250464623
865540719
180861949
565179786
302259209
871396579
651307402
274545527
976190406
597385437
422611051
492107507
957811162
484405999
888479984
255190691
91253148
265459061
495111667
829492215
380530940
982769584
524025579
56165347
47315518
454129025
803097997
579085510
194803701
49768251
343170128
690341425
208308815
537586519
864715367
229434022
960625317
345815382
693733377
511360597
848446338
597157876
790277955
732111986
278325392
29290291
777650174
35542207
182082622
630421578
680712751
132284418
213583964
676118057
944686408
17457341
195549442
412564260
562513665
315003541
864053989
559584977
867617850
278678814
421406330
105498271
223724032
712759870
533491774
770715940
960642136
661518896
591861135
634741635
776279326
259705628
798408741
214491039
943691440
898812864
332512407
604757725
820518740
615244078
481733489
590403788
147638877
655007687
677414796
953417323
745649233
85567858
955054080
67637362
368810211
144915645
321807249
434346244
692275217
67052534
159482815
508640700
712271817
376301068
850473953
646959371
704640762
473175113
177961406
815352085
573175867
238707351
894486950
123625079
989772761
400539983
335974727
977108293
669303233
822256173
130299023
590484502
818091579
661739805
820022621
613356931
991350945
587245320
944505287
736133348
265826872
269949173
238340889
379686822
569691213
885791267
410675582
547916514
451040778
848695098
943189238
49362287
140786688
275401157
253460057
854552213
773114253
101931070
459473268
466950043
901391634
910691898
222568862
653041751
345360698
269981745
532940687
307599164
444291583
688275196
614887084
622298211
123297403
297409788
530570632
96596878
481954779
457058146
245385631
126399687
604004866
753779228
509347219
459979494
106253814
188398023
710709809
308511929
983678411
628991009
563835008
18810032
125214189
403293367
580566082
148165911
352068532
767452625
45774373
432748030
25945896
776569379
662207064
903088297
722124198
781313536
679931105
985733284
625523089
994396149
760098823
408344831
388822791
888462622
442230182
995480763
749794975
805337141
468384989
642834145
412065716
156650917
922154837
728611747
648914393
315841293
270301042
774437280
683136653
988756921
24800524
613973921
525210722
70559114
401275052
372891209
568313890
737140063
969958138
917246150
390711904
947514111
15670533
441582011
9522113
922026157
316128389
935518704
407193387
705449382
506989682
733174221
956553594
370165389
726304648
538180424
326336947
690804517
326783884
328739531
51406943
124042542
353444399
874399656
933187147
932388484
179334652
678530525
107316249
83934307
190170229
848341436
802712330
390449363
677450092
651667467
883235843
13618485
392117766
844686424
805291239
350702069
162634986
648382326
510453064
558979451
538643611
277282031
989986856
360806982
914954654
712311119
117930187
750599660
45764529
324403310
170130459
731413374
174291593
110863068
706723702
688813193
415890710
74848128
937885598
826237141
785441706
746925832
899892844
979578840
138592791
968783918
220434234
540132109
118261581
592451234
13824589
27969020
434040531
668315720
51342425
927472710
790014351
954821298
562956513
187849998
274595858
937326510
20102336
566315430
866570614
369649196
402877009
234342667
985711460
945326561
799957067
534155045
880837693
954578134
510126203
209270078
242905297
290780770
559691289
747353161
712352811
375163329
182661329
194589398
6271818
537208484
48555662
7428393
880917139
593313250
411363388
353700665
393724061
193473264
188357185
774064441
447114708
118235058
250117738
62585667
397270466
640696430
711545159
19660347
915372117
727938857
296681555
920370772
425827153
906262526
101215704
879371623
182228969
25582954
904835563
357931845
87237592
56052749
221984436
485534748
113005544
275338582
221088754
438112768
934436
501542960
154230169
347495222
809226812
363904008
432184486
57670057
376810475
480535065
986963455
668053177
460486092
321801879
846947836
373544918
635621433
955999647
256576662
218450837
536154505
842028608
825517617
399505000
298001085
217529527
884681116
709888417
434063328
216070069
551497808
148198004
10673658
575657740
182607855
520305951
626835540
745030398
17633285
517015257
351964313
679667720
683321169
536603615
980274388
747724409
741994376
9431870
523402834
65324386
104824265
740118757
404590374
907046273
125750262
647579600
86626957
743190258
25802138
267079934
764290352
143502893
638520323
85952171
678347389
436861167
109520196
247378832
47811080
198456733
486684998
538738059
757786837
369358305
433347435
32726840
230511202
38276814
98698304
727428944
818458461
418706482
995942194
21043865
753726640
36486171
972395714
28113623
582779051
442721599
293886323
237773988
757288606
419519123
604012690
680231889
132945558
953176130
605376274
610659246
509807272
231233483
122293725
584318803
514792670
471934294
905054435
415579305
639202662
78745561
83660101
563067307
501979192
353425676
581634652
736547589
183594590
1048540
356105881
483919446
130220927
306726477
137507291
438860165
745151258
777988496
633541055
256898853
212856681
885351206
398072318
980222643
315345381
979157251
380943923
440772505
901175635
426475012
401622110
21082721
178478003
538193287
366773398
844976144
552814664
784264306
169741085
95878143
312224233
277524609
113173529
628764769
413228857
956508953
676619548
788143826
521889793
538617507
506818767
865190300
580689122
221005509
316104254
165303239
287903815
996798559
920283715
409597915
25510141
589779826
53711338
850779956
220748711
222545976
340110006
998234674
936551086
331592123
77921457
947083542
73376312
468791719
877791873
12280603
164942494
192757249
737902260
35098746
511651372
192337818
129702518
225989277
362843417
399334481
355332430
392491068
408467556
143831189
899663638
17923788
960930689
109742488
246926644
680565558
627963451
714424158
25633067
648409108
771871668
480511536
659841827
524064794
624513607
379562541
513745687
158429169
390950572
989263023
667089463
996561112
392819463
102617575
226487627
478959840
256988849
550927738
727527260
427725586
7815466
976412456
774405666
818686602
652046164
887690123
614728939
55886962
362049779
710621381
207450204
530586936
319152316
552368140
806093285
939202674
198535017
97935399
197021549
735472750
571548250
593206522
476395171
228473625
586985701
655888341
68157485
891918463
354028236
846570659
985776301
125332165
235476061
317512060
549962893
542259588
685036409
531196134
117206283
533669874
549688520
428141665
915308237
880098088
401424695
289416902
34086702
868845786
962305181
960519396
984732563
588471725
45940030
621106334
67232010
485822817
582056054
663239547
48805683
669278881
101308373
915801226
613048066
600818212
29690420
396181805
832720921
316251946
851497979
789372769
84362265
838167060
303494288
68637983
80859636
201003268
51021430
722755047
280514340
106773297
381400952
715142668
176037416
138320369
365582591
939844587
53016342
716508309
586684170
328668659
199672074
718356079
658154645
591401042
953693421
806947513
82776413
843910536
980647377
645063128
579080902
177416885
412675938
377763912
452850585
8028989
354985220
251417579
411103180
37982664
788414996
527265364
669789344
975979678
625026192
372277707
257140847
331539489
120471951
370619418
738886681
239036545
371283044
525131638
289296548
410326103
706045551
403414860
381936052
672079327
225872939
783152215
877464803
499879872
695580404
364267566
145984973
359220638
682538790
61301523
206933896
265012412
862903102
569790958
799622053
146678425
890425581
577689251
557352065
400749852
164572619
956363751
372663700
624898371
308167344
246821861
561786818
695512486
266077837
659280279
454103600
919547249
610710974
274261102
390124232
836530582
18532533
204446972
208264615
920963088
422607496
71038307
632990694
940289468
791958629
768103971
594933949
98175438
174978457
276887623
856069575
967172172
967446055
194063238
247201833
6240421
195491374
365724518
417398082
44619633
384248015
142163820
474442350
583923311
1966865
374604841
60176846
512964574
954028359
697028782
559168524
831245836
697617864
526228299
296281053
611223500
412573008
455164677
888978361
835627170
309200246
867432240
629994662
583157099
893518031
871541453
339843591
543227760
736542853
199916300
985051425
183042918
552932802
741554638
568920578
275019280
907012191
558386742
768285597
453303734
328521288
132585168
701961218
808249548
304724023
1876021
54413328
80368042
357039438
384488227
210872393
411520731
776632816
150454219
466748310
123733649
474833072
636627025
51190779
898409703
779771304
495269710
301125976
67236836
743342535
772205365
163213058
