2000 2000
2 2 2 2 1 3 3 1 3 2 1 2 1 1 2 3 3 3 3 3 2 1 1 1 1 1 3 3 2 3 1 2 1 3 1 3 1 2 2 3 3 2 3 2 1 2 1 3 1 1 2 3 3 3 3 2 2 2 3 2 3 2 3 3 2 3 1 2 1 3 3 1 1 1 3 2 3 3 2 3 2 1 2 3 3 3 2 3 1 1 3 3 2 2 3 3 1 3 1 1 2 3 2 2 3 2 1 1 1 3 2 3 2 3 2 2 3 3 3 3 2 2 3 1 3 1 2 3 1 3 2 3 2 1 3 1 1 2 3 3 2 2 1 3 2 1 3 1 2 2 3 1 2 3 1 2 3 1 2 2 3 1 3 1 3 3 2 1 1 3 2 2 3 1 2 3 3 3 2 3 2 3 3 3 2 1 1 1 3 2 1 3 3 3 2 1 2 2 1 2 3 1 1 2 3 3 3 2 2 2 2 1 1 1 2 2 3 3 1 1 2 2 1 3 2 1 1 1 3 1 2 3 3 3 1 1 2 3 3 1 1 1 1 3 2 3 2 3 3 2 3 1 1 1 1 2 2 3 1 3 1 1 1 3 2 2 1 2 3 3 1 2 3 1 3 2 2 3 1 3 1 3 3 3 1 3 2 3 2 2 2 2 3 3 1 3 2 2 1 2 2 1 1 1 2 2 3 1 1 3 2 1 3 2 3 1 2 1 3 1 1 2 2 3 1 2 1 2 1 1 2 1 2 2 3 2 1 2 2 1 3 1 3 2 3 3 1 2 2 1 1 1 1 3 2 2 3 3 2 3 3 2 3 1 1 3 2 2 2 3 3 1 1 1 2 2 1 1 1 2 2 1 3 3 3 1 1 2 2 1 1 1 1 1 1 3 1 3 2 1 1 1 3 2 2 3 3 2 1 3 3 1 1 2 2 3 1 3 3 1 3 1 1 2 3 3 3 1 2 3 3 3 1 3 2 3 1 3 2 3 1 3 2 1 3 3 3 3 1 2 3 2 3 2 2 3 2 2 1 3 2 1 2 3 3 3 1 2 2 1 2 1 3 2 1 1 1 3 3 3 2 3 2 1 1 1 3 1 3 2 2 1 1 3 2 2 3 2 3 3 1 3 2 1 3 2 2 1 1 1 2 1 1 2 1 1 2 1 2 1 1 2 2 2 2 3 3 2 2 1 2 1 3 3 3 2 2 2 2 3 3 1 1 3 3 1 2 3 3 3 2 2 3 1 3 2 1 1 2 1 3 2 1 2 3 3 2 2 3 1 1 1 1 3 1 2 1 1 3 2 3 1 3 3 1 1 3 3 3 3 2 1 2 2 2 3 1 1 1 1 1 2 1 3 3 3 3 1 2 1 2 1 3 2 1 3 2 1 1 2 1 2 2 2 2 2 2 3 3 1 3 3 3 3 2 2 3 2 1 2 3 2 2 1 1 3 3 2 2 2 2 1 3 2 2 2 1 2 3 3 2 1 3 2 3 2 3 2 2 1 3 2 3 3 2 3 2 2 1 1 3 3 3 3 1 1 1 1 2 1 1 3 1 2 2 1 1 2 2 1 2 2 3 1 3 3 1 2 3 1 1 3 2 2 1 2 2 2 3 1 2 3 3 2 3 2 3 2 2 2 3 3 1 1 2 3 2 2 2 1 1 3 2 1 1 1 3 1 1 1 2 3 1 3 1 1 3 3 3 1 1 1 2 3 3 3 3 2 1 3 3 2 3 3 3 2 2 3 2 1 3 2 3 1 2 1 1 1 3 2 2 2 1 3 2 3 3 1 2 1 1 1 2 3 3 2 3 1 2 3 3 1 3 3 2 1 2 2 3 2 3 2 1 2 3 2 2 3 2 2 3 2 2 2 1 1 2 3 1 2 3 3 3 3 3 2 2 1 2 1 1 2 2 1 1 1 3 2 1 3 3 2 2 3 1 2 1 3 3 1 1 3 1 3 1 2 3 1 2 2 2 2 2 2 1 2 2 2 2 2 1 1 2 3 2 3 3 3 2 2 2 1 3 3 2 1 3 2 3 3 3 2 3 3 2 3 2 1 3 2 3 2 3 2 1 2 1 2 3 1 3 1 1 1 2 3 3 1 2 1 2 3 2 3 2 1 3 3 1 1 2 3 2 1 2 1 3 1 1 3 1 1 2 2 3 3 2 1 3 2 2 1 1 2 3 3 2 3 2 3 2 3 3 2 1 1 1 1 1 1 1 2 2 3 2 2 1 2 2 3 2 2 2 2 3 3 2 1 3 3 1 1 2 1 3 3 1 1 2 1 2 3 1 2 3 1 1 3 3 2 2 1 2 3 1 1 2 2 2 3 1 3 1 1 3 2 2 1 1 3 1 1 3 1 1 3 1 3 3 2 1 2 1 2 2 3 2 3 3 2 1 1 1 2 1 3 3 1 2 1 1 1 2 2 2 1 1 3 2 3 2 1 1 3 2 2 1 1 1 2 3 3 1 1 1 1 2 1 1 1 1 3 3 1 1 1 1 2 2 3 1 3 2 2 3 2 2 3 2 2 2 1 1 3 2 3 3 2 1 2 3 1 3 1 3 1 1 2 1 1 3 3 1 1 3 2 3 2 2 1 2 3 1 2 1 2 1 3 3 3 3 3 1 1 3 3 2 3 1 3 1 2 3 1 3 3 1 3 3 1 2 3 1 2 2 1 2 3 1 3 3 3 2 2 1 2 2 3 3 3 1 3 3 2 2 1 3 2 3 3 2 2 1 3 2 2 1 2 1 1 3 1 3 3 1 1 1 2 1 2 2 3 3 1 3 1 3 3 1 3 3 3 3 1 1 2 3 2 2 2 1 3 3 3 2 1 1 1 2 3 2 1 3 3 3 3 3 1 3 3 2 1 3 2 1 1 1 2 2 1 3 1 1 3 3 1 3 1 1 1 1 2 3 1 1 3 1 2 2 1 3 1 1 1 1 1 2 2 2 1 2 3 1 1 3 2 3 1 1 3 3 1 3 1 3 3 3 2 1 3 2 2 1 1 3 3 3 3 2 3 3 3 2 2 2 3 3 2 1 3 1 2 2 3 3 2 2 3 3 2 1 2 3 2 2 3 2 1 2 1 1 2 1 1 3 2 1 3 1 3 1 2 3 1 2 3 1 3 3 1 3 2 3 1 3 1 1 2 2 1 1 3 2 1 1 3 1 1 2 2 2 1 3 2 1 2 1 2 3 2 2 3 3 1 2 3 3 3 2 2 1 2 3 3 2 1 1 1 3 2 3 3 2 2 1 2 1 2 2 3 3 3 1 3 2 2 1 3 1 3 2 1 3 1 2 2 3 3 1 1 1 1 3 2 2 2 2 3 1 3 1 1 1 1 3 1 1 3 3 1 2 3 3 1 2 2 1 2 1 2 1 3 2 2 3 2 2 1 3 3 2 1 1 3 2 1 3 1 1 2 3 3 2 3 1 3 3 2 2 2 1 2 2 3 1 3 3 1 1 3 3 1 2 3 1 3 3 3 3 1 2 2 2 1 3 3 3 2 3 2 1 2 3 2 1 1 1 1 2 1 1 1 2 2 1 2 2 1 1 3 1 3 2 1 3 1 2 1 1 1 3 2 2 2 3 2 2 3 3 1 3 3 1 1 1 2 3 3 3 1 2 1 3 3 1 2 1 3 1 2 2 3 1 3 1 2 1 3 3 2 2 1 1 2 3 1 1 3 1 1 2 1 2 3 2 1 1 3 2 1 1 2 2 3 3 3 3 3 3 3 2 3 2 2 3 3 2 1 2 2 1 3 3 3 3 3 1 2 3 1 2 1 3 1 2 1 3 1 2 3 1 1 2 2 2 2 1 3 3 3 2 3 1 3 2 3 2 3 3 2 3 2 1 3 3 2 1 1 2 2 1 2 1 2 3 2 3 2 2 1 3 1 3 1 2 1 3 2 3 1 1 1 3 2 3 2 2 2 1 3 1 1 3 2 1 3 3 2 3 2 2 1 2 2 2 1 3 1 1 3 1 3 3 1 1 2 3 2 2 3 1 2 1 1 2 1 3 2 1 1 3 1 3 1 1 1 2 3 2 3 1 3 2 2 2 3 1 3 1 2 1 2 2 2 3 1 3 2 1 3 3 3 3 3 3 1 3 1 1 1 1 2 3 3 1 1 1 2 3 2 3 1 1 3 3 1 3 1 2 3 2 2 2 3 1 1 2 3 1 2 1 2 2 3 3 3 2 1 3 2 2 3 1 3 1 1 1 1 1 2 2 2 3 1 3 2 2 2 2 3 3 3 1 1 2 2 1 1 2 3 1 2 2 2 2 2 2 1 1 1 1 1 1 1 1 2 3 3 3 1 2 2 1 3 2 2 1 2 1 2 2 2 1 2 2 3 3 3 3 2 3 2 3 3 2 1 2 2 2 1 3 2 2 3 3 1 2 3 1 2 1 2 1 1 3 2 2 1 1 3 2 3 2 1 1 1 2 1 2 2 2 1 2 2 2 1 3 3 1 1
c 81 2
s 1794 1938
c 1182 1
c 1857 3
c 54 2
c 1459 2
c 1198 1
c 796 2
s 1045 1822
s 63 1999
c 1461 3
c 1186 1
s 1044 1628
c 80 3
c 393 3
c 1658 3
s 312 1339
s 954 1414
s 431 1868
s 19 1379
s 13 513
s 1109 1969
c 1005 3
s 375 736
c 39 1
s 443 1462
c 227 3
c 1182 1
s 531 1975
c 371 2
s 94 1389
s 56 1491
s 218 1925
s 159 295
c 1146 2
s 14 1721
s 1508 1550
s 908 971
s 1471 1838
c 1476 2
c 326 1
s 338 728
c 620 2
s 613 780
s 1135 1206
s 87 1413
s 789 885
s 4 1180
c 1884 3
s 1655 1804
c 696 1
c 1850 3
c 409 2
c 561 2
c 1405 2
s 1191 1847
s 418 881
c 1365 3
s 89 642
s 673 1119
s 321 1817
s 1398 1929
c 43 3
s 380 1124
c 505 1
s 21 1700
c 422 2
c 863 1
s 1272 1557
c 869 3
s 1022 1229
c 646 1
s 992 1636
c 1763 3
s 735 1442
c 1125 3
c 1646 2
c 1985 3
s 442 733
c 191 1
s 88 780
s 587 1866
c 1444 2
c 1914 1
s 593 727
s 703 834
s 17 1336
c 350 1
s 13 59
s 202 1692
c 1833 3
s 384 538
c 821 1
c 1746 1
c 29 2
c 2000 3
s 673 1302
s 1531 1751
s 748 1898
s 82 1417
c 1938 3
c 193 3
c 269 2
s 528 643
s 1109 1589
c 1435 2
c 1965 2
s 255 1625
s 1317 1429
s 1084 1652
s 174 594
c 943 3
s 730 1215
c 1884 3
c 917 1
c 1254 2
c 1434 3
c 514 3
s 793 1623
s 1542 1577
c 559 3
c 996 3
c 1069 1
s 1488 1686
c 1306 2
s 41 544
c 200 3
c 1608 1
s 47 1109
s 54 1189
c 403 2
c 1820 1
c 51 1
c 1143 3
s 1401 1478
s 43 1714
c 1898 1
c 1089 2
s 1603 1910
c 744 1
c 652 2
s 1370 1372
s 717 1447
s 761 1568
s 21 366
c 632 2
s 472 672
c 1337 3
c 481 1
s 602 939
s 160 922
c 451 3
c 259 1
s 373 1512
c 1853 2
s 51 331
s 375 1119
s 10 1660
c 681 3
s 526 1373
s 815 1497
c 589 3
s 746 1578
s 245 1524
s 1650 1865
s 917 1911
c 1108 2
s 340 474
s 60 518
s 397 1727
c 1794 3
c 1538 2
c 889 1
s 586 1952
c 1377 3
c 1564 2
s 227 1547
s 90 663
c 1997 2
s 407 1226
s 1538 1654
c 1293 2
c 1188 1
s 732 1161
c 1941 1
s 139 737
s 1234 1266
s 954 1775
s 93 1058
c 1317 2
s 125 474
s 428 480
s 973 1255
s 1444 1985
s 1708 1847
c 25 1
c 1493 3
c 833 3
s 395 858
s 1313 1426
s 240 342
c 1436 3
s 232 601
c 1124 1
c 1518 2
c 846 1
c 982 1
c 174 1
c 1853 3
s 50 538
c 1399 3
c 201 2
c 1412 3
s 528 1296
s 344 348
c 1590 1
c 1608 1
c 1591 1
c 387 1
c 558 2
c 1561 2
s 1377 1393
c 1526 1
c 1553 1
s 545 1226
s 211 1860
s 1256 1360
c 629 2
s 1565 1675
c 1151 1
c 1875 3
s 858 1791
c 1449 3
s 661 1543
c 873 2
s 27 616
c 677 3
s 917 1332
s 285 811
c 755 3
s 327 1883
s 96 1315
c 1865 1
c 1568 1
s 35 1372
c 35 3
s 1267 1370
s 251 1796
s 166 481
c 674 2
c 1708 1
s 1149 1927
s 891 1147
s 515 1449
s 1373 1637
c 1449 3
c 1705 2
c 1559 2
s 535 1322
s 1133 1203
s 189 526
s 197 756
c 511 1
c 402 1
s 38 929
s 815 1928
s 106 1390
c 1365 3
c 341 1
s 564 1661
c 1635 1
s 114 1555
s 108 1311
c 17 1
c 1871 3
c 305 3
s 427 1467
s 95 899
s 606 1140
s 1293 1372
c 579 1
s 722 971
s 234 1947
s 1610 1691
c 54 2
c 1663 1
s 1553 1727
c 1556 3
c 1022 2
c 959 1
s 1160 1797
s 847 1241
c 869 2
s 1072 1470
s 479 590
c 618 3
s 1011 1562
s 392 1342
c 1039 2
c 1559 2
s 159 1952
s 43 766
c 1690 1
c 1660 1
s 1246 1540
s 942 1282
s 59 732
s 231 857
c 777 1
s 176 1673
s 176 433
c 1254 2
s 1064 1648
c 497 1
c 457 3
c 1989 2
c 1108 2
c 291 3
s 844 952
c 1607 2
s 86 1979
s 670 820
s 1377 1794
s 1266 1730
s 323 1211
s 961 1283
s 137 1067
c 1516 2
c 778 2
c 803 2
c 1585 1
c 111 3
c 853 2
c 187 2
c 1272 1
c 455 2
c 150 1
s 290 1464
c 338 1
s 1188 1982
c 1808 1
c 327 1
c 891 3
s 528 1284
c 1444 3
c 672 3
s 66 1453
s 678 788
c 1864 3
s 359 374
s 555 1149
s 98 271
s 1191 1552
c 1782 2
c 192 3
c 1884 1
c 748 3
s 136 671
c 784 3
s 956 1905
c 1951 3
s 546 685
s 1629 1700
c 1810 2
s 589 652
c 396 2
s 1344 1702
s 526 1484
c 1360 2
s 424 873
c 1025 2
s 552 1730
s 23 401
s 1271 1800
c 1983 2
s 244 1080
s 365 545
c 1914 3
c 140 2
c 432 2
s 1353 1609
s 492 1061
s 81 1685
s 780 1506
c 182 3
s 931 1931
c 1757 1
s 193 1989
c 1185 1
c 1612 2
c 1668 1
s 596 1232
c 242 3
c 1383 3
s 1183 1611
s 417 1325
c 849 1
s 1257 1736
c 1407 2
s 783 1242
c 312 3
s 150 1081
s 557 1182
s 535 814
c 784 2
c 1307 2
s 88 1327
s 1051 1594
c 1235 1
s 443 955
c 1717 2
s 1272 1461
s 594 1126
c 794 2
c 1313 3
s 1525 1649
s 115 709
s 1114 1271
c 692 1
c 1564 2
c 909 2
c 1053 2
c 11 2
c 106 2
c 52 3
s 753 832
s 993 1516
c 863 3
c 414 1
s 397 620
s 1095 1526
c 1082 1
s 316 1168
c 1167 2
s 436 1714
s 456 1295
s 931 1625
s 497 1621
c 1583 2
s 615 797
s 993 1316
c 1548 3
s 660 1728
c 1224 2
s 900 1435
c 56 2
c 638 1
c 876 2
s 176 1194
s 1060 1352
c 1636 1
s 327 1872
s 164 561
s 1125 1366
c 1591 1
s 603 696
c 625 1
s 709 1202
c 1629 3
s 182 1021
c 1825 3
c 1206 1
c 1516 2
s 392 619
s 260 1632
s 1315 1342
c 1040 1
s 1274 1495
c 1698 1
c 31 3
s 985 1900
c 1034 1
c 1348 1
c 668 1
s 329 1402
s 999 1818
s 627 755
c 57 2
c 273 1
s 645 1067
s 594 1715
c 473 2
c 689 2
c 1528 1
c 1363 1
c 235 1
s 830 1217
c 1698 1
c 1294 2
s 1414 1454
s 634 1973
c 306 3
s 285 1194
s 961 1879
s 250 350
s 695 1442
c 325 3
s 915 1057
c 522 1
s 717 1987
c 1062 3
s 1004 1890
s 183 1960
s 2 1902
s 1038 1602
s 241 1965
c 40 2
s 725 1734
s 153 386
s 81 94
s 58 139
s 120 1931
c 942 1
c 771 2
c 1977 1
s 810 1100
c 1585 2
c 870 2
s 1549 1866
c 617 1
c 67 2
s 212 275
c 1777 1
s 32 759
c 543 2
s 660 1284
s 391 762
s 415 1298
s 496 1730
s 1233 1682
s 420 1279
c 1749 3
s 497 852
c 1017 1
s 505 1359
c 1322 2
s 538 1806
s 410 1957
c 1787 1
c 1458 2
s 661 685
s 221 608
c 1847 1
c 1252 1
s 352 470
c 111 2
c 879 3
s 377 675
c 1561 1
s 302 1376
s 485 942
c 1908 1
c 509 1
s 1064 1736
c 1931 1
s 319 1386
c 1984 3
c 1684 2
c 250 3
s 1861 1923
c 602 2
s 1360 1950
c 630 2
c 950 3
c 1249 3
c 1596 2
s 858 1674
c 84 3
s 1396 1671
c 1330 3
c 1577 2
s 79 479
c 75 2
s 1165 1575
c 390 2
c 945 1
c 1048 1
s 558 1249
s 363 1301
s 241 1876
s 729 864
c 168 3
s 457 1546
c 834 1
c 108 2
c 863 2
c 609 1
c 1001 2
s 20 1862
s 1225 1245
c 733 2
c 1674 2
c 1295 2
c 1549 1
c 708 1
s 450 1811
s 621 1474
c 1688 3
s 977 1471
c 1113 3
s 782 1451
s 191 1705
c 1546 3
c 104 1
s 1347 1888
s 259 1506
s 605 1622
c 474 2
s 632 1819
c 695 3
s 4 352
s 448 1580
s 638 1148
c 1306 1
s 31 380
s 1292 1712
s 829 862
c 1046 2
s 907 1445
c 1003 2
c 483 3
c 465 3
c 355 3
c 1405 2
s 294 526
s 592 725
s 512 546
s 1000 1979
c 1538 2
c 459 2
c 813 3
s 772 1384
c 1576 3
s 591 804
c 649 3
c 560 1
s 1248 1884
s 238 1926
c 1930 1
s 1717 1865
s 899 1848
s 1470 1942
c 53 2
s 313 747
s 526 1129
s 899 1268
c 455 3
c 1543 2
c 910 2
c 1428 2
s 228 694
c 1007 3
c 1691 1
c 1166 3
c 848 1
c 1472 1
c 1423 3
c 1959 2
c 56 3
c 337 3
s 1184 1925
c 1035 1
c 251 1
c 1834 2
c 1428 2
s 84 867
c 692 3
c 1871 3
s 851 1915
s 381 1461
s 8 1372
c 1430 2
s 667 1203
s 230 1765
c 715 1
s 479 938
s 591 1935
s 972 1816
c 261 1
c 1639 1
s 693 753
c 1110 3
s 1140 1604
c 304 1
s 290 1444
s 70 1878
s 57 514
s 993 1640
s 1270 1614
s 86 1854
c 316 3
s 905 1624
s 1334 1616
s 534 1449
s 1273 1327
c 1602 3
s 1148 1809
c 656 3
s 116 1131
c 1233 1
c 1970 1
c 1071 1
c 1152 2
c 1709 1
c 1850 1
c 1263 2
c 586 2
c 677 2
c 1524 2
c 289 1
c 1607 1
c 936 1
s 182 665
s 1305 1318
c 1699 3
s 727 1347
s 799 1721
c 1084 2
s 636 1936
s 270 1497
s 265 803
s 27 62
s 1814 1967
c 1191 3
c 92 1
c 630 2
c 445 1
s 1366 1686
c 1262 3
s 1694 1769
s 542 1255
c 630 3
c 219 1
c 1091 3
c 1285 2
c 644 3
s 374 763
s 434 1803
c 1428 3
s 983 1187
c 1324 2
s 536 803
s 1303 1623
c 126 1
c 1932 3
s 740 816
s 227 914
c 1734 1
s 1514 1896
s 1075 1799
s 1224 1945
c 1459 2
s 734 1283
c 86 2
c 679 2
s 446 1647
c 488 3
s 76 1555
s 1030 1336
s 671 845
c 463 1
s 1051 1172
c 1784 3
c 1814 1
c 1582 2
c 846 1
c 1081 2
c 728 1
c 1237 2
c 184 2
s 519 1053
s 1001 1030
s 1548 1761
c 1428 3
s 42 505
s 17 202
c 51 1
s 394 1025
s 9 1070
c 780 1
s 760 1463
s 789 1376
s 87 1268
s 635 857
c 1385 2
s 9 462
s 216 515
s 90 1882
s 1741 1842
c 59 3
c 803 2
s 214 1086
c 826 1
s 1201 1673
c 1789 1
c 312 1
s 658 946
c 52 3
s 65 1057
c 221 1
c 1183 1
s 775 1524
c 1562 1
s 100 895
c 1440 3
s 976 1837
s 77 188
c 1711 2
c 1707 3
c 653 3
s 48 1775
c 1459 3
c 483 3
s 1324 1391
c 661 1
c 341 3
s 244 877
c 554 3
s 222 1605
s 1173 1979
s 241 808
s 1345 1860
c 1834 3
c 1924 1
s 576 1132
c 1492 2
c 569 1
s 82 1049
s 259 286
c 919 2
s 1766 1783
c 1219 3
c 1593 2
c 1336 3
c 184 3
s 1436 1528
s 466 1718
c 450 2
s 1300 1789
c 1409 3
s 298 445
s 523 1146
c 92 2
s 871 1046
s 609 1236
c 1473 3
s 124 944
c 1897 1
c 1400 1
s 1591 1844
s 841 1087
c 1200 1
c 1024 2
s 364 802
s 864 1198
s 554 1510
s 772 1596
s 881 1022
s 8 1248
s 391 1920
s 406 1522
s 155 1686
s 42 239
s 1069 1520
c 498 3
s 457 1230
c 1726 2
c 1785 3
s 231 654
s 1331 1630
s 510 1263
s 1148 1591
c 465 2
c 404 2
c 334 2
s 169 644
c 317 1
s 486 1110
c 1371 1
c 1635 2
s 208 1040
c 1889 3
c 17 3
s 1156 1366
c 845 2
s 865 1807
s 504 1369
s 564 1039
c 1699 1
s 259 1690
s 1563 1865
c 648 3
c 1095 3
c 33 2
c 1167 1
c 1087 3
s 82 415
c 1686 2
s 601 1176
s 1067 1914
c 174 1
s 440 461
c 1888 2
c 1456 3
c 1572 2
s 482 1849
c 288 3
s 224 498
c 555 3
s 1243 1972
c 1052 3
c 1542 1
s 881 1633
s 1286 1486
c 258 3
s 265 962
c 206 3
s 4 1604
c 1096 3
c 903 3
c 215 2
s 810 1468
c 1428 1
s 76 627
s 1805 1920
c 198 1
s 997 1316
c 1262 3
c 481 1
c 1493 1
c 228 1
c 1054 2
s 1757 1800
s 1798 1982
s 934 1188
s 489 1710
s 56 1600
s 447 1728
c 1897 1
c 1397 1
s 607 1834
c 1058 1
s 225 1277
c 551 1
s 868 1762
s 705 969
s 112 1773
c 1930 1
c 88 1
s 678 1535
s 278 1856
s 13 394
s 1269 1746
c 245 1
c 1960 2
c 520 2
c 947 3
s 387 993
c 1453 1
c 305 2
c 1024 1
c 1935 3
s 308 1881
c 1144 3
c 1206 1
c 967 3
c 133 3
s 1057 1730
c 1556 3
c 296 2
s 85 1675
c 739 2
s 278 1118
s 33 1050
s 1819 2000
c 934 2
c 1342 1
c 552 2
s 27 511
c 1219 3
c 618 1
s 777 1239
c 1136 3
s 899 1668
c 93 3
c 1347 1
c 1946 3
c 397 2
s 308 833
c 1234 1
c 481 3
s 649 1589
s 260 1686
c 959 1
s 924 1542
c 1115 2
s 699 1719
s 598 1959
c 26 1
c 1109 1
s 1473 1769
s 814 1986
c 802 3
c 323 1
c 1731 2
s 644 901
c 49 1
c 1353 1
c 593 2
s 1591 1713
c 386 2
s 1097 1692
s 478 607
c 103 3
c 132 1
c 56 3
c 559 2
c 1301 3
c 1182 1
s 625 1139
s 397 1390
s 335 1714
c 1078 2
s 977 1202
c 1277 3
c 269 3
s 74 589
c 777 2
s 849 1900
s 121 1312
c 758 3
c 156 1
c 1190 1
c 24 2
c 1242 3
c 1552 1
s 185 1379
c 150 2
c 559 1
c 122 3
c 53 1
c 113 3
c 373 1
s 1250 1598
c 219 3
c 1316 3
s 354 1322
c 1554 1
c 1020 1
c 1329 3
s 1012 1653
s 355 668
c 1503 2
s 325 820
s 625 1106
s 864 1400
s 184 642
s 544 817
c 299 3
c 1533 1
c 468 3
c 126 2
c 1085 2
s 625 1140
c 360 1
c 968 1
c 1823 2
c 187 2
c 1156 3
s 118 157
c 579 2
c 1690 3
c 1218 2
s 945 993
c 795 2
c 60 3
s 183 1525
s 679 1208
c 373 2
c 633 1
c 215 3
c 810 3
s 314 501
c 1068 2
c 1627 2
s 371 1360
s 460 489
c 764 2
c 1769 2
c 1870 3
c 1547 3
c 1196 3
c 738 2
s 1281 1874
s 1277 1579
s 324 380
c 1288 1
c 1466 3
c 1397 3
c 1599 3
s 925 943
c 806 3
s 71 300
s 1149 1573
s 6 1625
c 1644 2
s 352 411
c 1992 1
s 842 1340
c 1777 3
s 1518 1988
c 1505 2
c 826 3
s 1325 1461
c 157 3
s 282 514
c 512 2
c 959 3
s 1608 1995
c 156 2
s 1635 1711
c 565 1
c 1279 2
c 788 1
s 424 967
s 988 1690
s 1232 1766
s 1334 1970
c 478 3
s 368 843
c 823 1
c 1924 1
c 448 2
s 84 405
s 390 1892
s 45 1473
c 274 3
s 702 1327
c 683 3
s 1049 1990
c 666 1
s 1443 1457
s 446 1694
s 500 1067
c 1093 2
s 95 289
c 415 3
c 1243 1
s 1330 1490
c 43 3
s 239 877
s 3 723
s 1314 1688
c 503 3
s 191 1456
s 702 1491
c 1255 1
s 325 1480
c 1421 3
c 1458 3
c 625 1
c 784 1
s 243 1479
s 60 498
c 1029 2
s 16 1650
c 1455 3
c 897 3
s 1811 1822
c 553 3
c 1924 3
s 580 1159
c 905 3
c 1850 3
s 462 1937
s 154 1639
c 1900 3
s 792 973
s 137 1652
c 312 3
c 84 1
s 90 471
c 441 3
s 437 1766
c 545 1
c 798 3
s 719 734
s 385 596
c 466 2
c 465 3
s 224 1877
s 16 288
c 1617 1
s 1598 1693
s 1145 1158
c 578 3
c 153 2
c 1480 2
c 572 2
s 1777 1949
s 926 1072
s 143 1835
c 1637 1
s 41 1247
c 1804 1
s 264 721
s 1383 1387
c 1586 3
s 161 1227
s 134 973
c 1736 2
c 1274 1
c 790 2
s 196 400
s 318 895
c 239 3
c 1110 3
s 1197 1789
c 667 1
c 1073 3
c 1518 3
c 993 3
s 792 1668
c 1405 1
s 930 1123
s 353 1692
s 1157 1338
s 616 1860
s 1035 1313
c 784 2
s 291 1525
s 531 1924
c 1519 2
s 1392 1827
c 1886 1
c 1119 3
s 837 1207
c 952 3
c 840 3
c 242 3
c 1951 3
s 648 1365
s 1591 1672
s 299 1994
c 619 3
s 666 685
s 1237 1416
s 277 1997
c 1249 1
s 1496 1748
s 1382 1426
s 332 1508
c 265 2
s 332 1541
c 741 2
s 121 1787
c 1041 1
s 9 514
s 787 1134
s 853 1893
s 532 1827
c 1532 2
s 1642 1687
s 1336 1519
c 688 1
c 112 1
c 406 1
s 830 861
c 314 3
c 441 2
c 1914 3
s 121 229
s 473 1859
s 215 1825
s 904 1963
s 824 1598
s 557 1746
c 3 3
c 980 3
s 1472 1811
c 782 3
c 69 3
c 1838 3
c 774 1
c 1576 2
s 93 1931
c 1996 2
c 423 3
s 670 1632
s 265 732
s 500 1701
s 124 1469
c 1293 1
s 312 600
c 440 3
c 120 1
c 956 1
c 1965 1
c 1615 2
s 961 1731
s 545 635
s 1476 1868
c 1134 3
c 198 3
c 1267 1
c 738 3
s 181 285
s 579 1382
s 1187 1690
c 1186 2
s 220 1106
s 294 1620
s 6 1652
s 965 969
s 420 711
s 920 1754
c 1628 1
s 791 1758
s 1069 1499
s 18 1436
s 465 1565
s 535 1806
c 450 2
c 894 1
c 1964 3
s 248 479
s 50 668
s 367 594
s 236 1073
s 448 1293
c 1266 2
s 251 1629
c 894 3
s 71 916
c 1262 2
c 29 3
s 1771 1976
c 835 3
c 212 2
c 1711 3
s 1495 1727
c 1437 2
c 1952 3
s 789 1413
s 91 996
s 974 1837
c 117 3
c 837 1
s 961 1788
s 922 1605
c 83 2
s 223 764
s 46 1682
c 23 2
c 156 1
s 35 329
s 437 1672
s 822 1089
c 921 3
s 720 1043
s 482 1930
s 691 839
c 957 1
s 1266 1382
s 572 1241
s 925 1621
s 1052 1908
c 495 2
s 330 1049
s 314 1457
s 330 1913
s 527 1950
s 415 1733
s 462 1687
c 824 3
c 1777 1
c 1471 1
c 1514 3
s 216 1064
s 800 1658
c 673 2
s 841 1224
s 249 1599
c 1415 2
s 1370 1813
c 496 2
s 216 1513
c 449 3
c 1219 3
c 1562 1
s 133 897
s 188 1433
c 1543 1
s 1028 1265
c 718 3
s 256 354
s 638 1711
s 1336 1466
c 1885 3
s 1579 1801
s 328 458
s 801 1903
s 245 479
s 670 817
s 1871 1929
s 1601 1814
c 1654 3
c 1181 1
c 1991 2
s 936 1590
s 1316 1657
c 117 3
s 52 801
s 26 776
c 683 2
s 512 1710
c 178 3
c 543 3
s 26 1133
c 286 2
s 410 941
s 102 1632
s 882 913
s 178 1271
c 520 2
c 1256 3
s 986 1181
c 210 3
c 78 2
s 371 382
s 67 425
s 753 1236
s 249 661
s 1330 1779
s 1171 1879
s 1664 1792
s 894 1833
c 1230 3
s 540 1717
s 357 1728
s 615 1366
c 771 1
c 1581 3
c 117 3
s 416 942
s 330 1912
s 425 1967
c 845 2
s 124 1573
s 1018 1638
s 656 751
c 259 1
c 311 2
s 1117 1486
s 363 927
c 590 2
c 1556 1
s 755 901
s 1248 1899
s 26 1724
s 884 1332
c 1005 2
s 517 1605
c 1704 3
c 927 1
c 410 1
s 712 1588
s 901 1592
c 1685 1
s 1404 1534
s 1558 1668
s 442 467
c 1415 2
s 291 816
c 1471 3
s 1304 1573
s 10 685
s 1835 1856
c 1871 1
s 1114 1275
s 1144 1342
s 782 1325
s 41 714
c 1077 2
s 974 1456
c 190 1
s 1422 1804
c 1651 1
c 821 3
s 152 1521
c 473 3
c 83 3
c 149 3
c 892 1
c 648 2
s 1465 1782
c 1865 3
c 1882 2
c 188 1
s 14 599
c 920 1
s 281 484
s 422 1430
c 1196 3
s 6 1780
s 292 497
s 907 1430
c 1706 2
s 592 1115
s 796 1813
s 1705 1800
c 904 2
c 1076 1
s 876 1585
s 140 879
s 349 1010
s 731 1756
s 359 1926
s 320 1020
s 38 213
c 96 3
c 1787 2
c 379 2
c 1357 3
c 617 3
s 207 1035
c 734 1
c 1006 3
c 761 1
s 674 1762
c 1796 2
c 543 1
s 1053 1309
s 1287 1452
c 784 1
s 1715 1733
s 1677 1773
c 166 1
s 480 973
s 1265 1318
s 250 1071
c 1351 1
s 1154 1709
c 286 2
s 452 1507
s 1929 1937
s 159 1166
s 1806 1835
s 536 621
c 352 2
s 281 1473
s 504 1649
c 118 3
s 1091 1156
s 1617 1860
s 73 1863
c 1060 2
s 37 1800
s 747 799
s 499 935
s 25 123
c 735 1
c 1832 2
s 844 1545
c 816 3
s 935 979
s 705 874
c 977 1
s 687 1381
c 52 3
c 1756 1
s 1568 1918
s 848 1358
s 140 1794
s 364 662
c 298 1
s 11 90
c 127 1
s 504 1883
c 1549 3
s 225 237
s 658 1590
c 1785 3
s 685 762
s 976 1893
c 519 1
c 130 1
s 741 1480
s 1332 1601
s 505 1787
c 37 2
s 1185 1974
s 335 1587
s 203 1876
s 111 344
c 1910 1
s 223 600
c 245 2
s 788 1953
s 255 1974
s 20 1684
s 71 833
s 660 1632
s 617 699
c 340 3
s 242 1716
c 1969 3
c 402 3
c 123 3
s 1032 1372
s 1340 1936
c 102 3
c 466 1
c 164 3
c 1746 3
c 1793 3
s 969 1961
s 729 927
s 598 1882
c 433 3
c 1538 1
s 716 1042
c 1613 1
s 976 1841
s 884 1489
c 968 3
s 1830 1891
c 1776 1
c 312 3
s 701 1449
c 1727 3
s 1618 1870
s 962 1956
s 503 1467
c 681 2
s 275 1155
c 1090 1
c 744 3
s 919 1285
c 1025 1
c 578 2
s 122 791
c 1899 2
s 1169 1414
c 1192 2
c 1607 1
s 62 1891
s 56 1390
s 123 360
s 22 582
s 890 1551
c 1325 3
c 617 1
c 521 1
c 262 2
c 917 3
c 136 2
c 902 3
c 1049 3
s 396 1227
c 157 3
c 698 2
s 12 377
s 863 1962
c 1238 1
s 390 1779
s 605 1356
c 1679 1
c 819 3
s 161 1326
c 206 1
s 63 1209
c 1475 1
s 1030 1572
s 490 701
s 349 781
s 145 1801
s 1130 1742
c 605 3
s 304 884
s 306 741
c 1981 2
c 485 1
c 1647 3
s 480 496
s 494 1234
c 1938 3
s 823 1252
s 224 1735
c 269 1
s 2 1974
s 192 714
c 1297 3
s 1759 1980
c 1151 2
c 1506 3
s 1446 1758
c 205 3
s 787 1219
s 992 1629
s 949 1212
c 1209 3
c 984 3
c 31 1
s 724 1012
s 1678 1909
c 1225 2
c 1715 3
s 1630 1913
s 307 1015
s 1067 1764
c 110 3
s 358 829
c 1511 3
s 666 1581
s 1639 1918
s 84 572
s 406 910
c 271 1
c 320 3
s 1297 1776
c 1750 2
c 1860 3
s 721 1926
s 1602 1813
s 1077 1824
c 1345 2
s 185 477
c 831 2
c 1569 3
s 857 1682
c 903 3
c 1713 2
c 79 2
c 281 1
c 1689 1
c 332 2
s 771 793
s 1124 1392
s 575 950
s 465 1780
s 556 1043
c 198 1
s 894 1583
c 1859 1
s 2 1512
c 62 1
s 660 1464
s 737 948
s 1503 1594
s 548 702
c 315 3
c 21 2
s 814 1055
c 1906 3
s 192 1331
c 944 1
s 506 1028
s 1479 1808
c 535 3
c 1246 2
c 600 2
s 80 1379
c 382 2
s 773 1421
c 1125 2
s 581 1334
c 1208 3
s 129 1333
s 196 758
s 174 736
c 1992 2
s 265 1853
s 37 361
s 56 713
c 1471 3
c 468 3
s 425 1843
s 552 557
s 45 1538
s 381 898
s 140 1449
c 992 2
s 109 394
c 1297 3
c 458 1
c 927 1
s 283 1655
s 944 1180
s 894 1585
c 1429 2
c 1798 2
s 1644 1742
s 437 836
s 160 1637
s 1523 1611
c 581 1
s 841 1119
c 992 1
c 879 1
s 87 1266
c 558 1
s 559 1482
s 602 1440
c 149 3
c 1288 1
s 918 1811
c 486 2
s 658 1749
s 63 1097
s 1440 1760
c 1234 1
c 655 2
s 1498 1555
c 659 1
s 212 1539
c 368 2
s 729 1170
s 444 1056
c 821 3
s 1587 1611
c 411 1
c 1065 1
s 181 1419
s 639 662
s 1028 1081
s 1213 1712
s 1248 1882
c 291 3
s 36 103
c 1272 1
c 1288 3
s 173 325
c 296 1
s 1827 1919
s 366 469
c 241 1
s 1045 1190
s 477 931
s 945 1207
s 1417 1900
s 1057 1406
s 1462 1805
s 1457 1472
c 1229 1
c 413 2
s 117 1141
c 675 1
s 1201 1394
c 867 1
c 879 1
c 1394 2
c 1271 2
s 423 750
c 741 3
c 1202 3
c 742 1
c 142 3
c 180 3
c 1702 1
c 171 3
s 1001 1728
s 735 1589
s 1909 1911
s 625 708
c 1778 2
c 1117 2
s 889 1041
c 1983 3
s 564 1739
c 1194 2
s 1634 1741
s 1128 1583
s 725 1838
c 409 2
c 512 2
c 1732 2
c 1688 2
s 1660 1720
c 1052 2
s 671 1759
s 919 1300
s 710 1765
c 346 2
c 1471 2
c 254 2
c 2000 1
c 1816 1
s 361 444
c 1207 1
s 859 1047
s 1073 1519
c 1702 1
c 1933 3
c 342 1
c 617 3
c 1291 2
c 1999 3
s 1221 1703
c 656 2
c 1466 2
s 36 1800
c 80 2
s 818 858
s 263 1680
s 899 1450
c 748 2
c 302 1
c 1281 2
s 1252 1484
c 1296 3
c 1378 1
s 743 1384
s 4 1051
s 585 1836
c 39 1
s 132 1354
s 393 704
s 608 1252
s 451 1235
s 20 432
s 1358 1391
c 883 3
s 196 1008
s 30 409
c 441 2
s 562 700
c 885 3
c 1832 1
s 924 1548
s 281 467
s 1386 1547
c 757 1
c 787 2
c 1853 1
c 1255 1
s 838 1558
c 673 2
s 1207 1683
s 1049 1878
c 1881 1
c 302 3
c 1164 2
c 1354 2
s 1139 1746
c 1318 1
s 281 385
c 344 2
s 566 710
s 434 903
s 1080 1941
c 1276 3
c 1472 3
c 32 3
c 692 2
s 1532 1665
c 1095 1
s 758 1801
c 434 1
s 798 985
c 1594 3
s 127 1005
c 1121 2
c 1294 2
s 286 1067
s 1633 1969
s 59 1652
s 294 1534
s 334 1600
c 818 2
s 398 1920
s 384 1904
c 685 2
s 1434 1766
s 664 1643
c 853 1
s 219 531
s 375 1564
s 508 1099
s 324 330
s 137 663
c 1983 2
s 1139 1737
c 1258 3
c 951 3
c 108 2
s 66 879
c 1501 1
c 1405 2
s 955 1230
c 167 2
c 1821 2
c 1669 1
s 853 1065
c 672 1
c 1568 1
s 48 478
c 1140 3
c 1601 3
c 1568 1
