318337967
628259934
609986205
103582905
10691834
712951706
21292721
731062911
325219970
849894547
26486257
937734314
525625842
169624472
536663295
808024184
231576395
13015285
736988528
840526573
944071879
854405783
690418368
749153900
572063605
943275929
23895250
976124030
257621260
680660945
329096825
302869722
573778829
666924175
135515595
938355748
654313286
589806894
204747724
37743795
615129192
913138964
410496820
624212001
223540906
164640821
253840806
114559102
590502913
965872811
317467418
215264948
983837183
604316907
254951014
397314642
279664024
659267782
51757892
608711890
690825764
465092597
337157957
894752548
816625869
64346997
71153008
858697604
842719465
297280000
43191829
112046307
121731618
873506198
205583882
246337253
513226537
867432838
794139912
98733962
609173055
757284921
119623325
145142696
548565713
978841565
961955169
764183902
951852078
603222091
55223538
73633101
959608491
568101211
368701234
593767452
60347519
751153175
516920523
488529121
949613847
633793352
113204696
670198668
41682760
858517533
393210570
543605509
237583804
272900198
199398738
669575313
836837073
957298275
490270438
597430363
439341329
548353752
61946411
664260103
842537541
669544868
40256803
415713491
896257198
398836093
772501693
439319084
118244119
595006712
389543599
709049718
278577290
229808391
262720576
279041806
675362991
781921824
275231663
674045715
994083460
234292230
420327419
118533865
817873718
276161324
683259193
746294656
34450627
945947757
303138681
483134255
278793324
48795792
930626678
257577188
55379557
105653883
167003235
347863730
804037076
276310301
320098738
508070341
452406704
790990193
594602597
219063623
586219341
656710010
195285067
661450727
323258478
591014218
379355407
91991189
172992745
402186286
652019152
615784062
59311062
553408214
71153008
666108415
551776218
65078638
58399198
390471518
810057470
756390711
432794812
737867511
711401683
833330795
381158783
862632628
18811663
701544742
90882704
87536932
49365532
342419057
181682425
438358857
506841620
2023602
812083471
785592443
810767340
206392972
48795792
247760556
296436674
480883458
907972147
932930396
765025804
449476892
9389534
721275363
641138149
314489232
410625947
611497408
559081984
8070954
146710360
355323405
892363886
672207535
72440461
255407596
855156994
920580247
884861869
712331986
548414655
512242742
190875650
208980208
456368409
367360187
76681325
784346691
672284271
996406456
398958301
827305572
31345629
270395275
651019017
339955891
394936066
112561765
606179599
863677281
10135180
648107854
9805462
280265579
160987541
780587010
78254758
207112333
346941172
437360916
625125943
68901255
155346191
309536618
841020119
266593656
286000007
957360129
111159228
936494050
213029488
547958764
830276091
211596573
356538097
877680842
515153012
787046022
656929334
456289358
643114927
971527873
68853319
824087528
395633678
211211225
743754448
141889198
630053319
929992279
523317110
300444878
190934652
600593708
304689581
777180235
346446201
287985502
738397893
752033030
329316296
461237045
277673197
871684263
192735128
269796869
135588144
395874863
348015930
599637227
55869514
536438368
754457066
365315309
763622068
590095258
257405856
33700079
778941617
752210866
864117420
540881963
599603775
130680136
449346365
492634980
803478121
127614984
828126287
574978710
437397301
129444672
51837556
256722724
313904243
529560300
348903454
603449645
841698883
477661229
431577456
955435399
593691031
963085383
447707439
989942398
879684716
176810592
255851053
337637037
255716713
297153484
289382244
950599649
621582162
764871139
125924550
753775504
896107008
981600784
73208503
847947947
757136272
172447602
612262280
929158926
28221259
448015583
429731907
476536853
609503625
563628550
126883031
931155504
39393821
64221700
773299052
360048872
60712539
599423322
746140461
787179032
346475708
899422416
283936775
758594468
217532520
174979034
47036536
133843788
43963848
118293848
611775988
913397105
468819218
458451916
604985613
842754069
550523314
697256222
21224052
216431595
784968938
917023824
628846972
555300984
316549461
944577553
755456702
829522915
658794348
565843724
679058952
849426638
791767759
903552392
226389491
250384143
621691459
36956566
416017332
711989620
533891651
633197363
514615975
659758496
241738775
34165621
383361784
579769757
191420666
163778128
5494132
754917042
209479741
520239057
238180431
933885342
225307624
256263582
643009830
74158794
139351547
496473516
401324177
366104445
459012850
885339231
2293098
107559677
111356106
120903644
816880360
207250533
365535048
607004218
980632888
607491365
698872904
386734976
449662936
939152258
673860772
897006135
739755926
604566163
52564353
257433227
416421441
774244466
830503495
73597040
437060990
828238320
931091241
472035939
927798496
590658486
506834552
880359916
952709081
214980671
869000139
208309398
839370113
671916877
53525626
51348182
315026659
554835357
418990544
825778339
658855364
500912523
845269326
102510318
107559677
234922815
993804859
781969766
312018701
604704388
945952959
712108319
801668848
743286989
466775378
953229301
606381104
538999571
496100715
706275328
54190968
485324242
13077676
408789627
820340995
822601106
972833497
411840976
640750364
272793565
645003890
404283661
372629241
10851871
38730193
808475962
94178006
662153018
911322116
14457825
254183611
480259119
634890702
734079810
559815770
679257324
69783640
906796931
642586215
933355591
636298676
138349596
228698580
682952158
217046686
216883303
586661976
112355361
529606927
763844258
905918564
341606894
509216164
889656988
859759659
142440044
422890076
244341428
471432357
295481093
652019152
807979912
455332421
106095017
333054207
544384801
247449582
526663413
306688063
452302595
886867282
801980079
954164588
194704916
812566989
54107898
775580118
49348082
390982411
140298465
557219220
50793379
796391763
61218330
3765089
403039706
764995796
541822261
393305765
694877445
390744385
300683749
175685898
28962863
90586382
614676746
987470782
952686807
66150767
444424037
188702639
448011163
660155644
601250148
770486089
22653382
723881669
394739445
414929492
333347003
177540643
317573605
841370839
397180932
414791195
660205806
242369216
415403651
39665466
819487014
17516931
687263786
814310975
436965681
101417564
235419343
619793341
981976727
245462543
955496858
427097398
240178687
834677269
849638347
878866284
6278245
838860731
501573160
755792380
849305970
6176591
785306764
10470403
947184325
253184909
235929104
390570135
950011587
304151480
81916167
220459098
200814739
794369932
604328495
633219192
255840249
91846004
908104706
753989723
809621416
628941530
442346748
890361865
697041385
989204363
711278858
205085248
477097008
135444356
190705893
746449007
992155082
579160001
288540860
249253205
248523343
730352923
267058614
762850979
90551299
739008389
195475732
312670365
512168496
811007701
600742273
995519341
822053424
45285848
936397441
555863861
532335107
306180940
426413795
540872723
731029985
842521018
24608388
449642510
451531532
134615650
948796236
613855903
227091615
791487188
541365331
951398341
180325427
802394298
494519118
290299215
114984598
559242309
712028804
394541834
598713553
199945657
609221054
778459345
494381998
323964020
106430607
259638048
36614715
384965253
540462846
376712027
398961807
700210286
773451225
783090555
441282593
266593656
439034688
394910183
146708587
241583131
915698948
216642603
793250526
365075198
138833622
513397032
175359769
637783332
849812153
229118205
224358700
632589177
264899060
702868585
909747671
298050230
815685155
167003235
88121660
259374431
770952888
558097108
64048538
806425195
734105229
6220410
378287771
609595359
974623254
796619452
465112518
831836255
499938223
52413773
21570992
914807711
618161499
679850386
856577628
549919346
883009317
503929450
737835066
146308201
655316898
835203559
277213095
829961832
278695694
228320040
99039790
628367315
43407487
687327841
203038287
623582069
713067730
168029279
761016151
316704127
994698448
262715986
25774761
994780024
807338755
357094692
652147038
316616636
469087004
614700736
526063072
566738376
454211981
538808941
175176575
158500731
895404090
558302275
239292408
413148906
463516748
736988528
403310063
276660992
528407447
467763635
966453263
185028961
541238964
776295866
423294221
628595538
721538173
358044828
11793914
630347347
712895214
36561235
982746072
308599043
18107503
568282822
689012011
918602132
783577156
740621316
739394380
552126490
259218135
46021778
434500069
621942284
272922525
666516004
815904750
693160487
367683061
585447794
62470838
431995140
993204308
694351159
844655671
92909186
507450158
793223571
156700904
717929078
515723838
997325404
393747260
427349466
441574188
605535358
97707659
40048331
344333258
380070576
276187320
723956497
618372964
661026227
50504950
781676238
365315309
546877392
278640810
212846569
90943527
674045715
811186672
966064847
416628244
445825204
167167344
64189662
331833745
135932194
663591794
171235980
876025274
129751358
459132164
681522139
366254336
739631091
953293968
144912734
626098084
327077645
294902165
548635638
264269525
97908832
582626463
592309922
20013160
545034267
853604528
782580300
799665248
177306835
859547983
492848658
14970174
308136229
566110416
475484975
259060088
262099850
715041496
381830579
932499905
430392642
378430592
254347380
79014569
970403845
407068760
407168217
521001029
433351677
368216852
125457079
188002830
780375445
242638402
434542974
157514646
443411354
334140629
441770814
279315077
855612337
465787262
353979472
390618613
795141206
572616304
96847921
906471276
372185447
921249613
176257601
732183080
358464158
846234594
68905539
394204970
435704699
721313189
462470224
562515524
12380975
289149091
128138333
970411547
573583505
31074914
547847578
875048207
710449277
98363415
99155889
124031286
541373205
155105904
584353440
552475473
891100081
426139219
588958402
954294332
287775308
236024205
614997971
651414987
807207787
162567827
350987930
158408050
643402121
293746310
984379448
275467404
220954416
495632944
446517173
795005374
408004729
479629294
845364667
955985824
454657961
801929590
804144004
131199066
214695278
695454431
386822155
205354244
498899552
648554127
217620299
195276594
215264948
481678832
217814158
463881116
627993468
540027102
706746620
98584958
179528384
605312491
916344432
942237151
735317383
671993725
841874254
680905499
302149221
511667129
813949897
843392157
397665105
628624036
60068045
594592125
556710741
786691348
420705069
779348608
647403963
118607381
552937956
404027443
29187643
788845035
