109491715
524193494
719564216
253095833
460505543
563757785
211262105
173837937
253982792
424007871
486549302
515017011
189272981
74978526
364842141
274274602
703335789
934644549
173653020
393569918
620997018
597389240
652004905
36181490
268065187
339636068
468900063
36641976
893870564
196141268
473560434
359782820
592439681
434897458
369419672
825834171
93523330
282206276
73914844
734347877
486026932
624356430
701832668
440814299
815009916
505649660
193993115
255248377
178357428
683973540
405091271
965780720
701948548
679521151
500707652
738869983
706421272
837492911
644852723
993868395
197317333
48414289
903622788
532763432
925988877
226864783
235612585
365092911
808382378
489030060
380014835
574939121
232206970
555837343
127642149
807234296
16697738
886245606
953963770
45249020
367704663
771342269
776969520
695905737
200291894
579685228
151817895
792776436
2696832
294025048
4266209
751011378
201108835
379738054
173505447
131472619
177667465
1374549
523296749
685398216
662872285
988853457
789141468
619753461
839471881
89660321
149628952
346186197
658190656
650802800
795737830
923005121
107002658
860839396
54170233
209157557
461098929
590538562
311016164
923199583
573489503
27081047
211505307
285096144
650405662
688732331
886611257
907917475
703902671
380856503
96737470
291535410
321824829
108499137
904458020
58151317
132816816
189922171
134651281
853258088
542587434
670379605
921341396
193896232
994656521
732597425
926729814
240424526
605355137
439713929
597124175
452026502
8491244
333761576
617189033
280620526
376519586
497179287
206815559
473502369
969572054
73091636
183426097
860155905
203436386
554599815
14845168
60850173
993770071
238384954
463760069
313180918
367797885
683269240
698084349
97612977
374924606
767116855
640033056
652679993
340510682
566537627
720613002
602716395
805702488
444760576
802191314
96477729
747340366
400424109
649544077
371026847
211936780
916634075
710150095
437852687
277474243
203637296
236981278
205253733
4952207
546174743
423045610
888663301
475631910
568883920
212764623
116047777
905351253
232787439
613373994
489260584
653611072
806959901
875331381
916052530
216257174
507357935
162667084
97499993
2418875
788944736
641452632
561889316
367990900
143198573
323022842
35761508
918430940
936856087
215228342
842026217
366670741
176550251
571910823
885313889
877921789
264510876
147971748
46130001
179373254
242249167
923091828
169455526
714482760
434224193
734644398
359106995
373209886
948983533
952059359
772624436
45436918
803239263
414689864
322611696
325034274
369272642
314861898
707905982
34176322
573111543
573246851
851161030
992018121
33388287
168997557
431524428
595581689
980194604
63543103
76885834
200333991
120583358
426182108
324097851
308639940
437034405
614819208
236388215
741275009
243301948
445193398
516654014
82158131
76190618
212089781
754357763
634027465
622244247
177027931
239422201
956984188
592952028
687718000
826468599
864109441
788866514
274129422
462992703
413365006
50551065
462944257
556814039
558383108
499814028
620206972
839260523
646877370
175675166
448525192
951241729
267086395
682662219
427552036
163001350
199066740
427160726
353364525
379932501
864614780
846403471
592669088
24468312
888092190
570377215
75978556
349420955
494348212
527995025
532029841
130510068
941068994
855615449
610179390
137356751
629261369
372928819
395441986
836537459
762704594
871925145
355239231
787421969
202363496
857750847
28661134
618355350
417859335
821107765
845509992
509831639
424993877
595866372
110924988
799993810
172478571
866371278
561413216
369057055
477132563
405956236
575801226
504913110
917499246
672532943
334004421
483327200
823421796
201795872
486007054
496499537
885289824
835725742
179854332
249055701
596716578
641673921
683966391
609206759
734854099
864218821
667560252
784065366
934167537
276689286
534499897
34859909
397331523
563137144
12003322
150248903
599606007
939569154
933127680
425483666
785637333
961330885
140426858
181344132
573624081
655623333
260529039
854586530
454863390
234608467
438467498
802470347
493979757
282840356
316588367
119069370
967512973
294463407
48319413
462826606
615361394
490165190
77472062
794555588
738263883
204692365
93907321
914672250
784728510
503274115
325343539
712554694
924173905
605668357
127609219
256518721
28407577
776180063
176262801
162624312
835243880
990002814
275874927
723278237
680930819
743628476
768375676
863569525
376633617
117970510
80256434
994907489
929471840
939463752
594802259
651500048
939915021
151964624
124307436
280434370
436612745
291421440
497862468
149551778
351413218
747682834
807149857
25147128
600024880
212283468
288384895
796924323
99426029
795892017
700484660
785701329
383585303
697650512
671827901
816989648
890519381
132796654
162688050
428137203
515128389
32805502
610530665
889280937
114077700
9928145
357192078
475976578
305422983
161075237
492260919
960068803
867208335
841190060
626784392
267430545
765245634
955115788
185943771
189422190
624420486
674964011
706929614
496510481
129532869
207254113
772724166
150337232
533546411
248588649
320888640
367516528
382894606
585215510
682882616
731012051
391434224
597046433
773738854
911959688
24670827
269683798
795720449
86965357
240410411
501725779
219458811
847526871
679186160
350085914
776266256
734855176
663319050
156059069
495875700
929513772
452007302
220989323
907032945
9701635
390016006
377433555
961529314
685419328
859252435
583576141
603222665
948192213
898126341
431981493
211633370
456008133
914696292
349125827
441399308
208322923
476452264
915532245
512161617
825794375
601876468
13685827
494694110
807893016
303236338
81330745
159710558
203360204
366578867
414610977
416447109
248543454
145568255
92709494
523832940
19286694
261565808
525250232
879692038
37092946
492552527
480722037
220454449
134273215
700059593
157919562
866199165
527389786
655600927
743691127
762232473
806871092
744111570
702033839
420953595
44620546
50307566
13599488
714234902
940111333
267554648
170245401
722086909
69173547
715886343
634971584
687283194
956379252
599553925
582720724
58676916
221651965
686038831
130885830
525588517
878538066
725338924
157456910
401003243
224792007
57842393
285889937
608140836
278369157
534263593
759506760
709113087
901272078
823036251
12061116
709973912
841949546
287178816
99573473
911309158
547952724
773156482
767431914
224739390
350656508
739687998
400300200
513694691
979204722
330593557
323535003
91677925
240543773
802070863
960976849
936704322
463050326
942038339
5845188
270439397
255401950
375806937
900491959
724826871
341313054
47027966
324858143
953709661
600350645
647506353
293690008
184875970
430366156
568158806
602619998
128300851
569490879
137197436
144914144
62826522
92380851
34201996
89197619
274890856
171775359
161335297
659391587
974770523
951845062
61780917
388704989
819921386
236307961
42081157
148308669
831266337
335681764
181352353
860715380
612596591
291751203
363695534
26772572
47675188
662048247
10320434
839284554
662144671
543518158
288341578
951967329
651683247
724396651
40795259
192804061
452748580
583448107
771839637
193229090
871709514
96682755
380980961
134645431
995834040
417944396
913460755
732123720
139474765
314140255
511974004
703739943
92807838
103398650
92028490
353006670
912613792
287677405
722290993
134454589
327959955
58310800
867427100
118380560
297660857
537254092
204021752
558093422
86886618
759787757
371519712
11302937
987666401
49641234
845389153
664105052
385408388
622455277
567315360
389457932
24441365
883208762
380980097
583346871
660560679
325933607
410161440
322127112
408862512
243149331
164139131
53151507
736396459
679866911
785335867
21266618
54813748
127647286
301879403
790547695
563294751
200638891
488755620
728339328
208890014
15155792
145606454
304259249
11527445
187885969
937828441
446435330
447481119
963886034
708873909
682357878
233000064
534137677
376062420
937560927
101964962
549915644
533128835
317402149
18874379
208682330
747573274
801096284
378410959
696177731
857408752
276421763
906642010
42436887
970763775
417306448
433415315
186569714
700795908
212874879
154565656
83856512
629306870
600884558
244609970
84866117
190003958
175087125
904650068
80538410
37793373
372674347
74788338
146508689
755337468
237820099
26764545
166837856
261000108
316331472
597090393
922272042
351038449
723621770
922835003
490328325
234641661
45488233
590033590
420702216
520974658
18296775
437430063
499624154
557595406
411904032
929127823
505257670
269900036
362870234
402003634
375925432
763204403
179500881
857900454
911381829
841835616
155269634
336522529
501851625
335042811
876392833
61887606
498145319
584062569
876573818
468720129
774751480
530091386
537057919
425666108
884104083
611448332
743684137
404482835
286852367
595213240
335254112
809578074
308516909
597252992
345027559
562247567
40244092
21490711
329242472
20003676
389449480
985578792
336808366
853713675
806646101
450859968
86431841
802076
362646985
63667205
463649978
193062130
372699152
225530599
713900870
60824313
758217553
76720186
326875068
634359472
292288784
572698494
997613240
401196937
452333401
908243968
644867325
883716887
255274410
586127262
102315909
607994495
190944553
66178064
331345711
330048817
893559875
381519641
475857069
136723042
281573117
928556163
208657397
969360706
533457898
96397143
57912084
508666947
424915343
654590591
724582125
124745754
777591682
389817713
896865118
126241945
651164418
319519712
707385168
942705729
899099608
965656310
673290097
919367951
487346920
709699568
203805780
216917008
927384999
1414908
962451999
415085302
273080209
281430345
431230753
426295253
627675870
390280960
972375259
3386438
242650100
282163509
818968904
530788446
123242228
140302254
96093291
419003139
83268243
48481640
675940586
613360208
968383851
863132150
245183019
830469782
894228482
961191871
490590774
678375018
766871459
434392195
890474399
971614237
714262349
483223995
28346127
441464752
142009599
548470355
425942806
219326674
171849011
3938797
397735620
780928914
993100069
152535075
202636150
203747303
243030688
443298614
828349358
209183400
846625907
768321500
958166456
443603362
322957278
379761222
134463469
665067269
182596648
842334196
917497674
848061716
659389317
839558777
937001741
538286618
953070503
206396817
849374485
622410068
759207390
934228830
17437935
644726863
81193272
323703356
561602731
673013897
25621796
950144411
829566587
289879271
248386626
890475147
866016340
399408164
493734534
177856081
219639863
612127378
