621697704
504455644
299489427
236265033
985060591
624801093
371441157
706909515
922415666
151684675
718125042
673281083
731268910
202656304
470216944
913477835
932595229
673885411
340660615
784058313
294971353
507487406
709641002
283227253
633515342
981432572
266383590
986497992
920002822
552919186
667275819
944362680
102938321
689587572
405778887
489470322
421071940
264178419
561928986
930715108
179613168
441997460
367492193
976918569
808394327
356408293
98748193
20515620
538817356
117591684
523476606
792220957
248961602
685401167
983858742
678011381
776890415
538542937
125576087
344203134
652136235
874931035
266224825
485665036
820454749
238085645
58072263
107706556
741262220
959799241
37655846
422823614
599366009
971542335
389668564
934075680
414668577
670150243
241741986
36327081
460612227
760176374
847535429
910944533
481436850
537405543
129683120
19004003
815429951
125284276
372444998
812275745
361764425
212778891
778430150
659424178
555273058
986941134
390365929
974491555
463998485
585198272
887426841
301219004
804617602
318920271
301191709
91741229
697410231
818598654
605455034
197707645
548008131
621297435
460558896
6226219
869446061
240242190
570425589
934628096
254079635
822360734
218893551
87458761
555563246
281540227
155515165
880056857
144312986
896254992
55644405
509007085
21193147
963037968
546384336
831069597
105200055
798037671
876313033
332952254
402445365
92376295
657119265
663387311
772996404
927183817
635549886
962554781
834395002
440177249
55314053
97828490
37400975
901701758
196201682
987254372
985873628
699158251
8686241
411777920
765759180
938228461
750610271
321835665
530534912
650325188
211920472
586963923
237967442
526833213
973040094
218476098
117321471
386750467
955369435
45645110
445088193
855311670
56108090
27562589
144543264
170225714
46303365
317701799
329533177
859272339
691132143
591858834
44224360
917822867
522447961
517449086
714161738
68369699
239039630
570927383
716619283
386402124
848469773
249238572
798110921
572239220
655412523
418901550
118734466
156658397
886756751
207227336
884610157
693407763
6749051
699123650
169423641
822291912
157242178
988516358
132217101
916848884
693856906
524888348
525939435
217225652
465130961
92947405
64857565
947942999
710080647
821262966
181049791
320813613
503831876
584637598
412628158
686987238
847121090
823205527
322814336
899975086
231661992
40074831
422568154
750192468
834754345
721049893
965140660
756217317
23655318
754018333
388989981
1968126
916526972
533598532
898445169
187794925
872074750
938375174
699430588
611729909
309848629
587376840
222409424
602463583
473565062
444725380
954594157
5502958
852865004
827927789
475800853
318609804
127829019
105920582
465051318
438824213
177521123
812852225
327851574
417769731
413050706
15911665
546589754
125090153
269779890
718815707
865319665
132293875
419914862
715637211
842952986
833018723
720751521
664399627
494514148
833109755
493740494
103216478
869128544
469372197
226827157
486382996
984986639
308855250
560084480
564199977
339892751
480245174
589773417
156610200
191872394
14890963
502444863
789585003
756332426
360597531
991702051
146024177
12454883
361563337
199631310
587499501
837975022
328291474
284072461
298595196
22622147
447905719
199804339
563503956
718343733
353367008
102023232
411508797
240796885
910919668
415379907
462170060
295561518
500110006
673485766
271094246
330263711
227476155
163437135
623501043
330044786
682743255
988895198
222201722
382215981
484264412
316244832
758476656
52365745
891517541
44055368
709251321
108940920
371024534
687501442
804932835
840078506
93699947
610879712
851839889
722988837
801060546
666599154
292089802
594011371
662005258
157059202
834500548
413463767
202206191
307108293
382243988
328902583
589163379
296555138
418803607
677398223
511985490
555354447
693684288
404487471
645594478
109312801
51072128
274139332
148412465
674454506
229602412
778484051
266239483
819689822
6026657
500012187
576956889
238504999
906682828
932375879
492197969
344567142
556661821
639899791
687653746
837376888
976263227
454448548
486564175
775868751
310308366
322616794
91817607
50378252
861510710
546792338
783951591
159970131
175653001
75909555
278926946
340335294
336205722
990982133
770843903
198440607
844827490
191589487
298160930
756673930
656510678
884889590
977751582
427877160
452342812
769361424
200801040
751110923
393893070
399209866
850369858
832979980
656789366
580178540
343074115
723705800
38201581
997716247
705489357
804726487
807846805
865888370
886134606
938277009
713548188
41058032
877738403
372774293
325227299
463676833
396165393
979895813
828062793
682357357
844263297
93282063
47798229
8088028
914608428
668047768
518886878
167987120
170020792
145537421
642532092
206061085
556626344
113822242
900978029
606148005
88600259
873524496
308337343
996375507
822082923
426816619
440304485
656072775
753282235
645601111
128036670
664717753
375531772
268478891
201834881
826958993
755397362
817139480
782425745
792696367
3999459
605922607
601753477
1442485
75477174
493290700
861136526
764853334
216374843
720218399
206128655
585164373
473129605
18834330
682820514
760679274
380371367
23573736
553503917
235555738
875081740
767547256
374976136
180949042
293140309
798331765
547376736
461024159
593338449
264501609
429625124
799370473
961528822
828121839
693286207
739644030
965930606
678736477
115773035
801639606
465432798
22853896
218663326
209710701
459305311
524211836
159535290
405590771
909095035
763918927
483841104
750227837
818531227
125950949
584958060
813343000
594691960
288560078
350376162
651781113
797070868
146920098
949152771
549908764
899838143
807379422
613058596
563955544
289162529
31607122
385008072
361529454
821750938
628790656
92345101
276473274
310484314
925737813
214022041
808186300
471086956
418698337
885672141
117014926
404366372
548956144
281077478
291266645
769430427
663763921
658226541
784981562
409078706
978255154
829627923
53251778
256315103
405418710
200910930
794856085
15365945
214921151
714086983
806769382
913944500
573711130
320246033
858353411
902467294
97139837
8050738
464656055
895853312
498224458
329284896
683387550
986187012
856489146
351916443
185175067
447494491
249650910
737891740
162712099
100456417
14881179
768940495
195746000
748675387
518715251
82452169
179340362
480573652
69861997
444989046
873184128
501311897
685814455
234634529
941324811
429360269
476482994
329877980
74039609
547617176
614543144
931855910
330234556
231126084
614640467
506060409
85826132
989816683
340881671
124655687
84259823
486274232
115811753
310090740
687137777
921672688
638912329
840962616
692829562
255246146
320280761
227798231
665539548
838561343
696087022
871911278
360259226
948068056
600687092
6838393
555861567
476872289
174451232
234882017
266587043
933754462
884582726
376168611
226025435
334009171
694084126
74127387
273766273
353039376
733609449
238948469
992478752
366997379
253966598
316817960
23904476
127497454
563227727
668616691
868425454
644865463
823661247
370101380
453421589
817915462
355940300
826757060
351326890
193900349
238634397
51512698
918133367
197158818
672765364
735129595
542933544
997452306
392278845
636666163
843809300
593338223
921229596
322208450
829287501
116275293
515311189
954402600
42116657
719976253
688632285
680076312
808337547
56855844
459261538
480606962
544948005
368241050
817624332
782052107
865642917
235552286
48837523
611852520
870239039
372985411
186085947
511877390
918298365
197952484
569052624
536239122
466539365
263801969
609630565
907298370
443264188
954708671
809603979
479719495
199335459
152417924
626732289
683894519
908950745
888959788
549470206
127123991
257500968
297945143
546040456
906571764
84911293
20070497
235143936
471594803
4282384
579122812
571899835
313927121
805085718
76456735
824358526
251490880
59438684
161493977
111768904
579257988
330911962
855019661
420091084
732151592
71082412
702562075
561400617
375254424
5378896
169735789
722687716
930336772
459237262
602745154
17036530
176178018
542264106
479933769
741966136
916272553
98882357
245419684
218262887
475236518
418655488
459861224
653655616
791542703
234795456
894608874
573696334
330527539
390961451
943982332
39406812
34648934
188457014
200461890
349256197
139672368
661963130
453154562
65411903
931207243
756955382
10196988
266338590
365362686
962531013
109486659
117303668
509123787
373377492
769581091
545912694
87171455
127078405
362561347
468759562
46581768
6785269
745649269
797571752
135368378
761668033
967240434
23671053
778188410
330591410
166378551
983693574
488230310
286980962
334036728
108064014
66912053
358080201
943121117
802167091
425603281
115548424
800651092
204084107
234226460
797953496
405495490
575235969
9436995
314845795
481481794
581884335
382724415
751392638
306801001
229547276
79940944
693069984
193881226
388789460
548861455
830896724
560950340
277687938
822657848
725959978
323638895
292025206
677641592
750315812
260936123
323811403
211853150
849580493
379856037
400956755
240114497
882481904
835893883
85886562
784188317
926712148
551092770
424160078
527043982
79060323
873163799
432048606
993767070
592195153
171462938
889768867
234286006
354197254
179001733
758412562
936975407
151411596
794391825
736372896
661846192
596449926
908007859
417831611
108998722
662443773
518301512
311977910
269201246
704516330
62802098
607697267
44196395
665175600
247544283
192149922
295080777
133654973
293338512
542833113
693464314
609157158
49447613
372396869
220875069
703733164
307777608
580090191
494368105
608550591
464314930
914832337
607048237
403147760
281740899
164350802
846383514
554903330
117029875
304303834
575048706
412468267
339169062
942395530
176293401
792796260
617321153
489178359
435054269
446552791
821884394
680757063
11539619
305248485
845283247
447798241
257393399
203298656
325298133
295894102
273909143
276137005
77983434
795298818
15869596
144812043
578198907
453203696
716847858
976521652
226988608
483240419
438119734
313365300
289868845
789723567
215971228
419324127
802124603
718100400
609319190
858860831
560231372
591036627
456334617
658510019
210318892
647261671
