614746295
181342300
804322188
802108514
106908367
276372165
539944791
192439998
121732617
561074757
9441756
239110309
690491563
896446640
118891136
868171498
309746326
350132037
209492137
53418413
472987305
249350837
673197121
800575988
569910725
857221042
371711297
144473310
155277120
154937352
217229403
124186147
987498386
347585864
302559657
656743935
691538153
538391915
105303625
663255339
329201581
578782149
785246067
129136991
91568756
66879770
67376886
922319708
308072962
282965350
885024942
800712902
195244795
606648042
761118455
656727542
780642478
909151880
285810564
669776270
97519383
380187954
681395649
734665138
54165694
873223833
845918999
234671360
206596343
695173327
922862719
360472522
590068609
838724848
787758699
422515238
599094518
67051468
654252171
362226627
555642580
560154573
268755540
359134906
794628418
228507361
237472667
876514540
27760900
880845249
932579560
995304129
123513046
617257797
211506346
292259073
455225087
579156576
251293169
687476625
798715768
339381943
632400504
411069957
616250534
571263800
530245866
982946951
373016680
172046563
759542069
86932741
492430653
413635643
172995437
34210374
319967040
278562556
850274702
756198334
587977229
58525929
760939463
96312083
227500853
457608493
179819999
59274378
118830477
475594990
425257291
210702761
18664455
537312624
819204097
457750122
205798293
314814481
168008687
993574704
666906792
179296501
369552866
712128850
659044863
425051275
831965693
684234022
524561438
937887237
870492664
77995324
913174614
60286733
815612365
44436105
72135322
46736784
155653008
766029887
617052379
939589373
549145718
785802268
140071904
241064651
652983075
91305759
390351883
117373497
466231683
949304433
228475614
756452804
243146912
496242306
161386377
217717016
888564795
490635446
276846701
997112989
741600103
611492719
730823746
997059934
395489953
991993843
268510706
582294695
137445852
408865957
117775512
898859899
694711406
525702969
146881758
455102056
809504993
460908389
144460694
858464346
525618461
563110931
918996431
691702726
382966896
305317650
89191672
941786160
218387185
436802811
822168870
253432078
628815799
154154959
633387771
886038222
966039481
769416515
981818573
155138690
415374827
493600971
951017774
595077998
910369110
797976582
738454232
642548766
146730236
797234721
294253493
316534995
648438964
298370197
753180759
163804860
928733533
950857990
343737937
462243824
287374084
150615151
204320152
676871101
457842781
3050965
336917210
480797760
663657299
684292088
746699855
276795512
680672162
169549212
685829880
501161788
328721934
158973344
828751669
327923995
984447949
472668469
808253048
201891658
870369956
603655280
127038659
189332258
560406721
161709189
826898797
523813012
135003838
504078940
787254261
698863322
921014551
887952628
477369370
927774670
551026571
361256338
756254029
944736118
223363649
795065153
198907235
173375879
363291410
39159511
694206785
603560733
889755900
868841797
320808136
803225833
570348578
447823035
404875861
363227291
824533925
391216144
872506996
775946767
67613293
320047309
200758868
986310
447092087
229360364
103667261
355897239
716265153
508656485
205535957
627490386
176144258
152960973
858894294
228292032
614264586
80540076
819939630
592208983
660999045
56257078
254651258
583484087
990045346
532767503
729994583
623154467
886717203
486414891
992826239
61109589
251653010
180722948
641614419
822450412
751668050
272075428
613810979
812618017
222669521
985747045
981148568
782657745
300557270
807892305
67481648
721732550
52588597
926483378
389537076
324787768
860459529
514344888
536618627
114997453
340252651
386474087
328324029
727587127
288574593
948855346
418016607
761065718
925715981
104501828
813286301
984750628
331636425
728653975
863341230
850728567
380803334
416546150
653328224
782655480
69059771
775505016
980081374
776869562
382145854
232313379
312702569
205957625
684832793
982036940
977353120
757382907
923753661
799496697
24741681
657636208
475799218
927713372
534164132
514776876
413505554
468031496
474022970
611662309
31453827
490633848
866203185
438016231
751380173
876320234
271365121
917490036
876456497
308349395
606953255
26335513
391867580
882999928
791793665
667762570
847097811
154167421
346330283
622980043
727259890
227089530
238749963
342726181
775173296
827010983
87514852
580758371
283103201
523899349
971888756
941022195
735314363
2252600
159412480
818521358
436880164
242411279
115774396
466227265
31322337
281029913
914013643
598481515
58082542
472281987
627456050
434614518
776985768
844794378
136706592
145598945
83330337
382437513
373616119
932956572
144780063
138475806
809504152
795955782
310147323
224110419
658157686
759678013
718214957
531478104
877765879
45850892
369424907
395087720
445216559
541363213
607198279
275231975
181764579
529669141
517637954
713685626
962809105
471468226
952192707
865287837
364772835
724025662
551384555
374910045
630398900
12985429
560006674
48872336
806082376
311082266
624510363
507531609
533147853
280938509
617929667
829616432
76737186
707111403
702820450
575559384
153059912
222849745
677402602
591965678
121390354
165487863
307341505
247443443
36074618
867480476
807027635
963773938
112029896
583774216
46236667
94902752
271238266
247488550
157579524
54262259
124011603
108977058
749160495
584634856
701211218
54479631
269872571
716975724
941397987
18715589
194397361
855817587
429902362
428193216
368114258
6333982
584623946
770654089
833894651
694914554
332186906
660534519
399244981
127660552
584491533
333160816
756445642
790702487
107673887
506489107
166173010
991443596
403689387
550747074
861231416
717053160
519693882
446162644
2166009
147747668
34009310
372090446
607739857
524015193
836755604
573638950
354726037
503200487
714982929
119978613
943302941
77345165
975831092
52552508
90307382
775963154
761250473
272264179
545164680
691487588
995285470
61572873
987707197
681454851
194114606
739553261
432305904
493972157
566778807
582112772
961558986
692764523
860837967
498235889
290474793
593282532
611580546
637610435
962825205
715474605
42188893
849039277
362509851
106823539
414764131
328429115
426546935
898756883
208110018
832399261
931587890
644022229
535788462
257674813
672488058
987059870
394901540
504318859
16103359
673179173
148872095
275528430
537930834
38661063
784855791
567865271
986724303
619096
91007415
417045445
456649022
546866666
818268299
151641955
708832528
281067375
870759710
296656976
292591189
682385730
367955166
964140509
720649571
982556465
935243933
888776345
920225535
616435703
155307497
163289102
323139805
407274866
58177566
251096799
126649909
406794140
186936540
798592283
554826318
354437278
888512128
622764783
104207202
703587111
732837456
801398650
121819628
932610215
190679571
311933726
857008478
522122789
115169438
229593150
947390391
977110223
113473715
762588471
13717143
949215224
740274848
867241801
628823120
383561580
270009350
840197053
134710952
872863732
855382004
110678159
918421808
512006899
130518318
431762291
490893409
867595207
703591227
631071039
788142046
671175697
774093015
828233082
51248328
183713861
537056702
44733806
495149038
154098700
91916198
218867929
255048221
959798709
287527862
919129194
170817324
265883400
735527845
545802139
923363304
775396468
755836132
425523505
591124625
933031586
416858916
147900546
89350198
382067243
295873552
776084128
513640536
701817548
261844231
278561581
535640390
855161872
483537691
806736267
173425666
375653949
96612280
251960618
585097986
372814857
41408578
791101877
745609826
469348314
574539760
865659069
419240822
303063096
903641083
54104725
820602825
434560539
343086596
420446538
632143045
841418464
954479732
627079991
153547888
454676109
234065215
739844227
735547237
677521544
149402287
936502632
237127782
620406693
148301781
356132484
735575132
16986795
268109535
19207386
314925016
703746398
369657705
675854439
154404147
743547707
459140393
767385336
808574429
362617287
558428667
920370331
122032859
743793315
27067013
77681262
464768066
141162669
506335839
551894233
130237137
624025246
68921389
586309194
39248788
92985102
801523176
488836390
826500151
377389223
981981133
850900411
406974076
770558025
923995349
106957862
148674314
207407254
218636802
785836135
68101787
273425013
240581700
112612213
812651689
375744785
558150405
941351611
53998152
655069075
577571885
565399224
658580058
775174055
319041471
784985250
140887615
772803403
448005828
966294252
283518579
37953247
283184997
399574201
795440275
678565797
621884574
391864212
333497044
528677458
845170737
60281655
900535135
850562067
882581887
99789190
331951115
813120538
923329688
946491236
320819140
596466989
341502141
564208649
176600702
889912647
844559090
272534901
718976799
425935087
314574561
115481725
892337271
145777529
439997883
729626968
542552990
506627792
267389791
976320703
297452035
129003102
807912320
625918202
563692445
835821087
891568246
41447621
622526084
575474512
564570539
908844548
99900295
162063334
905669200
237592259
379757038
216033954
795823949
803803095
974144514
420839084
16862206
178597876
913551570
462009711
118225026
946287773
650373033
268550143
481050359
588349008
416950748
274173232
900556259
517492315
31052310
13299640
944649721
612479622
381166461
603491571
745575965
529956010
958830133
327623898
422561788
992159385
673761675
774183161
491650886
920212832
178879746
363432397
853385470
426180512
150932085
514949895
261453677
487459150
394508516
887970573
653042588
697380199
535734085
718436251
363287173
372263706
639424760
438719795
106211278
425661431
193908051
951742775
484655481
456411907
175984502
392929963
4189803
226493517
254840172
201270492
209656133
242602529
2071241
460006233
464420740
942927430
230160143
181654763
586137477
206731955
134959520
342724456
12309706
907760243
539631358
218666393
349815648
505783383
878927481
620034493
211833908
109231025
150925338
218486659
108520934
294619770
345426925
318395591
421910717
459874024
739877998
232306187
680938429
623475812
52161074
607924036
955476068
76672995
345319776
247785416
195870719
937345087
489296358
72625504
252385275
629592995
256937489
545796421
454024552
179205329
145728309
563981161
