531941295
865996126
277972973
743973099
297284995
95214093
127282662
845640202
785785318
674010695
675668524
128016657
650603009
679027884
871837120
881425523
597735471
74816821
449530591
515216947
576484406
792566549
78732554
268925384
238447744
995105821
485975939
772762096
774103192
974416262
765066412
107927884
554305116
858926804
117165209
468645672
994228521
677520850
161263409
290104441
491899263
880822108
397676398
740116195
417862668
563294264
308608401
250265509
449796619
227135075
3625074
698402490
553823304
245202835
499747834
506445896
115616060
764832830
987485763
985107123
705651031
69731418
67489790
682091363
181416253
190068775
258904018
13386777
42403696
13597699
581374920
555383664
424359501
650559824
784487433
984377927
853380703
604077772
956884546
215207756
123097909
841245685
51549529
207971175
717731483
959682017
162201568
748278963
58360015
121300101
684905439
844601520
291379082
231529191
588149572
532613568
267540654
709348268
684958283
950272815
480934695
733280375
433967548
665032265
255498863
893101813
433860302
83962722
580868020
597102345
122615518
250545342
560697350
54075718
854837933
807523954
88740831
745185563
385036811
662453755
555130916
101848499
119312278
881615547
187188010
646333981
503467180
400233773
625444742
981174016
809576612
921168631
965224943
462115792
45635274
695437101
515904429
294493939
337754744
776839941
733498317
399066395
82286659
977697959
539592190
260783978
946424186
385195765
56152355
562809068
927705777
325244368
137084198
394050194
211721837
772089659
598030786
574217910
712383249
910765157
695669055
451851164
660330095
188971899
582199049
533384684
759191722
75057600
815614760
698605053
969234830
986126426
679953498
144225594
347479344
188273456
251233098
120267196
218247787
787795072
199537890
821394696
694969654
392524022
76382263
564234615
720718027
860209134
458850230
64184184
432620276
933504525
381161753
993379111
572314338
89898662
561751403
107545033
715537344
492967191
31118832
611743050
314291907
856914572
476493638
31406972
979729792
892255105
206927029
917376757
978019279
754794669
560357955
460139639
31511014
850790999
570166323
161852584
885398368
493914264
882085231
976749586
916678399
304453039
225437298
533133294
494510696
50151163
732057913
715535070
791767041
21838023
880218030
169444367
601829574
93924753
217517254
671996317
92801062
249189136
261286378
666405676
833124128
525205720
173436786
562016752
816505619
958550717
978659462
746957951
566684773
31458303
198186055
941216738
416950609
882534525
78446382
394782085
770560612
157697412
284630428
672372491
829003397
717415910
147545063
717159551
887067579
384925679
782927206
624857192
307896375
711232426
810074245
834312480
465067719
952896682
40295643
3580769
685489125
98531831
94463506
833555195
902714371
760070338
870813
910743626
553554913
918835782
70247416
615957823
670650440
596550450
564587807
448254040
997307346
109996438
778852652
408107054
854297032
781273262
59693291
744419245
62711931
373373983
548084532
308292952
876902057
484575806
193592827
755297175
214547991
529534036
351448496
986285917
389874920
451570082
432938347
577596075
274531527
661646215
983418555
418190004
729573890
888308732
36089491
459354212
4838468
295404475
7079841
354581077
779098773
545361303
733475104
729546119
257308487
420709056
185553445
261226261
304213936
6484840
40947891
286900123
117515484
291063426
928891078
685244923
490116456
198707929
161060467
846285732
805004145
253765181
849534835
683752815
483562467
790612155
452858128
693268455
877650018
683485092
841367318
539956825
417433921
739503839
389182461
16345785
329469716
785922290
46026853
670026652
430513012
365288339
511527899
107415367
324561112
711101006
904294404
61878439
744480718
330443145
748140749
122796673
38152502
503543361
156019670
97901355
367274872
377888121
132693259
122964896
522105375
220612185
665109585
987078069
515935588
542741278
101770428
7562415
467495786
245541553
200769125
674649274
821904161
442722612
508448322
148869901
27016070
336994470
395897935
168718832
636348959
359216110
393812772
498036158
948376885
306698366
33756044
931538099
317081183
304474115
404603195
26772634
28186275
196267418
242194860
902859812
369644696
217005750
796768749
558915914
23028329
869929
592500219
411779397
37607917
76021853
220869087
679819393
431183258
484845979
846983905
263363245
625841163
368699334
37198091
19238702
780396153
622591817
748991338
970369793
644011577
727171525
769149479
964605603
947899601
641904486
482769207
435027763
416510342
441375898
798515876
294821717
172947450
222470552
175520743
311493738
412511316
681523020
423063639
230008634
450261063
98048517
89042421
215009286
991053870
535427456
952194430
840478889
981130788
447327644
34497802
32239330
620493014
327810870
973387312
70983074
493040421
883374476
238996080
65425953
43322572
601082666
510146528
834535828
279417325
364293149
517233115
263539519
973515710
292823751
748012019
818784926
406217097
246151454
431338247
684312386
586536508
563244645
28722838
463175340
952055350
400968063
26623881
470470582
158293588
31422801
41218848
548745649
353889554
596141201
590480404
581633194
291860374
880802745
713554202
713757597
658768874
535963854
52082643
970177021
630312408
379906245
602977797
834569933
702458652
84998123
119592937
394924994
346663229
970631009
827571044
265826487
471781106
802619816
788644354
205275869
821439254
518715205
817271716
455950817
519415860
221703649
964403616
619120263
608567257
836528411
206085476
285272439
951232498
94708524
390733910
616745669
386394975
693039213
81918971
693873189
700936612
433784740
183232012
269165382
637734139
776518559
648113257
462621171
395110958
901779621
542202614
190516669
584355947
415019135
456557080
827109924
238695302
142703355
933179894
905054738
188524717
253676083
170237034
61042085
655473648
558233930
960597726
198872702
779944793
261443679
367618146
326502098
536980026
363630663
104677433
727569194
706564703
195658354
764621116
598408722
380892448
820923289
937699430
800812848
344081291
461514446
833906679
958683439
368759813
524876393
624090842
151228059
694238906
832108741
3467867
355378971
814717943
337358106
268916875
305133853
433244653
834733599
750484427
248963368
98537201
491766230
535701584
235973324
292329330
334496721
763270923
679657589
839504874
474760631
270657774
466154013
805541784
662139543
685976954
74505002
309473785
495411657
319124352
120265122
91232007
428823225
564542975
422936150
959296145
718418802
45219568
248155654
70438624
676716083
167296565
267429229
905469428
747603417
471876629
135718858
677804960
635897383
220288081
791899470
297970377
110541556
372100901
428790329
839541004
187041433
518595060
652858572
556172102
358339052
564819733
708412452
909605910
680325056
930767274
969690330
711809017
559349371
348038352
294759630
301576437
587356203
278165772
523530213
124849134
499811459
233392659
390493700
886243977
619303126
480376014
672083706
455112857
596334210
3682615
955395508
320732509
483947832
849359117
86719391
297721512
60189631
368203446
292642878
313973856
733364695
207827940
873821653
909637140
547365394
655545187
154904661
812257936
570958071
450732522
716843115
479431228
294565024
351775897
470495395
473110048
913363725
754420978
455717667
973708511
149223890
627127349
173708573
632627346
909203274
609075051
424426643
741117082
632113629
406394710
937658458
678257662
797829307
572410160
158928117
211722537
945711252
695809429
728691659
771166466
172083898
802653823
298087951
931696525
23903120
788647156
677015905
561602464
130184451
288751821
387434148
449943360
392234192
64959356
715888652
269585235
294670523
483703437
150597328
265447514
235380236
269473434
942076227
914084031
7524206
3076500
227897260
868284023
575136540
451101380
879162119
805420375
898328363
683872784
571917568
853455426
820958135
261818236
504794804
350313360
843230572
317428334
838075833
184314405
636657494
310884966
238440973
48822451
721229672
932394082
932327706
791920913
928845861
987493664
82653603
374567360
994301738
928226215
652323029
824227724
68880189
139659289
829113365
819477801
208410557
604270107
274366854
910157292
208818211
269625798
783990378
746337064
103077814
342175388
283174754
745158475
340708796
248841916
361939013
292018318
133216814
187979071
669268684
395413217
874855247
518385428
839955811
350335557
151884497
849818904
490969344
795954576
199421385
570332548
683060219
630532169
225570097
134026289
101003580
923512160
554762523
765510418
988740281
8088716
750417205
905957229
398793027
905620744
27246068
341122624
531699264
881351886
389481150
435097555
723788582
380288634
331259983
272265560
927452641
185271343
66147115
228485716
184365682
54823169
604209824
397962611
296898452
107388385
144757849
667349727
685930518
778726374
870180078
702685284
563236457
922047787
870964764
544797869
115737697
553696843
122053508
287720878
872683580
277803460
219784357
107014280
577809613
732321198
698024049
441040542
685737022
616267879
598293959
821025606
222925967
695228077
202612002
236051407
311147747
160864100
945779095
848031937
492782494
602587746
801911181
642354192
61915163
151294802
62186713
997504920
575545470
46614572
963914789
373094079
145331639
624410058
563998220
925319231
784105518
133079400
719800551
319270443
190073064
970940112
165657005
81512525
206285056
416644949
368130233
363620483
949589245
870445337
122480018
112104700
996886881
66482938
27755496
921014494
210046685
332845445
516969711
674872600
637617972
869659172
951573066
576018929
765539305
577859430
933845389
69426472
905555821
808555913
543547337
289158042
731387885
506000072
484878633
423500733
792497314
600610020
89361291
588547862
311447789
535470583
444218838
810916100
624933083
219053828
807055238
843474992
922796364
553616520
102341858
839162997
41492625
848810224
198283008
