855888512
578699597
819718991
507115806
75423274
52767859
320708293
248437891
113333801
988425183
710797138
201458101
837029280
972851658
104067747
898910880
24589000
276483704
661893786
356435417
992502580
986857909
142516196
935028336
357795411
475426402
208186803
323853468
719764524
712071158
548578223
924402659
840630771
665547959
148092150
469029527
190159181
356936149
54854652
340368189
813159903
867841609
318880497
171643932
584091056
422625474
954769363
456712181
231805427
968318829
337474965
953436553
903733031
440069180
512580370
720057872
960368669
820770547
627672466
566152511
844805573
742978565
320569840
761212243
91308430
24574958
192151610
689288288
321268497
302908639
575585170
546407006
497717534
384714676
392248719
923829560
292631454
266350686
969727974
978197468
947393943
769494394
326190510
954506258
940134924
820382844
826758008
321894191
725607627
720727332
154344181
718261546
801649219
588708452
824782515
155333619
520156459
234969588
505427770
263318814
314095979
10325120
19710974
524410035
443543285
473507692
473017185
945493008
815675032
93934706
61579240
703497337
866284919
871524137
946374656
856274033
734804609
763724437
868657468
103651461
819199418
579576513
832480442
454496918
768879755
34808747
250429385
626150389
792792240
505032995
343476009
555852042
731070549
47306158
724161973
575435790
360377981
501727727
600493856
110742939
377859184
29655608
843357288
524465483
384120766
766463020
526557240
425113938
907176329
952390342
814813623
678255533
782874391
126170978
522879667
6829675
701768547
199555201
691252079
19306505
599360761
65658018
938303245
264839909
523852965
931955148
810517681
798783062
854173840
200206198
877948407
871699708
151168357
285897110
472175430
574487461
47483965
715657086
11980970
368503162
6375546
93420323
847328201
406224817
498938844
34904102
994506321
14648243
292512782
170999414
730405174
188651354
397270626
449156981
184349408
878305948
297245261
591214296
125555007
77504791
5472458
2176166
879340465
990165263
744312134
105711579
779115667
923542492
660044288
211977022
634286115
733080155
408717745
395241245
985637739
90289498
690078365
152256534
176977661
528794603
974387808
503076157
729328255
657407290
639175453
573876214
770394773
814545424
684013013
253168228
521851215
501604100
516115816
769443831
694435448
770846931
945067691
730903683
929724042
554424047
473855074
155139748
143813401
408124010
775332239
838831277
942021418
388417202
881724171
904529068
341051539
260651397
407110837
734687615
43856392
318652369
294325672
163456156
556838684
731787189
950576446
644122025
682912582
795936724
432036248
97187745
438972672
731576098
677534834
598104055
855026020
934458776
678818765
986603157
556273920
931808333
670825417
734272623
538563076
560103056
402921813
190101707
969834500
400482351
267035875
837759681
696793044
553862992
321950499
532703276
716045723
201366102
298080005
533874644
654300034
274017864
653988371
355244762
137835739
801085684
548096496
710929865
715497131
777704232
447965144
51654351
100971932
242483289
731973033
832492054
654768912
753354941
750313228
113744493
43415138
146673750
703381292
592529655
84718395
581674984
700912777
831809708
191972953
669004458
859266114
981387919
291932026
72596076
507997373
115175731
952639867
488391262
456460214
934706076
1857433
39903071
462316348
35230487
872806528
295161069
815841977
364585032
128531293
681668711
920180802
641049234
677810339
223559586
597180927
619625682
133109631
254291115
950624440
808093083
669514594
320618495
909054623
465399557
121191351
846915857
674357834
493173425
402440829
616016524
856139746
104587182
21012589
211336077
218898409
261257721
945540243
512301555
943914574
98695804
964697000
548105053
163500780
717053330
128552032
973821757
351541027
856811890
485822626
215900692
155162534
475940512
222598744
958212646
528058358
26038972
174101243
777013687
722070378
213504537
837218608
224471946
595974000
362260242
123016557
588491228
394507922
293995157
478913284
704950605
148163398
234370004
975948607
116328455
592892916
893636616
419840944
899585664
733338813
93236927
868570805
806097150
211978096
392387333
200840063
149424407
176289726
972995738
128225252
186683733
13279713
165500788
103141677
354092487
923102843
149060925
903062275
565226039
761171733
952787672
906994474
632719002
251570313
767524922
276643981
409847842
38216786
208241564
297132199
987331422
347671006
850416646
617317421
457371312
946879185
453450953
107048931
895274861
352131044
990322816
591921216
180599984
271142702
79524726
929152742
892028418
133635210
620182786
847465716
645841831
542645435
383688503
352055764
306502929
314617473
213311905
759522348
648068379
4114920
774157506
385625694
730674651
738079707
506441864
282791651
111601188
795306513
836678912
884194279
643410394
963253478
413914673
218536473
140842598
49366774
707817812
885476385
395421101
858481062
910111253
361226849
685065899
524369467
602885839
354843667
286954663
250060804
32132388
912759038
589936843
233768394
419515631
427597894
939152604
145862581
672647095
823270440
834924116
948232818
809585744
522045864
311615164
786103580
395618254
835330915
270340815
179777818
373208996
664967064
174244757
62502142
270112286
930012147
603417142
188854772
947015635
274860190
206568620
761094452
171388152
838792330
399409528
241875974
354508575
847564054
921609875
846652892
869109741
214612957
308603921
4963058
462020224
831115716
490763626
70768027
45494361
537983702
766789452
22789264
328777653
315695626
908697844
708326920
800662514
791557453
809947389
908479102
578755046
517348601
541687059
286592289
105329227
612540451
240027223
307938084
462001584
805797388
202414440
984321720
745010106
517081882
369103808
103336117
378683709
451528594
882201312
743087918
747063423
879910170
981931004
471099396
874522757
934943198
518313590
265666074
364990446
185745
189948836
234020503
983753603
677054093
122223307
203616951
650402524
564144715
2006926
623938703
997820127
666920108
674728584
825000727
476270829
758211669
637167759
735704937
422629871
657067177
822434409
78760618
497052524
262569205
453200175
623091285
163255327
899885343
313966839
971137517
976073273
599874728
231818845
600827606
95977905
843211355
856421422
25320284
224898455
440588648
259042680
358733791
396556164
87119083
361519253
12541067
286464444
741787613
356238295
452472387
157992834
894625907
469396846
604872929
524200017
253311441
92292757
827836184
149677960
125483524
239980840
306372541
876907410
653749095
952090001
606171899
216963380
370771481
330629306
697037556
131593239
701334680
869601515
177788301
414398101
744793906
604379491
551451209
349980102
953721138
488203357
14760595
269865023
367906793
582054193
194890032
607711881
461388356
532714684
29777087
485056325
514077135
204930437
470179643
12930881
557043967
107390516
614980725
423895771
602479707
359282091
550140503
286286476
667372405
670359524
611374785
363502579
837860621
190580503
838592982
451198023
382238478
70173186
89349816
892088375
560180638
131254487
735595416
606206463
892148503
982425338
930815969
640615682
322034218
892819613
5136487
989285307
920771343
953661378
106769689
534745086
475016950
577591514
6515040
382088830
171566256
258301040
210374756
559853807
777982143
563346549
542261589
314426386
22842418
37565348
582575761
789565340
781819922
36076428
947418172
805728334
742964711
193088446
521151643
369425540
407571847
489779927
76402957
703778100
442449336
193054660
108942728
349550800
652692333
107637824
46396610
875609818
106751685
268180678
906930144
145728862
504411169
70659982
50595496
620614828
698194996
22460745
509146587
2083737
411828057
3828019
771327481
724806310
688950651
117698222
393682460
216638919
743569087
823476391
184090113
104876791
131592778
186002219
794554154
703489378
782866240
569173409
807608533
243813912
295724727
377554132
818219836
983693884
874297460
390665421
940103200
780732669
537686255
487427923
522142907
18633593
644948369
436371895
888328516
988346049
191639537
739607570
634720271
138135061
916898010
308137341
42480667
100010650
933087571
304824696
306907456
109034265
895283467
19069431
181897122
834759219
487793804
445548073
358491730
540366127
954629382
295521742
705833926
423354215
947785838
113785706
993441508
836710772
880551394
538233738
337026512
71797636
560697922
920817820
209636096
456090104
624638289
373471222
644245864
356278442
120035577
141635833
171132959
292715365
117829763
898274160
541534340
592200174
84491923
406800260
597804816
241838360
771667812
393569076
608132608
597192903
504563450
545778437
938198959
958196535
78525125
339202617
440921835
390770381
718649452
771741608
37968055
909612025
918841024
524858695
922503262
889343244
939887102
65129924
486396369
721114958
695162828
701970325
455718233
681549507
320709917
270665129
950050631
533115732
20715605
816347349
115537529
674487035
23095130
626766379
661308298
948667193
324115070
893167665
159926195
919299870
400065285
37470598
712892805
358480828
399514352
970437920
953205720
891691075
55452710
527644095
848122216
791623943
623935938
73918533
257590228
732394394
246811137
916410402
859366170
403829864
911617606
651388831
75343838
232502510
830430149
995177751
944022661
859453665
234994282
549128833
124184249
828232469
555841326
10766155
533518332
948402333
379691313
46020945
825197484
210893306
396519686
274979095
410391520
212256717
284920816
177342868
203416407
67545333
54349075
486961293
137029172
470913942
97722550
159796955
238785035
253617770
612940528
402380966
358195510
663879059
90277736
501839386
279510136
626120530
863008500
931929478
81609254
804008521
375092878
288996634
151137239
395356683
489072225
848909216
768022650
895040099
682268528
713058877
122573483
989037668
277302320
326373670
192240349
130100283
412916124
455808932
806659595
10885621
809166945
219570622
