423783314
786070885
144640286
475384112
477979182
448728512
450813630
808775056
731561956
701212706
704342890
218059482
383265558
613504003
675541719
173838635
810343893
803827240
789812731
373608261
537985002
343684339
383519479
936710943
807208438
440378069
344119242
870216127
933026205
468495730
219799836
854415492
42972873
380253682
649265605
886892930
359652727
652276549
411248786
359597149
143209656
327971156
1431990
670838437
766615217
175812255
122058340
402470799
733142275
715998139
14501436
595064304
993960193
102134443
626947374
21993661
611857304
525050806
69202554
669869455
528329466
384676799
582900590
455737568
931423879
111379922
992073920
855499708
813386465
635378932
123388833
67654772
678665330
254221228
449131921
190698616
200410534
636268998
707199726
116926026
173253613
36604251
652556645
842262952
398247064
830185518
228096775
545134423
790248667
10508068
110224947
921108990
440402670
436199289
260518153
389088394
482166043
802834673
862171433
343345766
76185536
554639183
667230892
238126905
203577743
288984505
249525158
7936364
7657581
334681173
901636593
416391504
664167679
776339138
929481726
351710791
247395967
568071325
584522934
770906575
807385728
463680563
836970011
753146191
688679640
334332883
319717380
596428254
599040140
140247436
330049967
166096674
145784946
156774699
979918856
336632198
371779911
632630850
245356746
401746585
166925980
215192471
817700466
595629466
701039397
677918167
939038599
626566896
861706314
802295175
705207556
852527003
384810595
128321751
576603132
974267380
313696090
344102293
783921785
162228399
326200393
927268397
327164810
143684781
848888331
182174711
496902429
764752530
436727846
263523611
397845861
866953515
558355378
308153312
819650562
318762128
365477807
722243418
216827241
529316997
868846967
676454820
413465154
20432875
362969314
172411887
727055329
159697112
832799323
41038586
539452179
407301869
949931380
550905342
450744253
64589429
619219343
303615634
883506454
669910611
265403202
823485536
130907690
947333972
332915329
916748646
724409865
477065983
590658486
298988876
979276214
881872223
332750543
914198004
175231205
407032359
485138831
828713596
635167879
320047275
582541200
127708502
36178203
52146445
158329363
271672854
63459838
341221647
448337624
767516131
142074539
702644922
845868277
356916770
334152287
662124781
971452841
953778937
486396010
561798899
502618353
267973956
819633108
26255912
778090080
13526824
870909374
899766898
876432165
954737679
92050001
10223900
727598156
311744509
467503055
684415209
78519762
340755786
117665916
636965052
736767030
463719113
795786991
899839757
514089325
699701198
878064515
262751133
315089926
776791210
804609113
459975987
146344896
369948547
266088395
833724347
987367906
233003035
493160595
861437418
543612137
283705072
131428923
451800709
975268030
201871609
777080966
274811063
396711292
928910882
829546795
249055802
323613537
639283798
336803560
457211003
399891315
573671438
542794735
348645629
837064158
475825339
219074221
537989082
615028337
58633843
254951014
24935112
368553156
871269522
619663687
819242935
390479035
739423233
913201019
51504254
315464511
700255320
765707589
740682311
250576051
358843549
416436028
222356780
414640779
929228171
410338170
664410165
61663073
116677276
485763021
437420018
616409263
518108660
165746549
896423592
260499923
51945648
161366638
730896271
187049118
173547669
860656893
417635070
329757587
773358703
256803368
121033959
725241720
193787388
755869102
336303922
24287039
79582831
364740682
778301070
597520133
462404474
850399780
278945498
697279668
754389509
258905212
248825253
549430259
607292426
703010979
594746212
430945277
708070935
342685013
663326920
976836340
899772997
842265690
489266161
858925544
658162078
435794498
264415706
633267323
335774703
652224821
767314999
310161818
373830925
115405031
865604648
967947446
359853578
520119741
705817332
763140407
782059345
750174625
212382490
174756876
634186391
570217571
167551338
97707659
138446679
19769069
777632008
938975986
805734733
881790048
425016786
278801923
209681030
620950543
729261880
581579941
295382863
424492005
830093170
656675392
483515649
125894034
351161089
468176311
83931379
241428673
228028311
961996461
9075201
826061034
112470704
801146251
435400218
641961454
368023282
269667978
698371629
932575797
784010181
673199647
749945177
877901514
881483918
860511953
12840760
702809411
321130338
889843186
217010155
820425703
391342954
555660000
734838765
366023804
17382148
821118689
438056575
620666686
646040046
592926095
482085172
775451458
64371336
577626101
542452837
798732749
516175556
788607542
123575547
363217438
838651652
405623561
647710961
254972632
547812619
392464729
28601518
959739381
735371407
26152498
738945416
540350719
200858336
274740298
512884388
156401492
430387717
113830192
701680376
643289128
169581019
554851712
311830279
964543552
487323929
614137339
760276863
194763454
75678860
755860074
47291192
176924305
822829359
377659730
485332672
567817854
997842180
629316267
192766061
523813363
344069063
931756976
563570820
846820539
87015813
939155422
234632695
822882418
435552568
239436208
424015226
590387080
846196629
563570820
790242220
307296958
564090725
909261766
62795085
476621817
123248236
261428245
827452487
315493500
34481526
699500547
280767100
680507581
666493574
378955966
896082545
799193367
521970257
686014435
392434468
504787730
659018092
979010565
725800868
212382490
727440707
483490707
688719661
130062574
696439612
112003246
645476059
187629821
189943748
640241518
314543181
86959769
249563879
996137638
30968369
654561849
384149952
938941646
592167026
705457410
555608509
735876004
788684161
179200705
703982306
551820120
837536868
808049255
532983084
66218623
320704431
449044700
697647829
24626497
976314516
651291590
737177717
676964221
552171268
418969996
54136609
47296399
972384686
967271625
859896320
740983428
252931529
692330427
211540539
927799436
164331169
421717154
699501125
794315716
630635306
866977548
457568820
706563433
192808557
943045322
298221399
65644452
272159816
533791324
919967794
804972853
741331612
864568198
254902899
122457745
658226722
153963223
458964571
258260532
567025424
679349971
169258364
128866106
900152657
292674671
862135918
627300105
33001575
651337463
637788781
881512583
417795236
627392180
462650431
127482418
133129838
231323845
708529667
200858336
394467035
187204707
629496394
119710846
16437877
260893744
273505653
625125616
78078222
841598337
188430536
547160118
8535141
639942515
434158688
39337367
707703904
15606818
591848817
622890086
257560505
565078206
823657974
610126202
318626415
173258626
851332867
609221054
444250369
341857645
218923527
292889930
983166975
545240953
620771814
906670141
728676830
214348300
957869619
118204621
232227720
771422706
88704072
330206603
57264741
785557031
154585335
635879769
278315037
188385256
694114034
343559258
182663406
530852095
918508281
916861438
689158265
827544065
429000832
664647407
493616209
69341936
718496746
320832055
161795214
402215727
506875628
783091839
110416954
183315537
569922917
195278485
178255420
887311319
927096381
564419992
449389638
180029384
268444685
11682606
243656734
429768401
660146468
873084593
390490484
579428866
441400764
187684711
489703341
317125033
838852821
951682821
179704213
724962215
128834721
382716893
835478524
442217947
817256675
295762515
816811642
740055843
178174763
809870614
181710756
404220999
992945938
458075891
936159065
533925027
65262156
285551757
878780730
100113458
698405475
723257109
859708796
475734672
854286811
43181813
442872445
193559067
661163156
55307860
575333683
329280607
732062515
865311104
720410420
91868341
675259636
139055505
104251453
244506919
754619977
494571593
255078022
927035989
176740890
968950338
93632819
931111357
542369473
954701212
89593171
663573128
19609189
43002180
441310954
549258348
68807915
621136899
926805422
825560451
788998705
416008539
690074330
286843867
264743186
820069273
995259055
589568987
717244578
205169085
559269900
358541661
871259761
435612282
179402945
257733494
497510055
70576776
111522403
658804105
992423736
906183981
71541428
375430616
104039332
464021711
156949117
982758509
24391017
965194768
693359616
259835267
176631338
143322956
297235742
957550651
295382863
644682377
107464418
459672150
140303464
362869731
508025337
438184425
765836642
6432405
492764252
367732465
782969445
676254593
528354023
192267697
616035768
723122647
339534874
868550029
599374839
429835374
415227974
648551824
46616691
715498465
641021864
454821863
184075279
854762169
212682152
840458940
652287534
766551254
301454316
101815147
875632990
376346259
87526914
422584346
787179032
927932575
83556651
62259117
939394815
473784905
569371717
885028498
117457573
546871547
855977784
103108368
531155938
250340346
945709187
748648214
654656115
604987713
795906505
157012564
494501139
871085865
136683817
696417821
934604748
378992429
261365669
264539033
837457922
726376848
32627549
46422641
274074864
47567012
109565644
854802778
82789777
543870107
198461520
232933389
434423483
656236269
325793412
377597496
266007667
827361318
891158600
799694803
352066517
176651704
103058773
189784324
127018950
137911962
211142543
60808720
853787238
722744310
515112337
171375980
419231315
640179290
344499153
495770460
171974292
202013721
123854253
211675063
195066606
925499324
836414576
224153475
714354285
153004283
260065529
284876917
654009310
399450793
245945022
164004024
205117475
410582798
947871627
847010496
424938709
136682575
402759003
137520381
118860262
273374783
669227452
309920211
867201458
623899927
86396857
804090886
224165226
538691498
290041416
809990561
878649039
127317159
649280294
614593917
3034340
122366213
305229673
211320879
961276153
524872615
442508320
72824166
580720511
391655663
297235742
707743172
364661271
184087115
229555208
768639620
308344709
745590932
277065266
449529422
406909486
985281880
179765467
556989756
859996088
207912605
532623220
138683873
781463390
202503231
535521030
969754556
97432133
899326619
738127914
874791619
260760234
222416789
248478032
671305463
957225151
715821296
619633925
540403747
989578298
136607003
432337418
501310839
510608682
480644222
868758188
502731987
491267994
279115527
626166213
257314101
512157478
936110235
988514273
46846379
731384926
482571313
