527762349
842195388
793245217
456294090
423662784
384058091
608598118
91721360
218242785
548337244
748146855
846008202
660220096
210176423
520870270
432587076
99337122
160273444
225795314
266297427
912201554
253151388
359451442
507610286
287882483
804388707
709630927
798640154
96496783
962392006
508633124
526967439
103977406
252123112
310121819
84460241
508473704
7
570088479
145857435
817827446
800707762
674278790
32153
229875988
72880848
234303597
749088829
156482784
199843007
700509120
533063749
116257909
314322397
121720657
50511875
217539152
762647537
10932834
9467601
506575610
184819279
755842801
896056829
139488637
475849007
191
259490684
964309682
165748127
465291043
472447274
694072142
1833982
720309397
440095108
784910536
207830634
545888413
61202438
1629387
34747584
761254279
885825649
140117378
783370280
945535058
110743750
605712376
228720043
30311541
170523557
633062823
948384777
385216761
832648652
212848655
980787121
425833119
727463934
712190758
920712238
425698639
877049565
869124113
509824887
765235765
893798972
981785027
290099214
102654088
577396216
268748626
224889
455827184
843129300
618681518
952896934
156842249
671966956
108401380
608928070
739975226
1917
544229071
491650987
1989
904714318
512548291
765527117
926285400
942292255
32374171
354370731
198980494
851698890
582622625
428255629
895314718
247744841
903727977
421518804
742188278
919091083
147830267
639343289
235112799
845201816
120159204
480186387
13383010
976959331
160520010
117167988
908408129
422816267
295944518
63579551
782341353
678942261
891796043
273316644
341284224
769279273
177468194
255873788
648123296
288506194
11230
796147107
788036121
777322659
496004754
39734952
966942383
429361282
104407842
477628943
752337893
578280867
627567979
891422486
266218225
226906935
542705848
886038624
899785194
29
961514228
742430482
284361328
682763616
258034680
532839464
531685048
269142430
963727959
744081006
310005764
413754
307491096
896047766
702214026
267774406
997109
141905380
32539472
128975039
58570956
579131447
894961497
611336927
717643252
715345439
354229529
287771736
327544486
408768888
396291457
939621996
697491226
895949848
806981289
573886915
903545778
841276411
896222751
494
718837474
657667018
36199102
578213939
779753032
283
95349467
308487375
130458543
209838695
859593600
796439543
651133855
586957322
195729069
483026622
264918043
331209541
679191331
482698244
799172267
618886247
330535846
539989862
826423134
657362195
233680567
494144476
589501654
419516401
755743466
382663618
3709
334645940
729210882
110285365
938261582
86355325
858715847
332841730
280607814
420681560
279492254
809821565
79575956
203564762
869702974
38638978
365914133
274708747
748531976
593330933
752911841
691342652
591546068
103684068
427999929
15605271
687825978
139439931
515525943
440703740
591912511
612133518
32243
436325288
257620839
434071130
260894401
906385648
466441926
232042183
684254324
892571620
69867922
76384075
3992493
88216216
859334297
4182694
834790358
549311435
819570257
319
202069219
84200845
357515754
929595612
22839035
305833976
6
565608703
214563718
376535106
92097845
370755701
316059848
15451566
466177550
16382472
864119821
61463218
669250693
525857976
146559265
298681443
236602503
12976719
8766165
238327166
926657014
855817331
371011009
603038019
807303522
530906202
74030639
874605890
741912122
907918647
423762464
301106759
299586517
87549763
658745590
409540937
621462064
148856326
467974869
345291399
513091494
322245392
8170621
639627704
858191353
326904033
996483588
220791024
516423995
30238545
143909858
325497667
278045443
799400502
427259
878100687
548809297
101
302584452
36575839
738534567
184239343
15
33366602
508068355
777475453
84422574
515861933
7325677
736896664
228957672
804132388
338500712
779204899
647144982
214302888
519567351
467931537
324485873
8561680
49523579
183857601
921662115
560118038
112043653
320678380
129119356
96102923
1758
53882930
394001925
931039944
56920601
452332669
7381123
713646657
572697770
258013084
867132390
787076939
145589276
601063585
32491
123186757
213247221
263293876
509928935
979996933
76150910
548049073
337457123
750424437
448817238
311610732
187973992
436374429
901433457
551165160
271048358
316521846
740520826
729003201
483743963
9132105
363986839
300040919
222290483
429285175
371470023
677026849
604374824
362388453
659954873
167539024
350277497
745435919
490704392
196883516
701021911
231609203
3582
30355762
664651919
972314817
919949572
651434890
64612293
628616730
985362667
21985276
752910934
629954118
752068579
385078285
414990051
585663665
824447675
261621269
945483416
970876565
724034590
579600758
839707262
512425558
127733709
808851937
608546595
170567889
385736548
879666832
198534886
409831649
327630515
691849284
799211436
498823839
394989035
589666740
88658
537018793
926162846
24896837
552510283
402902618
844364672
920958415
356849630
633767027
399506255
904995655
494100358
304224359
90888184
230765238
828995719
740387725
309433370
242578787
735213427
259001233
917816518
931438944
