1600 4000
766 851
417 1223
207 523
1047 1457
269 1436
77 1368
542 1046
28 1128
342 1266
250 265
1128 1495
163 1393
71 1102
470 592
1016 1345
40 1095
1112 1494
145 205
79 876
11 751
605 1392
1093 1476
1021 1514
1072 1342
1482 1588
248 1085
535 1036
31 857
368 1057
686 786
51 267
414 1145
505 1519
1 1025
553 1403
696 1561
334 1026
789 1213
741 889
199 1257
548 1036
517 541
388 515
1024 1274
15 507
578 1261
605 1038
317 1461
819 1323
790 1300
47 908
963 1451
112 1563
1087 1428
278 785
99 1487
305 1410
806 1543
749 1098
459 1377
584 1493
642 820
52 980
546 1224
900 1114
761 1271
960 1479
283 884
284 479
203 669
251 418
559 1040
1039 1334
489 972
978 1463
429 1063
74 478
82 1302
863 1443
1150 1310
656 816
885 1096
1195 1315
759 1098
646 1432
1353 1355
68 103
1416 1465
1061 1576
768 870
485 883
179 1468
395 433
971 1020
731 806
426 1090
638 817
210 1189
436 1079
64 1416
706 1101
932 1563
666 881
476 947
431 1305
1206 1210
693 880
200 1587
432 472
90 1243
150 270
239 1004
208 557
1564 1578
279 449
347 873
418 1244
245 1343
608 1485
372 1191
524 652
980 1254
352 914
999 1222
235 842
241 1461
1022 1220
174 488
97 964
187 1229
155 821
140 1515
227 630
916 1463
447 908
1042 1284
111 1388
636 853
652 1385
1307 1497
287 438
33 125
892 1167
30 275
1128 1205
1208 1423
60 725
638 880
562 1273
100 106
158 1398
160 1447
340 842
162 1526
1166 1588
587 788
168 1079
216 277
164 1232
327 823
563 746
365 1310
824 964
578 716
530 595
298 1205
97 1139
280 1326
168 954
132 1120
538 680
157 438
1162 1266
5 1020
938 1405
66 376
651 1477
82 1103
607 1317
923 1217
617 1587
9 104
1512 1546
39 527
1202 1533
498 1599
216 690
117 282
824 1035
46 801
891 1585
19 373
762 1009
203 1527
13 444
394 579
138 439
56 1420
374 659
196 1360
252 626
1210 1473
326 1271
591 1027
1077 1176
127 545
1293 1322
166 1404
568 1197
929 1081
150 392
1036 1488
1167 1413
321 1413
183 393
520 1439
710 1414
232 1270
151 1189
93 294
716 856
187 525
735 911
74 650
121 694
491 1570
570 725
265 1245
1285 1553
186 1491
1320 1341
435 859
958 1478
247 432
402 1413
505 1159
1074 1573
65 1479
375 1539
184 1560
313 932
643 895
122 1356
77 1234
713 1483
1182 1313
1297 1531
1041 1546
522 1235
73 1498
486 691
7 1510
434 1319
4 1599
10 1561
1406 1464
639 1225
264 520
837 1451
238 903
179 415
988 1481
1392 1582
381 1514
573 834
113 1434
625 1080
451 708
439 995
485 1191
619 1388
632 1040
673 953
982 1434
214 242
1126 1418
94 1142
165 1343
903 1481
197 1163
247 830
202 354
46 678
535 1500
497 935
434 1529
286 974
779 1224
268 1472
959 1103
1051 1251
238 388
1345 1412
441 1387
618 793
727 1518
335 1458
582 1264
287 1506
718 1093
359 367
714 870
224 926
217 400
4 128
1042 1352
348 1347
254 437
820 1584
319 501
804 1423
194 1589
413 873
723 1509
325 554
349 637
337 812
27 1538
129 880
1220 1463
790 1135
901 1075
647 670
539 640
444 1097
160 1408
777 1079
525 909
135 962
702 915
130 639
11 1056
43 1526
1018 1478
316 1338
128 1279
63 169
698 1255
922 1219
1381 1463
749 1431
1287 1559
479 1068
962 1062
513 789
629 927
19 731
264 630
1003 1032
1197 1304
710 1434
835 1107
8 1411
1148 1574
499 609
105 1252
708 1550
586 1337
1083 1363
1388 1461
120 234
395 897
176 573
422 1335
66 989
1297 1303
964 1517
51 974
281 1223
155 1585
1078 1461
118 1153
240 323
972 1397
335 883
544 1151
88 1366
356 791
928 1415
958 1293
346 627
872 1012
105 1324
790 1185
821 1449
666 865
1010 1537
203 654
487 603
63 1369
1029 1396
905 952
1167 1300
222 1545
41 136
344 528
685 802
449 1439
1146 1457
365 646
252 611
538 574
178 1030
21 1255
274 687
24 773
925 1448
246 467
585 772
907 1187
462 1150
11 1417
333 1510
1009 1237
632 783
204 1087
451 1476
232 603
1242 1349
423 1500
1440 1568
528 594
27 816
612 1557
1050 1259
228 1398
850 1171
436 1324
841 1277
419 1085
203 1596
707 1178
622 901
399 1288
1117 1275
617 1156
466 1422
764 1344
1152 1552
371 941
39 380
249 414
948 1567
797 1497
581 962
3 1522
361 1196
988 1369
1453 1568
20 838
506 1292
289 918
774 1402
960 1467
286 1093
822 993
59 400
831 1281
263 968
74 1203
291 892
1475 1575
462 762
13 1113
389 606
360 487
349 680
596 808
312 1032
523 746
511 619
337 923
978 1030
852 1089
772 1578
119 739
1121 1207
251 942
278 410
535 1104
542 611
1002 1368
140 1558
309 1453
250 393
615 620
401 1098
157 781
189 466
1287 1544
352 765
310 1063
907 1367
411 1066
234 964
715 783
410 451
1108 1118
963 1383
1032 1397
21 503
423 917
1161 1536
425 1179
713 1540
1571 1597
613 855
71 1186
42 122
132 445
253 1439
620 655
1336 1576
663 1052
30 961
461 635
69 186
213 453
662 1214
742 1565
894 1268
394 532
315 521
152 308
985 1031
384 668
272 1013
11 771
16 1418
979 1243
632 1533
155 655
145 709
1081 1511
201 798
1075 1154
112 749
6 280
44 184
41 764
1403 1495
739 765
1074 1370
381 1546
466 955
333 1321
258 1529
343 345
425 569
1067 1107
147 1173
77 1596
458 1541
681 1226
200 1256
356 1306
34 142
234 621
97 648
484 1021
45 546
70 1215
262 1538
139 877
19 656
721 1043
291 877
200 431
38 1261
389 1432
21 65
80 624
1389 1520
711 760
520 1100
362 1307
175 649
477 758
393 923
313 420
433 1300
620 871
1037 1366
509 1412
129 749
1426 1563
274 616
183 531
546 1459
1071 1141
1257 1292
271 645
79 1391
640 663
101 407
1307 1528
246 866
28 1148
1116 1166
672 1525
1135 1319
744 1031
751 1340
255 262
335 1201
1210 1393
91 762
1394 1459
181 1339
260 1129
710 1279
508 1091
390 936
696 974
1141 1332
841 858
59 143
921 1344
409 1358
321 846
646 1464
518 641
1207 1511
55 1381
1041 1177
118 239
989 1503
202 1100
38 904
130 1290
92 1240
172 1116
794 1120
1241 1490
306 519
231 1555
357 993
702 1263
6 362
839 1185
1109 1226
376 382
352 570
300 1598
36 1228
301 429
436 1239
468 812
641 1444
211 740
1163 1512
76 442
1067 1583
572 965
360 1047
348 1428
831 1321
1413 1575
168 1311
14 1119
62 1441
148 659
1338 1494
116 244
674 1283
1131 1207
171 621
999 1238
521 1095
934 1176
462 551
711 909
351 994
1404 1547
102 248
563 758
57 1098
319 1332
126 131
1476 1586
1118 1550
904 1285
57 448
926 1021
1051 1546
572 654
89 950
367 1064
243 975
860 1219
490 1399
455 960
219 761
65 191
94 892
1048 1512
319 1225
497 1130
741 1263
1370 1583
1039 1504
374 810
10 975
26 114
478 1415
625 1387
1073 1364
1051 1476
257 1467
340 1204
43 145
836 1336
1496 1507
662 783
899 1281
799 1448
192 332
19 1422
330 755
421 1362
32 556
185 272
1066 1143
1226 1441
1295 1524
1126 1356
1070 1365
497 531
654 892
237 1181
395 1590
138 210
798 1324
378 769
173 1285
398 1078
63 1184
14 191
1326 1431
278 321
416 1359
54 574
338 353
285 1492
408 492
93 378
296 1407
586 1264
1294 1379
1172 1501
448 1405
15 984
277 1568
970 1141
912 1516
205 1062
204 1063
22 931
497 1428
40 1490
436 1020
644 695
890 1560
777 1316
128 788
505 905
266 1036
365 1518
792 1350
227 1091
879 1046
752 1250
917 1175
105 107
68 1076
206 283
552 644
880 1338
792 1432
591 1112
440 582
627 655
592 1191
661 705
1312 1597
175 324
1002 1442
376 854
269 1380
139 775
970 1065
302 1179
182 1453
185 322
489 1565
775 896
560 834
635 1086
669 1340
493 1103
659 1564
183 526
919 1494
314 1279
216 701
1290 1314
229 1227
1229 1329
127 1349
296 1247
455 581
1234 1472
594 800
116 171
624 1194
949 1096
519 1500
1076 1285
79 411
432 537
99 491
593 596
398 1262
563 1526
706 1534
675 690
195 952
385 1567
924 1321
499 614
1375 1425
9 1008
82 327
1008 1388
110 516
126 725
797 1592
90 1237
163 1514
1130 1221
457 736
1058 1124
990 1489
779 872
1283 1569
879 1147
359 805
314 598
604 1424
425 1087
58 926
1115 1363
1034 1316
629 1071
188 1347
561 1288
62 902
180 967
1260 1426
45 614
460 731
383 1248
87 757
346 368
788 1519
166 549
986 1131
700 829
151 1038
116 597
681 1376
177 806
220 943
268 342
304 738
372 1595
302 1519
466 736
483 1271
110 841
601 1351
716 748
671 991
1190 1289
267 1164
291 303
1092 1515
501 1059
380 1346
45 1021
476 1335
253 649
493 1097
334 450
565 756
621 1520
215 761
828 1166
410 917
392 1387
155 1157
260 1233
893 1125
592 1177
284 906
220 589
518 1533
1101 1239
1314 1532
612 781
1509 1580
406 949
72 475
415 1254
1219 1257
242 1070
516 697
60 479
745 1212
81 919
767 1458
970 1004
204 1375
240 1574
183 1174
67 304
75 182
984 1600
714 1158
201 846
464 1519
324 1423
396 1027
934 1084
994 1515
96 1471
263 597
131 1011
572 941
1094 1418
987 1101
678 768
172 1133
171 987
494 1556
757 1479
602 1375
735 1396
1364 1488
84 940
390 1555
985 1030
1189 1320
26 214
1327 1489
98 1176
793 1136
453 1160
279 956
1218 1534
657 753
584 1319
1427 1438
392 1597
297 653
266 316
119 346
823 829
909 1017
311 1431
904 1121
796 1571
388 1594
148 1310
661 1455
87 766
940 1356
1113 1470
249 1141
177 1000
875 1380
289 1185
937 1336
1365 1558
941 1493
664 741
377 1090
807 998
166 1468
590 679
149 815
297 1341
231 545
1323 1341
604 1298
70 891
454 1292
604 1011
209 464
898 1117
571 1326
58 184
785 1495
558 1045
895 1289
21 868
443 861
53 525
832 1290
261 429
345 989
604 838
448 907
218 676
579 1298
517 1265
910 1591
280 980
10 1397
618 1390
934 1536
329 459
777 1474
273 1142
1011 1358
481 1190
55 1407
752 791
375 1286
172 637
868 1210
176 768
70 1371
550 1460
68 583
973 1502
137 1295
865 1208
976 1492
1055 1501
434 1111
91 1273
164 673
6 493
560 778
798 1365
158 708
723 1260
276 607
181 586
843 939
809 931
174 1314
453 1566
1162 1328
486 1549
387 1288
254 337
517 588
37 760
679 1234
172 447
141 340
217 341
57 849
1114 1140
18 299
859 1014
590 1146
121 925
511 1484
1282 1385
315 1366
1376 1384
101 598
728 1149
197 1019
302 1134
491 1478
144 1463
530 1550
1143 1165
58 480
1197 1412
422 652
437 1347
369 528
693 1098
452 1454
6 235
561 651
686 1436
888 1521
653 953
728 1226
125 1120
102 852
106 1040
53 891
694 869
98 143
630 736
1253 1401
508 860
175 1091
23 827
997 1548
167 606
1196 1432
52 499
177 878
724 1328
890 1276
1043 1236
242 554
124 1159
7 927
647 1329
492 943
331 333
277 1465
320 772
407 1487
51 427
116 930
290 1242
179 1521
171 1249
450 1248
361 942
904 1472
171 296
306 1258
132 1509
355 1460
761 1108
81 577
170 587
1041 1155
453 1539
19 1454
364 1038
350 1188
278 355
373 1247
274 599
328 1313
50 1262
115 1340
243 1105
1085 1459
1009 1396
38 164
282 815
270 1343
428 945
564 1034
1400 1407
858 1304
968 1575
536 963
211 996
204 364
61 367
189 1141
490 1099
686 1348
267 837
816 1124
77 1495
863 1195
130 458
869 969
748 1124
192 742
610 936
14 1326
34 494
856 1507
499 1396
575 762
674 1047
1484 1513
508 1538
111 142
107 409
844 1475
205 976
1194 1316
1030 1296
559 966
329 557
555 787
512 1477
56 110
622 918
134 1239
961 1266
108 1199
912 1129
208 795
516 1594
1201 1472
531 1037
20 325
1056 1536
373 839
503 1530
46 100
1065 1307
1299 1431
607 1412
76 883
1158 1433
442 1060
1204 1284
143 674
587 1007
1033 1495
181 349
583 990
658 1262
386 1598
490 561
1126 1147
283 1553
1209 1512
5 543
763 1022
652 823
578 726
712 1286
463 690
283 595
1132 1337
1481 1553
824 1052
1158 1575
829 848
36 567
820 1535
96 1176
35 1180
259 710
811 1084
344 730
169 211
299 623
975 1348
481 1104
600 634
670 778
514 1188
893 1450
513 687
234 377
122 482
793 1065
188 229
417 1298
248 1472
869 990
222 1328
66 1196
828 857
649 1372
112 1256
520 1558
1 211
876 1398
104 538
566 1193
1258 1303
1151 1594
206 540
113 194
723 1371
1429 1447
825 1537
526 659
1442 1564
1244 1334
210 565
1309 1545
515 571
467 851
980 1045
353 427
28 737
170 785
431 1572
421 693
754 787
1221 1417
599 624
249 568
1157 1422
1291 1458
371 821
156 1373
215 565
210 1276
890 1418
519 1480
1068 1580
672 689
471 1015
795 1126
820 1050
821 864
209 645
222 885
114 680
927 1324
989 1049
658 809
742 1363
862 1377
1041 1092
1129 1496
1357 1522
157 445
1320 1535
969 1015
239 766
502 1281
419 1268
255 954
320 660
1150 1273
682 1394
404 1584
405 582
1082 1222
291 1343
406 1233
305 443
822 1587
804 897
727 729
138 1347
1223 1525
174 889
854 1088
1023 1395
555 1439
29 1435
155 893
269 295
754 960
264 567
120 806
156 536
465 1345
870 1452
835 1477
1275 1549
322 465
1325 1479
865 941
27 100
256 1465
966 1010
427 929
951 1033
1089 1114
311 1138
8 579
257 392
937 1308
341 715
431 563
97 688
159 514
774 996
28 839
983 1401
823 1258
937 1201
1360 1561
37 1344
1145 1528
1444 1585
935 1542
541 1209
990 1235
818 1278
354 763
237 1452
556 1383
1076 1364
534 1573
360 1147
992 1456
22 1109
702 1072
82 895
226 647
843 1475
358 923
999 1361
56 732
317 717
1130 1269
182 1170
90 716
1016 1180
140 399
246 314
933 1232
696 1510
307 357
189 762
1164 1333
25 50
230 722
244 879
747 1485
1309 1454
894 1576
1427 1505
896 1088
1455 1520
470 616
226 327
470 1103
449 1171
1125 1399
317 1513
414 1449
120 1517
567 685
1202 1312
732 1476
263 1174
700 1108
529 1582
625 818
255 1443
540 1404
1529 1556
137 802
1449 1577
426 687
313 1149
703 1088
437 1073
300 917
571 1441
249 1256
121 1503
571 1358
256 590
642 1406
382 737
265 1333
936 1204
1142 1173
1297 1554
259 449
1360 1385
535 1267
95 1198
417 474
18 1261
63 1107
323 1588
881 972
719 1027
12 669
371 1246
456 1341
169 350
238 830
471 1194
352 1265
282 1558
140 507
469 699
423 801
384 1042
545 1594
1103 1457
89 1170
663 730
10 151
885 920
370 901
1049 1118
1044 1132
991 1528
161 1401
446 1471
62 118
30 1278
1002 1403
567 1402
911 1421
1237 1515
178 720
1025 1585
818 1184
1220 1524
435 1188
1027 1234
946 1056
315 623
560 1123
347 1286
1139 1580
676 1252
455 1243
257 1052
465 1228
358 1498
1179 1486
14 1242
687 717
391 1062
770 1045
1206 1555
454 591
412 1233
448 1320
70 775
198 775
1143 1200
258 1469
670 1404
1384 1559
421 879
1019 1578
474 657
86 134
101 871
547 732
1175 1244
271 767
211 371
1019 1251
1181 1383
412 1025
61 748
400 1248
1047 1588
173 852
38 135
655 981
454 1359
310 1239
1326 1330
685 1449
1028 1124
83 262
1006 1106
396 588
179 890
207 701
261 1074
514 1154
702 1332
940 1492
69 1292
277 482
758 1183
516 752
1157 1279
719 1423
1169 1462
348 1208
354 733
944 983
1211 1430
1150 1428
701 822
691 1005
257 627
75 106
700 1255
198 675
8 628
185 1310
386 1202
419 494
170 814
84 1105
85 551
641 1330
500 1116
329 1001
415 1468
330 627
1115 1204
732 1471
83 403
666 912
212 847
303 971
255 639
784 872
261 1266
438 1509
87 1050
1138 1263
189 221
267 328
189 796
351 1438
765 990
33 1262
290 576
1236 1424
676 1371
1211 1563
866 1426
692 840
4 539
2 1002
832 1086
549 894
404 610
712 1233
340 617
353 759
405 1051
826 1491
204 597
686 963
1372 1598
196 325
109 628
420 1459
450 1525
332 1091
966 1088
342 1523
579 683
656 1019
671 683
524 709
12 1255
889 1592
1402 1493
371 957
1579 1586
69 784
591 993
276 1354
705 1137
110 687
91 949
710 1559
441 1483
24 165
572 1049
148 292
580 650
1211 1346
582 786
147 617
755 912
882 1499
824 951
367 690
1429 1502
127 1504
678 804
855 1259
1350 1370
794 1070
977 1268
802 1501
577 995
575 1116
482 509
33 213
187 688
830 1493
40 888
474 1274
139 845
412 580
566 1509
12 531
556 1430
457 803
88 269
721 1224
369 681
345 407
836 983
22 1212
1218 1578
776 868
367 685
1206 1440
475 1156
186 1292
228 755
27 1589
523 874
1049 1321
42 253
518 676
395 1078
63 1195
293 1264
289 883
1064 1567
718 747
346 567
784 1182
1306 1421
858 1203
368 918
1052 1083
1184 1574
218 782
35 1550
214 648
225 1542
955 1545
900 1448
116 692
513 1057
168 1026
138 1151
193 1119
345 663
1004 1278
978 1270
718 1240
845 1480
545 1056
543 1369
13 1235
638 1385
358 1212
803 1140
127 1277
670 982
546 649
559 986
294 1586
18 856
71 940
42 668
437 1246
744 965
225 1346
881 992
174 235
452 1071
878 1595
452 1534
375 472
1042 1144
8 17
103 1400
461 1282
469 813
634 1090
93 1395
1329 1557
285 1018
425 1275
612 1087
62 954
288 938
984 1113
618 1418
995 1405
416 1415
379 1580
943 1541
353 1017
1121 1480
342 776
635 677
699 1230
139 280
260 268
289 1031
1009 1422
585 750
1216 1596
299 1525
1437 1581
616 812
973 986
259 581
1142 1461
769 1035
509 1440
73 314
2 1007
510 871
1193 1323
704 1565
243 366
724 1053
797 1280
413 819
561 778
539 1178
478 636
34 584
547 1039
355 645
733 1192
819 981
440 1203
301 1010
92 1006
795 1434
636 1573
761 1047
270 831
514 1424
160 625
468 951
460 1584
744 1412
1031 1474
493 771
1227 1446
946 1448
1433 1490
348 917
575 1133
559 1391
596 641
1065 1204
736 1232
525 783
297 697
576 898
1283 1294
826 1546
523 1060
395 535
195 1552
229 637
1174 1393
281 797
68 344
111 571
404 594
55 1299
945 1538
585 1208
1193 1253
265 521
510 1140
637 683
220 476
1140 1202
469 608
147 368
833 1556
933 1032
866 1505
866 1216
186 538
1506 1527
42 688
21 1548
293 1380
961 1150
662 1175
657 1155
339 858
1170 1342
908 1092
1247 1542
994 1409
849 1270
223 861
294 1136
462 1240
712 1015
1377 1471
37 1400
424 1450
697 854
1028 1118
272 858
422 544
153 698
48 1000
1199 1387
622 1383
515 1188
714 1399
299 1008
695 717
640 1559
664 1198
541 552
1200 1350
239 500
336 962
940 1021
119 680
813 1431
782 951
881 1258
422 1372
636 1426
961 1160
1328 1403
811 1280
193 781
275 637
18 1117
144 1271
185 738
260 1160
468 1228
1057 1581
711 971
385 860
510 1238
904 1387
439 660
576 837
876 1180
483 662
279 1034
119 541
679 693
568 929
791 1045
878 1181
368 1250
1227 1303
262 601
311 319
555 1364
125 1152
203 775
46 1279
384 1031
119 1600
149 759
810 1269
115 1291
398 928
441 1543
1542 1593
771 1419
703 1025
53 902
502 1348
525 1055
660 1099
1401 1524
529 763
943 1221
24 1552
641 1182
258 807
615 1205
47 1534
922 1429
1052 1316
107 668
517 1345
653 810
1024 1129
365 408
159 1123
10 1307
1154 1377
581 1373
672 1572
1322 1414
23 752
999 1596
813 1059
633 882
60 933
322 327
473 1359
79 288
290 653
1125 1224
489 1302
144 1171
424 453
57 1083
621 1333
896 1336
549 679
520 1523
1020 1272
446 770
971 1392
238 1536
78 423
874 1325
331 681
106 667
749 1311
871 1338
1305 1548
422 1086
1462 1488
138 322
250 1402
755 1011
378 713
1459 1488
219 1454
1438 1593
72 1089
529 1058
338 1577
79 1556
1567 1593
339 1167
526 734
846 1232
445 461
1230 1280
611 907
205 1155
411 417
25 1489
997 1560
418 1467
55 1535
267 473
234 517
14 262
1198 1593
488 553
552 1267
610 868
432 647
534 1361
500 650
26 844
66 1298
1076 1588
842 1581
561 782
40 1286
894 1230
50 656
645 765
391 647
133 1530
651 769
360 466
689 731
117 1600
486 874
146 394
696 1134
849 1109
172 291
706 808
300 1315
1314 1423
389 1574
300 970
376 921
180 298
724 1008
934 1500
146 808
80 1323
1181 1419
1243 1414
699 804
671 1152
1312 1504
64 666
161 548
559 704
1352 1468
107 1361
841 1317
83 1178
290 1540
383 446
441 728
366 1232
692 959
1 332
592 981
1260 1420
542 853
145 595
1096 1274
293 1146
30 193
123 1571
175 221
1294 1486
370 558
1067 1198
1227 1507
724 1572
638 954
1071 1308
929 1322
23 1560
65 124
1108 1355
159 1308
832 1473
1093 1363
430 767
986 1357
137 1256
176 447
339 587
95 597
140 1556
781 1218
785 786
928 1498
205 698
331 393
322 500
441 1037
751 764
1352 1410
483 1291
645 1262
969 1597
467 1136
534 1462
699 1361
120 186
496 1581
86 420
555 1335
606 1163
36 633
979 1378
381 1344
270 825
801 806
329 344
98 1319
92 594
1148 1239
316 1443
877 1105
323 403
1029 1417
483 1033
440 577
1068 1482
208 420
44 851
1276 1583
75 691
92 456
831 1024
447 1117
191 770
228 307
839 1502
39 48
176 618
125 1212
609 1554
778 855
698 1014
431 956
223 562
104 1124
599 1342
273 1190
110 739
789 1053
357 1174
738 1229
282 891
41 640
1217 1442
286 572
740 1295
40 398
503 911
142 753
726 1144
85 601
281 1053
630 661
229 1367
560 665
853 1406
17 318
921 1245
1353 1498
434 1063
2 402
99 1315
925 1368
1229 1589
317 720
98 387
375 439
382 1155
800 899
161 1469
1281 1573
643 743
83 385
380 692
244 409
631 861
541 652
272 1386
1175 1570
351 1355
1350 1369
754 1222
1408 1490
506 528
136 336
413 1481
887 1466
960 1008
361 492
309 972
215 967
442 988
64 1139
801 1398
245 1006
295 729
527 1026
935 1231
743 968
231 953
1081 1586
985 1277
898 1362
542 878
95 792
1339 1366
58 200
845 978
1104 1317
60 1579
511 1007
673 803
359 1294
279 357
326 1186
1060 1162
46 805
875 1185
475 1530
589 1010
52 1138
955 1249
285 1209
496 1018
1109 1218
916 1436
716 1172
1399 1482
459 486
562 1378
336 1295
16 287
636 847
120 709
406 1095
109 1442
992 1362
735 1506
482 1348
746 829
164 815
608 1464
996 1159
1403 1420
32 432
726 1378
534 834
864 1410
528 1169
1072 1429
284 910
143 1206
771 1110
741 1386
86 499
43 533
1074 1330
226 241
334 1496
978 1390
656 1590
1337 1516
29 914
506 741
789 857
173 1270
212 1136
359 1211
879 1179
941 1491
305 1532
536 643
406 1410
25 1479
1094 1127
781 958
1034 1088
130 184
490 1135
510 1106
1466 1550
1504 1562
901 908
920 1055
714 981
343 838
324 487
1050 1342
570 1177
51 750
463 836
1156 1510
59 633
1066 1382
578 1600
527 930
518 1014
890 1330
800 1433
51 823
428 691
86 151
49 707
252 1325
316 939
92 1513
225 665
167 1022
1044 1309
791 1123
41 547
206 1549
84 624
1353 1549
1397 1419
352 600
47 711
538 1257
777 780
692 1039
1026 1125
540 999
210 1541
2 1247
37 1187
948 1038
1581 1592
1026 1342
1207 1301
633 1446
52 840
551 1327
732 1182
54 187
730 1214
307 1354
287 1524
508 1066
1353 1416
901 1325
55 596
75 615
220 776
666 833
1339 1505
801 1005
33 1002
224 1337
533 1080
160 1113
709 910
311 389
271 1547
537 1168
482 1012
209 867
1023 1259
233 826
173 353
37 774
807 959
136 777
569 1120
548 874
91 232
564 1246
61 1494
1013 1144
43 94
808 1112
419 1272
613 1114
329 684
975 1324
477 1180
233 471
1437 1451
271 1510
814 1334
742 1355
626 1327
533 819
698 1137
884 1527
886 1390
494 1344
464 1117
236 1404
49 721
1261 1389
29 846
910 916
703 1159
141 1335
618 1564
409 1017
617 1213
131 311
199 1083
49 1422
487 1017
847 1228
123 925
69 543
915 1137
974 1566
264 834
121 869
720 1185
1115 1465
314 1480
1075 1287
426 650
435 1547
512 1544
612 740
1171 1272
1273 1298
443 667
846 1391
130 908
593 1520
227 452
826 1154
22 1383
299 424
695 897
1437 1586
24 1043
522 1241
90 1184
209 426
310 600
426 1289
1010 1357
715 998
167 1484
602 1146
1322 1389
896 903
1037 1263
207 1240
850 1393
1106 1376
64 226
301 836
984 1393
377 1153
416 554
460 552
380 807
700 802
1043 1545
562 1474
611 1278
849 1311
811 1572
916 1163
12 1367
188 734
1373 1489
1258 1564
133 672
114 955
498 1562
157 682
813 822
977 1343
507 1551
511 1251
413 1241
126 456
478 588
73 76
249 330
259 1444
753 1110
1354 1405
361 1379
995 1205
756 1318
76 750
266 473
958 1508
1095 1305
948 1122
274 1554
370 964
709 1543
87 208
1100 1280
967 1496
503 1299
32 818
294 1390
864 1561
557 1168
1349 1547
1059 1081
223 841
629 922
1380 1394
563 1384
38 1511
308 685
296 950
9 683
32 168
855 1508
197 1273
177 760
374 975
1287 1477
254 857
721 825
160 811
253 1376
876 918
1241 1299
185 1097
57 1329
288 1531
632 1308
144 1411
717 1470
504 629
475 1501
118 1315
263 1113
36 1523
902 1193
135 1276
320 1110
540 1200
312 733
900 1009
47 245
926 1111
39 653
1051 1212
438 902
307 556
474 915
320 1152
142 241
1302 1440
122 404
892 1513
728 1436
213 1473
848 1168
622 1281
5 1491
569 909
96 668
911 1518
81 997
113 1438
198 363
333 664
530 1490
967 1058
1253 1370
295 1503
256 1168
338 460
417 454
399 1137
662 678
494 863
1453 1529
1304 1514
623 1572
810 1192
444 814
634 746
950 1420
31 86
870 1062
149 1409
1142 1579
509 1458
351 1058
480 1177
547 796
1105 1583
163 491
745 1036
247 1511
1066 1487
373 787
530 1288
883 1373
747 1016
430 845
920 1091
615 1172
952 1276
245 667
638 1319
873 1191
379 1555
81 1154
334 674
526 642
701 1474
34 357
429 1396
169 900
818 825
1300 1435
722 936
240 1369
148 865
566 756
667 1578
195 486
108 1532
481 759
885 1539
100 233
861 1451
875 1072
281 356
49 1582
424 790
193 1110
274 825
15 401
403 1571
179 222
227 1401
137 983
303 403
28 599
343 485
109 495
381 1397
214 1151
30 1194
553 1111
682 961
458 882
1028 1139
702 1571
463 575
558 747
124 1456
949 1107
128 241
343 444
87 857
123 905
988 1275
646 1469
190 1049
1104 1181
424 1054
484 987
159 739
251 1131
131 1040
862 1035
237 924
1072 1482
47 1175
1214 1475
182 1270
104 1170
212 797
974 1269
1079 1561
337 374
202 1425
399 1365
335 1542
840 1003
937 1115
976 1133
1118 1409
170 513
796 1217
39 1424
197 1127
1210 1484
605 1481
504 837
162 991
827 885
697 1128
292 527
754 1105
124 162
1023 1034
198 596
133 523
376 1019
843 1462
310 934
484 1594
471 888
309 1535
1202 1366
412 849
810 1022
979 1190
248 438
476 1062
1433 1452
705 1221
377 725
391 631
304 1191
1491 1537
338 1346
553 616
402 798
134 1377
757 1411
843 1078
1528 1591
880 1003
230 581
985 1006
682 800
557 1455
1421 1444
496 1097
382 1478
785 1213
340 472
727 1389
390 935
1029 1160
388 921
108 285
145 1508
713 743
165 512
1 261
548 717
174 681
501 898
1131 1359
111 215
506 1135
336 985
902 1337
1312 1447
1215 1333
826 1135
17 1575
1082 1522
1013 1407
22 794
4 532
1255 1453
505 610
146 244
366 1492
939 1399
288 531
68 1201
733 1203
16 1178
651 689
1386 1536
730 751
221 427
1012 1199
1225 1483
344 1475
199 613
543 787
544 1577
1214 1358
474 1313
142 369
600 1573
610 707
146 206
383 1402
1077 1261
32 913
506 1143
562 1089
81 734
93 254
347 518
18 467
15 1368
875 893
973 1247
404 733
12 1497
1125 1429
745 1000
89 212
1223 1570
869 1378
242 256
877 951
497 780
1331 1467
1367 1473
481 931
863 1334
123 379
1460 1582
398 704
461 963
721 809
644 745
731 1167
251 1523
335 1225
224 1005
1054 1275
914 991
72 1368
222 331
853 1390
614 677
136 1097
771 1015
35 188
703 1044
7 658
1427 1576
671 795
1003 1189
196 1254
1025 1277
1173 1222
580 899
557 779
1263 1317
223 1302
6 243
626 1161
61 1409
402 1400
886 977
363 780
48 977
1305 1405
202 449
485 1374
321 1027
135 436
668 1303
131 516
521 1233
479 1529
631 930
996 1370
363 1455
748 862
650 930
1005 1438
350 1162
994 1359
727 1382
495 1450
1042 1519
863 1082
1446 1537
484 788
942 1445
154 903
403 819
149 631
125 522
286 779
612 776
252 1044
965 1381
945 1005
308 744
954 1306
44 391
669 1045
593 1173
397 1539
94 190
748 891
458 1456
639 1315
560 1543
549 1294
574 968
1022 1028
190 913
817 887
1267 1386
500 1246
440 585
799 1092
1057 1360
252 1566
43 958
906 1140
221 1570
588 1014
743 1162
930 1435
136 209
33 955
513 763
127 1040
232 1102
152 1336
805 959
821 1048
1183 1272
233 1339
1158 1554
640 1268
1242 1356
196 1514
84 1555
1170 1499
346 1069
782 1328
259 1349
450 1520
504 1069
744 906
507 573
867 1077
529 1600
1230 1386
193 1100
946 1351
796 1215
987 1084
263 1187
595 1007
192 582
181 298
34 952
1329 1394
313 1562
98 814
1524 1548
1447 1579
101 628
355 932
152 1414
406 1253
590 614
852 889
414 627
1339 1526
1260 1265
1017 1389
264 573
319 347
1050 1164
412 1119
675 1195
856 1171
1148 1179
670 1205
920 1338
260 284
355 1484
1375 1557
1186 1450
997 1450
416 1521
1257 1580
911 1018
292 565
608 882
380 593
15 910
1114 1363
1061 1379
860 1169
508 1265
167 1569
396 495
1361 1517
1256 1382
181 1195
457 620
58 358
54 1148
671 967
947 1023
117 1318
1295 1427
13 1400
923 1518
867 1352
713 1582
622 1082
165 1527
216 824
111 1014
369 1416
455 1486
726 1226
598 654
339 1388
786 1054
1300 1544
25 913
356 1549
515 544
418 586
1419 1584
1379 1587
200 1349
67 1301
1196 1577
642 913
539 1392
225 899
407 711
519 1242
158 783
1203 1591
23 1521
481 1553
165 1508
251 1200
258 524
67 177
1033 1303
302 1186
737 942
1367 1492
156 496
129 170
50 410
36 463
349 922
480 1038
1214 1236
828 998
986 1012
9 397
445 532
734 834
715 1454
8 938
73 1567
677 1069
82 575
660 1046
1382 1535
1293 1443
167 1348
705 1173
613 1455
397 980
464 835
591 1466
50 1225
460 878
1030 1558
1048 1147
150 1245
847 871
157 1465
1053 1169
573 1528
831 973
54 1013
1340 1507
1134 1172
1130 1474
242 1411
830 894
132 886
793 1229
90 1525
149 527
1372 1395
154 542
324 1494
1001 1599
276 558
208 564
435 1544
479 498
887 1304
191 226
676 1145
114 1011
773 813
779 1048
1470 1547
585 722
190 860
598 689
812 1024
1102 1304
430 1354
196 336
1120 1559
354 1301
415 750
44 1508
1095 1507
103 944
238 524
231 1579
579 725
105 325
75 153
66 364
288 689
305 1155
864 1220
924 1126
477 1230
375 425
399 1566
112 470
1053 1482
1000 1301
129 360
54 768
452 1107
532 927
1004 1163
651 708
758 1216
253 1184
1121 1331
568 766
194 212
502 867
1236 1280
827 1330
62 1269
321 451
564 1371
530 737
405 1452
873 1596
569 1006
303 1003
363 1380
620 927
383 877
126 794
584 661
614 965
537 766
807 1551
633 996
649 1466
276 664
85 382
78 512
565 1112
268 1467
102 861
604 694
447 1597
473 623
705 983
236 635
1073 1177
3 1538
856 959
207 544
746 946
194 1409
201 443
358 1331
1415 1530
377 1086
216 1391
1215 1305
611 1381
899 1293
78 1569
619 1160
625 1323
337 657
601 1183
659 1250
694 1574
724 1425
191 1456
862 1213
241 1362
121 190
386 1437
134 237
266 787
589 832
153 1395
470 472
195 1090
146 1090
769 875
156 309
224 916
20 1059
751 1067
655 1145
386 1254
566 1568
683 1551
480 1440
394 1149
1227 1503
547 1531
648 1089
1288 1419
147 977
246 850
545 1219
317 1488
743 1111
390 795
976 1565
469 1331
401 1131
1182 1192
755 759
166 1522
844 1133
255 509
71 616
1077 1433
677 729
589 715
227 1408
657 737
536 1427
881 1327
293 1587
64 1094
1406 1541
642 1161
154 772
214 537
48 928
569 1101
387 772
501 1209
390 790
306 1246
753 1406
1322 1441
505 1220
767 1318
458 504
1178 1452
712 1284
163 1055
218 1016
397 1421
247 1442
105 1552
35 411
493 712
720 1189
408 1318
887 1259
850 1208
275 550
332 433
736 1235
388 842
792 1250
133 434
469 1234
988 1541
411 872
359 966
348 1267
854 993
220 643
152 1248
201 791
103 1413
379 1165
435 947
630 1306
384 1251
1138 1435
153 866
895 953
859 1156
150 1012
1099 1206
233 1073
957 1046
228 427
279 804
532 948
811 1506
153 1260
1272 1398
100 225
1080 1522
489 903
113 1061
7 526
1165 1311
815 1317
1192 1194
158 1293
161 1569
997 1201
780 850
444 1345
83 199
550 989
26 338
230 1224
361 773
124 294
524 1244
774 1207
275 815
694 1122
1240 1540
587 1565
56 1430
17 45
554 574
1029 1266
1301 1590
514 543
385 727
70 1081
1048 1487
1282 1384
788 932
271 1249
594 1084
457 1127
115 423
341 753
312 1121
776 1033
217 931
1043 1595
1283 1335
1007 1353
141 303
224 1188
551 851
768 1216
268 972
94 1563
719 962
95 898
730 750
393 405
1231 1252
1094 1456
246 283
364 1589
1024 1077
792 1106
674 884
626 1067
1070 1592
115 298
848 1133
688 1441
1128 1356
77 1168
332 456
490 708
318 1132
287 1364
1312 1516
684 913
61 588
102 1410
895 1152
236 502
607 1101
308 632
315 723
297 798
1219 1381
827 1297
924 1445
623 1145
699 1309
7 808
991 1245
673 684
556 1078
970 1249
906 1108
150 965
3 312
609 1290
199 756
576 1325
407 760
302 1083
148 1407
101 180
832 1259
1144 1505
1064 1187
719 1316
366 478
765 1569
853 1595
341 1060
2 325
680 1074
230 752
20 602
446 1241
258 950
450 465
551 770
328 459
13 1159
553 1274
342 1408
786 1130
53 1127
387 757
372 1065
392 658
296 1250
113 1265
634 874
886 931
646 1424
16 799
947 1332
507 1460
351 383
956 1518
5 278
464 747
684 952
49 207
240 728
836 1533
247 1531
1123 1243
362 1046
1351 1499
308 914
658 829
928 1231
134 609
770 979
586 1282
1487 1503
844 1213
72 1015
273 840
405 428
644 1231
485 1274
1289 1432
1169 1457
126 1583
1464 1517
1099 1421
592 838
475 1446
661 1187
169 215
282 663
994 1064
522 1458
492 919
597 758
1351 1486
764 1228
445 1532
261 1299
356 1236
936 1354
462 1037
372 1075
416 1278
800 909
80 1001
139 919
370 1599
108 1512
1035 1332
428 1183
20 84
16 843
1058 1560
461 665
929 1350
570 1334
1004 1460
206 1362
245 1570
1001 1446
276 935
718 1198
143 320
615 1534
164 1539
454 1111
1137 1357
839 897
183 1374
373 1127
318 820
675 740
389 876
114 1385
924 1411
566 1166
117 1094
584 1392
401 533
848 1099
192 1144
648 1068
162 1073
293 1158
91 372
235 1264
433 944
534 1384
345 467
178 1372
443 1346
512 1562
827 956
805 953
175 1132
243 664
176 456
59 1039
152 838
835 1157
362 764
867 1119
554 665
429 1149
56 106
870 1499
5 982
684 1351
465 580
1071 1540
85 1093
67 830
88 219
845 1296
396 794
691 1457
896 1054
386 828
137 1357
430 639
549 1497
803 1375
595 619
644 665
1147 1470
304 763
161 397
448 782
628 707
9 1554
410 677
714 1096
123 328
326 331
343 1483
888 1164
690 1501
602 933
151 280
1268 1551
298 484
477 706
548 1028
370 1506
601 707
78 218
11 932
374 1355
115 366
272 349
420 1092
1235 1245
695 1311
900 1320
35 1115
473 912
292 330
304 740
135 1391
696 833
848 1568
446 1102
1096 1221
347 1477
162 886
229 468
564 1197
201 884
44 1136
188 944
437 1439
3 1598
440 522
552 1552
1267 1331
577 1500
97 197
300 1001
602 1352
324 1430
906 957
428 949
400 498
173 354
574 1116
969 1100
281 621
133 1080
401 421
26 363
844 915
491 729
1059 1360
306 350
1106 1499
828 1161
1502 1566
809 1365
144 1283
510 1531
384 893
773 1470
722 1425
159 942
297 1200
515 1149
1296 1517
812 1469
1084 1313
1284 1428
341 439
154 833
213 1070
1358 1434
132 1523
495 918
550 735
957 1035
316 457
289 817
270 408
275 483
198 339
74 1237
578 693
1483 1485
71 472
854 1417
195 933
945 966
194 793
606 1180
576 1139
1000 1085
45 1064
313 802
599 1308
217 350
982 1511
631 1129
29 780
307 1153
667 1544
673 1211
1086 1196
605 1493
248 1217
1287 1445
1112 1471
459 660
365 784
69 488
1122 1557
112 1505
284 686
669 679
180 295
1172 1527
1217 1516
1216 1589
921 1577
992 1054
840 956
218 488
468 1318
948 973
814 1445
31 129
182 1333
141 539
590 704
409 888
29 606
228 536
537 1513
577 847
503 842
387 1321
433 1190
1032 1532
394 451
882 1478
217 1156
570 1466
521 943
378 1020
583 837
872 889
141 1197
718 767
122 635
859 1468
158 1063
726 1146
1161 1176
104 993
971 1166
250 327
88 809
286 905
1018 1416
1122 1290
1327 1515
219 315
695 859
381 887
1347 1516
147 976
25 613
1134 1469
108 1590
31 391
230 1157
4 99
333 362
605 1591
78 688
27 1395
231 835
239 580
626 1248
1309 1591
257 1249
163 723
1209 1526
678 1593
480 1223
265 987
96 555
1289 1376
285 907
822 1151
273 430
266 799
76 619
583 1394
219 415
117 1382
166 1545
237 1540
773 1497
396 1174
455 1498
914 1537
88 1373
60 1444
385 833
400 1143
23 1165
42 80
729 968
379 778
1068 1080
292 1252
774 865
643 1553
328 1378
817 1462
178 540
154 855
421 1310
290 496
301 442
53 1153
1 1302
722 938
1016 1132
223 947
628 682
1138 1379
180 1530
305 1237
938 1585
236 675
72 1244
74 1533
67 789
984 1253
609 1013
273 1215
897 969
95 1123
96 1374
109 310
80 1251
957 1415
269 495
102 862
48 487
756 998
735 1420
868 1192
24 1076
221 1464
1079 1193
414 946
608 803
1165 1296
1056 1082
378 492
558 1489
41 326
277 1069
760 1057
326 1231
419 981
118 1584
31 232
629 1110
1496 1543
701 1291
546 1340
240 593
742 1218
700 1502
1186 1436
312 1252
1374 1414
501 950
784 1109
769 1061
502 919
17 1576
922 939
1060 1551
85 178
738 915
1291 1599
103 1341
213 402
323 568
982 1521
463 603
128 1044
73 945
323 529
533 1485
511 1297
550 1119
926 1164
93 1426
944 1408
3 1562
1238 1451
318 1271
244 583
109 1122
1075 1087
672 754
739 1557
1222 1548
236 920
589 1485
364 851
817 1296
369 1504
250 720
235 998
107 719
1085 1238
187 648
654 1286
1430 1595
418 905
89 192
1480 1590
805 816
59 939
488 1443
254 1313
703 937
634 734
413 1041
603 799
52 1238
884 925
89 295
598 995
65 704
1153 1473
697 1029
408 1449
1199 1254
334 1061
600 1425
1069 1371
476 1437
1285 1448
603 1055
706 1277
256 489
318 1374
852 1199
979 1264
1417 1598
309 519
442 757
873 1592
745 1282
607 738
1102 1104
1134 1183
477 1314
471 1284
504 1447
184 1023
99 1269
1306 1435
498 816
864 1486
156 992
301 1445
202 330
306 624
