1600 4000
112 117
502 970
1133 1237
246 645
240 835
60 306
280 1210
502 1532
544 1172
781 952
276 560
119 156
724 1366
1192 1353
434 643
799 1274
848 1466
297 1503
311 788
759 1295
469 728
400 1304
776 1583
835 1140
508 574
408 1507
278 763
885 938
1145 1407
510 1135
200 537
531 1353
352 884
94 639
340 879
1259 1515
125 305
831 1457
571 802
237 1328
750 1299
887 1325
207 424
155 471
429 729
512 1420
869 963
737 997
95 170
282 1541
200 1430
1223 1381
380 1014
715 920
94 1559
24 1258
438 1273
621 1235
1029 1540
906 1224
348 1268
264 585
12 880
67 1546
1092 1417
67 542
569 1139
57 1511
184 1316
178 642
415 532
684 1296
96 1208
79 1118
787 1260
132 756
1340 1542
141 218
302 934
902 1310
614 1324
258 1448
113 704
1166 1303
202 694
451 720
113 577
397 940
533 1045
890 962
54 287
175 1193
113 707
530 752
225 229
569 793
1195 1199
983 1033
248 862
959 1456
484 717
1290 1587
694 1132
157 389
602 1041
1038 1284
655 811
824 1162
1354 1399
896 1527
683 1129
260 359
529 539
467 1446
149 644
211 1361
1239 1533
212 1210
1015 1389
673 1498
613 1188
710 888
348 861
950 1144
1348 1371
577 1505
843 1156
23 439
458 660
210 1394
90 459
351 1179
1092 1480
322 1247
35 151
1219 1327
1457 1531
483 547
905 1014
387 712
441 988
78 675
755 864
160 363
1478 1501
7 511
152 398
58 1057
806 1030
605 1329
1325 1344
20 234
307 928
945 1282
70 1192
70 354
338 636
773 1185
1058 1477
620 1591
1205 1434
985 1272
786 1496
665 1597
62 979
52 151
1118 1459
1006 1123
1185 1452
1196 1241
519 789
554 1088
676 717
404 885
890 1465
151 704
311 375
419 1346
170 1575
527 1398
567 1552
757 896
1087 1089
552 1201
161 851
1097 1298
1477 1521
1290 1489
822 1481
292 1428
1090 1453
183 867
686 938
170 1513
472 1530
754 1209
559 1057
240 959
139 1114
14 844
1052 1421
423 1362
86 1477
30 130
271 1041
461 809
221 241
927 1274
1122 1335
992 1006
463 1584
613 859
155 1205
568 1496
581 832
602 1561
490 1078
1267 1297
279 1222
440 740
3 194
302 334
623 1153
448 521
11 849
270 1391
564 1588
900 1303
153 403
473 1436
633 1539
295 999
640 1252
949 1417
285 794
1151 1367
164 578
125 1165
998 1558
38 1409
988 1179
529 1111
355 981
108 725
110 145
66 216
275 1327
724 1114
530 1570
209 1200
1376 1489
468 1335
20 460
806 1514
51 1443
554 1189
446 875
159 1349
66 1451
743 905
69 586
600 1180
1008 1105
165 638
614 1050
479 760
391 1568
141 1585
588 600
228 1077
1101 1552
519 1228
1162 1173
344 1000
453 1323
15 1586
283 808
918 933
1059 1353
741 1053
266 436
1107 1211
467 900
609 697
342 964
386 887
15 107
58 1262
871 1141
787 1460
728 1141
610 1224
1393 1480
357 1347
309 800
992 1087
289 682
760 1557
74 1535
674 984
1400 1529
582 1374
886 1180
80 771
826 885
1036 1126
974 1109
606 812
3 1197
997 1336
10 225
872 1237
118 1142
1188 1390
291 1037
188 226
785 1542
594 631
840 1385
1144 1536
1258 1267
456 1050
788 1090
615 1463
382 677
468 1194
581 769
1058 1237
114 1049
890 1169
418 1003
298 903
279 1489
398 403
295 348
436 457
391 1410
450 1034
628 1215
513 967
1388 1565
333 1456
825 1579
32 261
346 1202
485 509
30 277
205 711
1349 1588
9 1314
944 1250
823 1467
31 1501
229 466
513 881
550 808
267 360
583 731
379 523
338 928
479 1280
699 1127
1081 1326
531 1232
564 1203
89 251
976 1377
514 1225
1190 1600
769 1547
1244 1436
1026 1120
494 1344
624 713
1218 1489
1206 1337
77 534
987 1166
180 453
595 751
129 648
1010 1583
1029 1426
346 839
119 192
1373 1407
545 1147
291 910
387 1449
804 823
1210 1307
1128 1200
220 1525
65 1354
115 592
983 1259
1038 1184
216 1314
1326 1331
55 336
1152 1440
870 1588
46 453
147 1093
331 1442
33 1026
97 1323
291 853
1137 1357
1083 1389
699 1589
485 718
637 838
475 717
44 1530
840 1444
221 1584
278 282
36 1021
50 1432
576 651
26 1010
37 935
1319 1581
223 1406
385 877
281 289
1097 1343
579 963
46 266
487 1019
664 1091
72 1595
440 1177
33 574
196 326
571 1194
1005 1405
875 1012
359 1562
497 907
1255 1364
139 1135
845 1000
223 1216
194 294
42 104
18 733
72 849
123 610
556 798
190 207
544 1246
766 1481
640 1199
133 1078
186 246
1156 1565
545 681
566 1137
127 1576
629 1100
383 1518
458 923
649 1547
1243 1497
492 553
1042 1465
1125 1312
182 1051
262 1307
946 1447
570 1309
1395 1482
662 907
566 978
804 1187
249 660
37 1119
396 524
169 1538
960 1075
655 1291
89 1442
933 1522
315 350
674 890
736 1311
579 1008
837 937
1281 1324
1474 1510
623 933
36 761
43 720
189 814
1170 1251
45 310
1488 1568
737 746
421 835
337 1003
168 1574
1083 1347
126 1353
818 1137
222 888
249 862
444 1159
440 911
55 1214
216 589
252 948
704 969
904 938
650 1021
134 578
654 1456
289 691
917 1261
401 608
295 319
489 1566
1121 1468
175 327
755 1062
155 1551
1362 1536
1171 1553
257 411
535 1143
286 442
454 1051
557 1041
990 1302
505 1455
369 558
316 893
233 1047
585 1194
715 1358
703 721
90 1309
423 1354
941 1242
973 1030
385 1267
250 1440
57 326
570 1070
129 386
93 1174
59 897
333 817
106 606
847 1497
304 316
1200 1509
485 1064
754 941
265 1178
825 1031
16 673
705 1035
351 1281
574 843
995 1422
857 1439
1139 1380
38 464
268 1346
791 1478
1169 1314
525 1425
128 1533
946 1253
489 782
774 1337
143 776
536 1331
171 941
29 633
192 975
272 1289
748 977
147 390
1318 1401
341 1386
1352 1507
537 596
324 1496
256 498
845 1002
1138 1470
676 1488
482 1102
1149 1184
29 844
954 1387
249 1307
298 1315
289 1166
1347 1449
300 1434
717 773
209 1581
290 776
248 1100
1096 1422
1401 1455
110 725
605 1080
317 414
377 522
883 1204
485 1053
822 1240
757 1139
1106 1253
163 621
643 1354
1187 1334
606 853
315 991
385 603
503 1266
636 1352
60 142
143 322
482 1044
10 173
293 692
288 736
260 841
360 688
1407 1423
1028 1534
611 976
1047 1085
596 1164
793 1499
24 622
232 463
1397 1572
479 809
79 939
29 1422
530 665
1124 1445
187 1548
1428 1549
569 1471
364 1232
665 1345
931 1243
355 1022
758 1445
123 1452
823 1415
585 782
532 1052
1215 1432
51 153
1269 1297
556 1170
265 906
1093 1360
909 1388
63 298
990 1066
40 417
307 1289
607 1541
541 864
72 109
983 1222
80 488
247 1414
120 732
653 670
316 1396
650 1433
412 1182
536 840
1256 1410
137 355
492 1445
75 1386
671 774
708 1016
456 629
95 820
636 1572
212 378
675 856
788 907
138 1102
474 747
338 901
160 997
153 1317
438 1081
677 1283
1342 1464
193 1044
452 534
233 478
101 396
147 1167
817 1347
218 1152
426 1019
635 1239
366 861
804 1432
4 1483
1260 1475
374 960
304 342
327 1544
559 1294
286 546
410 710
521 572
1117 1304
329 1242
367 986
417 1468
1169 1437
301 1345
571 886
639 811
65 204
1121 1441
686 838
215 303
670 798
603 865
696 1147
108 224
173 543
562 643
1116 1245
308 1365
63 1538
63 709
393 880
701 1366
782 846
121 838
228 440
217 367
1284 1369
708 1414
280 744
611 823
1025 1043
1053 1155
149 667
678 860
443 1412
666 839
1274 1339
818 827
483 1308
851 1058
1068 1521
713 955
1458 1558
479 1350
1214 1279
349 975
598 1313
625 1030
37 356
1544 1591
42 851
104 856
471 631
852 1391
603 903
291 626
979 1091
136 442
672 682
929 1408
815 1549
366 747
584 632
554 1517
183 995
1064 1342
155 1395
140 1391
539 675
548 1368
716 1108
560 784
567 1109
117 376
404 1290
1269 1361
336 671
432 598
93 838
1115 1541
548 617
238 1107
1015 1283
369 475
496 673
981 1367
2 270
323 926
1124 1320
896 1176
467 1399
797 1342
542 865
386 1203
876 895
514 806
623 1340
1102 1256
214 353
425 1269
472 1463
850 1135
76 233
1545 1560
3 914
146 1594
583 691
1254 1404
1538 1589
22 458
695 973
470 1286
208 1557
1351 1519
195 1377
5 192
104 733
66 269
1083 1199
654 1467
11 1094
380 1065
347 399
445 1483
951 1592
1356 1424
341 686
75 1271
131 1427
610 1250
207 1013
158 300
684 1461
424 1542
1005 1408
414 1254
168 538
839 1431
1072 1096
67 428
105 899
793 1249
1492 1583
128 955
903 1406
255 626
1175 1414
214 1353
563 1551
625 1205
162 313
19 581
788 1482
427 517
138 861
314 1388
125 230
150 816
1063 1450
473 790
1334 1348
710 1430
400 1074
1016 1313
955 1076
1220 1519
703 984
1039 1456
816 1198
599 742
44 1026
154 280
204 1184
243 250
116 290
214 869
1280 1355
470 1439
686 727
1380 1591
1263 1333
1425 1473
279 902
361 648
855 1412
609 1433
382 751
422 1485
734 1255
901 1356
191 945
368 842
627 1571
687 897
415 1012
424 476
1077 1419
174 777
742 1225
1078 1329
647 1147
163 1109
1318 1435
597 745
824 870
960 1038
1122 1284
341 1074
1244 1584
916 1177
681 1555
255 275
1175 1275
502 825
245 433
839 1347
654 1403
251 657
328 1539
1032 1496
1268 1319
204 1062
278 739
1167 1350
481 583
334 1349
500 649
965 1429
137 754
1423 1537
421 1110
857 877
13 82
162 1369
385 1405
859 1063
800 1344
349 1277
551 850
564 954
892 922
680 1540
1179 1334
82 158
1121 1478
124 1158
314 545
294 1090
108 716
105 236
436 644
435 1435
912 1240
232 419
496 790
480 756
343 1000
689 1280
1125 1523
1153 1300
652 986
993 1582
530 536
641 1524
692 990
329 1124
1166 1192
939 1118
626 961
920 1114
108 445
674 1095
107 771
219 806
49 816
960 1076
206 778
296 388
47 511
95 516
6 679
358 362
1468 1579
286 1321
584 1371
709 1253
145 1163
720 915
25 1222
132 833
1043 1124
936 1586
1001 1396
271 466
705 1209
88 1093
432 1172
94 1352
68 1554
115 876
183 737
632 1490
196 198
437 974
368 1392
536 923
1069 1291
1034 1276
242 1168
259 1350
1232 1517
670 1271
1459 1484
263 549
917 1043
503 849
718 1011
478 596
470 1056
706 739
278 821
308 1027
1048 1145
294 721
734 1119
491 1519
110 363
254 1376
288 1132
136 1436
330 986
139 908
149 1323
222 901
20 446
862 935
558 1047
265 506
658 1463
247 929
1089 1327
33 1320
840 1007
10 1548
701 884
261 371
445 1230
628 973
230 1095
26 1313
428 1494
771 891
471 1148
120 918
797 1413
320 807
304 1061
424 1506
668 1514
1 714
347 371
1105 1493
50 277
210 1585
858 1137
473 1578
372 916
1413 1584
548 742
526 1057
465 791
868 1299
68 1048
61 1009
100 820
663 1097
477 1502
1420 1442
64 93
1004 1567
100 1289
48 711
321 1149
97 188
11 805
625 1566
81 1171
57 254
16 407
1240 1383
46 543
1510 1592
172 1074
617 1428
1100 1221
1105 1344
1226 1529
803 1550
167 199
854 1201
167 407
125 1230
586 1349
1081 1154
320 452
97 998
753 1487
1009 1220
634 1287
370 1196
395 1520
163 663
150 610
367 430
713 1374
817 1015
340 1010
157 1298
1037 1524
458 1468
854 1519
920 1541
1185 1379
683 959
245 1328
964 1140
1221 1365
1198 1404
483 1157
1136 1174
563 1278
549 1293
152 326
604 1116
518 613
873 1247
117 732
392 1226
1018 1277
121 1128
494 1068
397 608
257 1501
430 1051
386 1313
117 559
270 1249
351 1495
413 1594
593 982
259 1093
428 1104
1236 1346
1295 1304
253 344
939 1293
324 854
876 1375
361 829
974 1402
894 1437
702 943
41 1330
1235 1411
1024 1248
269 880
206 898
49 1143
810 1529
142 921
347 833
390 1421
365 1472
145 953
144 686
542 1414
614 1257
568 1419
31 588
303 1201
716 1264
901 1136
744 919
1165 1572
462 824
359 374
1 544
597 1279
512 1098
543 736
258 1543
45 737
969 1554
41 601
76 483
610 1375
553 820
231 687
161 909
972 1378
864 1303
317 1549
439 1278
676 1586
65 99
196 618
1422 1575
866 1028
241 1383
164 381
301 918
827 1485
436 1333
181 1460
1446 1509
442 702
252 932
1021 1429
448 1328
243 1311
107 1250
788 1176
1035 1401
258 1341
1531 1543
474 785
270 805
793 1074
780 866
1033 1134
1274 1330
433 866
605 1099
1087 1373
653 1018
231 738
106 248
603 1229
10 593
1173 1254
593 1397
36 455
1265 1284
61 616
211 607
1082 1374
131 319
867 1336
205 778
274 1267
940 968
612 1168
921 1278
235 1115
84 122
1035 1525
862 1206
294 842
388 589
833 1560
136 991
494 1387
252 789
203 1009
286 1598
100 498
752 1332
377 690
1044 1113
547 1600
60 927
875 1038
562 826
557 1108
449 1360
157 555
752 1055
22 1229
281 995
378 1099
868 1321
855 1450
662 912
834 1086
375 1305
555 1092
1126 1295
1148 1161
52 328
466 842
648 722
59 684
709 825
450 504
884 983
922 1366
688 1395
134 903
24 429
65 1257
789 967
583 1553
17 1454
528 1429
439 766
308 995
96 629
573 684
1012 1504
965 997
45 231
1227 1297
532 1001
970 1228
758 1542
372 990
1017 1049
1341 1424
93 762
516 1380
322 565
1114 1453
873 1159
364 1301
17 1104
1143 1438
1141 1479
330 958
599 1467
53 661
67 157
421 1533
178 1576
154 834
426 1512
285 785
949 1452
1187 1411
931 1332
34 1475
366 874
554 1021
1176 1573
993 1400
878 1045
339 766
650 1111
898 1252
547 1023
171 998
792 1315
715 1453
499 1255
85 1365
300 1337
301 882
778 1404
1103 1177
359 1180
312 826
945 1278
551 745
956 1060
578 685
320 872
319 1016
281 1490
125 760
53 1287
1505 1595
743 1408
317 1359
91 1270
244 1507
329 1453
349 615
70 1163
747 1437
148 448
461 1498
854 1108
783 1330
613 1130
819 1530
848 1069
156 991
94 460
237 908
130 1286
391 1508
224 605
620 1249
636 1314
1061 1345
88 405
194 797
239 603
198 1274
91 780
1080 1516
287 304
329 1060
829 1334
1296 1488
157 1322
121 1224
128 592
225 1244
689 1199
607 1491
759 1082
817 1389
26 779
240 1365
281 319
51 885
1318 1462
1128 1236
741 1071
71 888
683 1238
247 1197
770 823
146 154
486 756
999 1427
53 91
321 1387
734 1352
14 1513
566 1446
633 1402
1106 1523
503 888
844 1231
1415 1560
520 932
634 1534
1103 1181
975 1312
958 1492
316 1544
409 1542
495 1043
461 1454
124 1312
129 185
132 509
503 1219
365 399
1323 1465
391 1434
398 1131
490 1033
696 754
815 1081
169 484
1279 1305
1508 1597
1133 1457
863 1298
1027 1170
381 1385
353 376
310 727
224 770
431 1134
213 597
256 1377
945 1076
201 1515
50 656
523 1090
669 769
1241 1328
1097 1494
664 681
2 633
313 1116
186 867
299 784
475 1160
666 1528
877 1230
452 716
357 952
698 810
86 1600
426 430
630 1139
1208 1385
571 1047
20 712
121 486
661 857
339 801
168 1179
142 1001
894 1090
444 1390
1159 1378
230 916
477 1356
215 1163
135 730
552 948
256 1128
194 924
62 201
74 1017
479 1260
170 1509
135 264
833 1246
379 872
1320 1451
522 1500
567 623
461 1506
219 537
659 1099
1504 1546
981 1151
166 266
1086 1364
620 1333
183 1457
69 1494
1035 1480
77 1276
574 759
138 586
190 510
92 655
750 1571
44 321
619 1509
103 104
312 1465
844 1020
1118 1423
1015 1220
57 1469
1171 1172
7 367
180 299
1248 1306
349 951
184 1043
30 235
32 890
99 1046
212 1516
18 1331
320 527
685 1411
515 629
193 465
944 1031
149 662
726 1590
449 592
116 140
390 1440
519 1394
630 1281
1231 1266
513 1366
243 582
180 877
469 1464
818 855
185 962
822 927
283 1073
850 1287
172 1537
665 776
764 1005
666 1525
904 1574
167 1285
225 783
350 1510
747 1138
260 1427
426 1479
798 919
462 580
109 741
33 1107
1085 1343
162 1593
514 1064
246 363
474 1496
408 830
406 847
525 729
716 770
233 875
604 1383
421 1104
631 1027
180 533
159 184
272 1219
354 724
584 1315
1167 1406
343 779
280 1355
586 914
75 950
197 709
2 19
25 127
993 1371
463 517
77 314
73 1029
1412 1479
678 1132
176 721
220 486
1141 1472
553 1580
634 761
512 883
644 989
278 642
821 902
1098 1207
63 953
683 1469
96 1535
108 1187
761 1470
491 824
902 1158
659 931
113 676
815 1292
662 1111
666 1202
111 1564
197 1198
40 1033
1358 1362
353 1072
172 1158
43 641
744 924
168 1151
601 920
1 1203
37 1108
86 808
87 101
364 731
411 1172
792 1411
30 1306
790 1512
484 1159
1055 1077
41 1374
427 1359
3 930
638 949
218 618
420 497
925 966
591 689
1165 1431
527 1197
87 1582
1154 1394
1279 1321
562 1113
354 431
507 1345
418 443
412 814
553 647
403 800
60 1374
538 671
897 1444
759 1064
101 1372
374 786
55 659
1137 1527
124 1241
625 942
725 1278
324 743
147 1548
415 830
397 1405
454 821
741 1173
989 1348
1563 1593
134 1036
27 558
276 371
687 1390
184 951
405 660
1015 1421
1118 1202
133 377
1011 1404
405 1444
876 1318
87 1443
1065 1431
247 366
282 953
295 594
255 1571
66 1234
531 1537
816 1382
149 1435
669 763
1308 1569
526 1285
450 1071
102 1117
32 62
45 269
203 1264
56 1459
928 1253
392 560
698 873
937 969
1086 1223
39 544
589 601
275 1231
540 1152
837 1470
402 1319
382 950
163 928
719 731
197 1245
737 1145
531 757
255 443
541 874
561 1366
872 1418
690 1162
239 1183
730 1004
8 667
818 1561
999 1426
767 1007
711 1410
29 920
97 497
1153 1447
496 1554
43 1351
529 1504
563 946
594 1534
327 1568
179 898
154 958
769 1390
842 1164
232 1042
92 900
970 1262
813 1469
1305 1475
1066 1114
410 1463
361 1360
266 1073
299 1182
1142 1157
469 1039
1138 1339
1130 1499
1301 1434
844 882
692 1541
493 662
263 1402
733 1430
268 936
697 1211
535 1579
576 1154
137 828
658 1228
1054 1461
749 1191
1062 1112
728 1532
368 814
701 947
427 1136
1059 1372
866 948
1119 1550
685 1500
84 138
186 749
588 1239
416 1168
962 1261
227 1049
56 896
701 790
1098 1505
215 1052
96 1234
1190 1497
449 936
25 1316
392 1487
114 569
367 1573
27 1375
27 1320
50 394
464 570
714 1054
100 1369
465 802
1206 1564
956 1175
697 1132
160 432
639 1328
841 1233
320 1454
253 856
150 988
181 1249
731 887
682 940
237 791
591 1207
168 910
413 1117
75 115
908 1368
241 519
501 853
166 1054
532 591
7 1577
500 1500
110 609
34 1207
764 1384
541 1580
124 653
348 751
143 1089
1183 1594
1190 1199
21 703
58 476
1050 1516
677 1204
1538 1580
965 1158
622 857
1032 1599
309 1403
262 414
735 1521
722 1563
220 1495
456 1207
1030 1426
221 720
335 1014
200 1066
437 581
831 1018
1186 1326
513 796
627 1234
724 1354
241 1056
470 935
318 457
565 1539
713 1559
248 1153
843 848
1057 1257
708 765
414 653
318 952
304 1591
1044 1212
447 855
103 563
164 1148
145 1161
252 982
358 1561
430 1336
533 1443
596 1120
373 966
99 1234
1296 1473
363 1528
364 962
250 1414
1095 1382
300 1367
163 1583
252 1182
834 1103
679 1134
906 1073
371 1295
516 1263
1104 1560
784 1304
156 874
446 1004
518 1245
758 1587
36 568
522 1450
1070 1242
184 204
942 1085
607 1135
628 888
195 408
118 1485
420 1511
381 1082
1060 1069
61 482
267 402
529 1591
518 1520
14 1576
174 754
816 1479
632 1046
937 1204
687 979
459 1369
1339 1400
922 1079
48 794
394 1425
136 498
991 1057
774 1544
272 423
206 488
705 1150
32 1569
207 1232
602 1112
284 1094
1051 1497
462 871
48 744
195 647
1059 1448
319 1357
1217 1289
384 1482
362 494
198 1067
1001 1341
317 781
921 1163
1133 1598
337 795
466 1551
283 868
40 551
435 1455
343 654
858 1197
297 678
489 864
727 778
913 1283
1313 1360
498 1124
122 211
90 801
808 976
520 767
305 1529
88 159
213 1139
617 693
701 1288
333 1148
59 333
1002 1135
64 82
373 762
446 998
6 504
795 1042
357 651
805 899
312 1251
775 1215
243 1553
445 1590
441 694
1109 1166
429 1416
38 949
164 528
171 507
698 1220
374 852
836 1099
94 1477
135 792
764 1142
92 179
924 1302
548 586
393 1181
226 1002
478 959
934 1140
600 846
112 160
89 308
948 1103
325 1070
331 406
688 1370
1483 1523
1012 1448
49 470
634 959
626 814
1163 1210
706 1115
565 1125
753 1032
519 1125
318 1561
588 1263
72 694
521 695
438 773
39 142
201 301
691 1534
5 550
8 722
177 1006
942 1007
601 1120
54 1429
611 771
1364 1424
807 810
915 1592
1172 1398
5 1224
82 192
71 182
645 1167
714 1237
272 303
322 352
573 1482
140 1189
80 1441
148 759
19 1585
93 501
1170 1221
302 1577
97 406
1395 1417
836 1005
556 1492
1212 1352
208 1401
142 1267
454 580
753 1456
641 678
186 1046
368 732
202 475
1251 1555
499 857
147 887
441 773
1173 1598
645 1422
497 1049
765 1526
417 642
605 1574
52 762
202 1385
161 518
807 1140
249 1217
301 1582
984 1384
330 372
437 679
1236 1309
587 1503
387 1024
697 913
305 1475
242 1358
889 1317
465 936
384 638
110 1543
1416 1535
608 738
616 1569
562 598
169 1382
202 295
1127 1504
493 568
119 1096
141 1464
1193 1269
288 745
465 526
234 727
131 689
749 1403
1061 1480
287 434
657 822
228 1315
954 1258
244 865
471 1329
898 1198
1155 1321
133 538
68 1517
966 1511
473 1511
797 1389
148 804
283 431
994 1284
267 269
129 546
925 965
846 1119
667 1082
74 708
484 1292
1075 1428
332 490
802 1122
376 388
799 870
274 956
693 1020
253 555
849 1326
459 659
651 1031
190 1072
268 1300
886 1516
330 1020
971 1247
1008 1472
635 1264
575 1260
578 1486
520 550
460 600
652 1474
358 722
424 1393
824 1394
401 517
87 879
916 1447
361 537
53 1246
394 796
425 464
656 852
1127 1273
746 1257
549 1580
670 753
79 1122
1360 1567
520 1397
83 1083
1048 1556
635 1514
1391 1579
732 859
1373 1395
1330 1500
909 1503
5 1189
867 1265
435 777
572 1150
216 742
311 600
950 1084
679 768
196 1190
961 1024
668 1294
1168 1363
258 1442
76 1343
879 1251
298 1191
1175 1316
65 881
505 1409
238 1157
495 1128
344 1363
206 660
980 1433
1311 1397
971 1231
836 949
217 1504
791 1557
1226 1517
1415 1471
802 955
135 1318
1399 1476
451 1060
566 1144
739 805
913 1151
925 1092
439 528
308 850
337 910
2 263
707 1094
194 649
239 416
627 751
809 1393
284 873
854 1303
1322 1458
200 1291
59 474
151 292
828 1087
136 697
382 1572
595 929
1270 1393
156 573
490 1502
504 1405
1207 1467
1161 1491
102 425
192 680
173 1550
985 1363
766 863
378 747
138 540
416 1498
972 1449
679 927
536 1437
193 525
196 1350
23 1299
779 910
351 1381
460 528
234 983
236 373
661 1368
404 1165
691 1010
1181 1281
593 1096
158 164
1502 1537
1419 1476
631 1410
296 882
524 587
672 1525
22 1520
6 1156
930 982
777 1593
417 971
172 740
1233 1297
1071 1142
522 721
12 307
958 1355
1165 1494
752 757
177 627
404 1578
903 906
1272 1585
409 515
931 1068
580 1562
250 961
549 943
311 478
803 1058
1226 1458
1195 1364
664 775
342 714
203 869
199 556
543 1303
552 832
46 1055
567 1045
182 1359
284 290
328 977
866 1518
575 1149
700 1101
90 1221
1180 1229
606 1589
1153 1273
57 1254
370 1580
71 175
139 1442
1282 1595
1 1324
826 1277
1101 1212
472 1357
1039 1540
23 337
240 1455
264 930
28 1373
637 756
594 1301
1498 1581
486 889
1225 1377
365 1309
24 1503
700 1217
661 1486
215 360
641 794
807 1279
398 1272
1179 1356
509 515
322 1146
1271 1380
523 700
41 525
296 1335
982 1192
171 203
869 1075
841 1340
246 681
51 970
48 1027
1310 1370
516 980
408 883
35 132
530 572
334 794
349 493
54 1306
337 1197
389 685
1297 1420
492 1362
201 590
1341 1544
21 297
111 140
516 1183
277 293
307 642
446 710
657 984
141 299
1056 1143
671 1202
118 411
237 1022
12 1579
64 296
289 1068
593 1403
412 501
13 98
482 834
587 1133
19 535
43 1396
332 375
995 1474
1013 1551
220 628
1149 1327
28 390
346 706
494 943
44 1493
719 1466
462 601
1111 1420
775 1558
399 420
695 1543
1159 1295
1032 1261
775 1399
213 883
1110 1123
828 1249
109 598
457 717
672 1196
568 934
325 837
4 1570
254 696
305 1063
1379 1495
177 1060
403 999
381 1184
450 692
16 1307
114 1378
1150 1556
245 250
321 1334
831 1208
219 1403
389 1028
500 1227
502 1300
524 1370
198 955
47 1387
362 1096
9 985
407 1381
921 1204
276 1423
658 1460
712 852
968 1251
6 939
865 893
800 977
433 1461
210 1195
212 994
383 911
74 132
590 1522
395 609
703 1527
725 927
1357 1427
286 1402
178 306
827 1019
1273 1506
820 1272
512 1563
1145 1306
116 1229
514 863
106 874
354 776
513 883
511 968
260 602
176 954
870 1126
153 1215
77 426
403 901
937 1237
1260 1319
1438 1520
23 730
849 1391
1006 1335
69 140
1025 1299
678 1129
73 1545
1160 1501
226 1211
529 1586
792 1492
1000 1205
941 1288
18 355
499 1583
42 582
273 311
105 908
599 731
764 1546
714 748
64 1129
109 548
1282 1350
210 1261
680 895
811 1449
1247 1342
236 780
862 1024
347 902
118 590
328 1365
229 510
663 1171
420 1288
935 1178
1460 1590
760 1524
167 632
1439 1528
845 985
980 1570
507 1010
894 1173
165 508
338 1065
323 845
188 677
372 1599
836 1218
839 1590
1014 1116
618 798
980 1000
78 1216
782 1019
352 974
204 1283
323 1518
871 1400
206 496
682 923
1084 1346
271 633
6 1230
418 1053
807 1040
217 1055
190 524
228 402
885 943
81 480
195 1424
846 1416
695 765
579 1222
1186 1216
340 1389
146 923
462 860
489 1239
303 390
202 268
1340 1435
137 1501
265 1534
827 1268
1188 1508
534 1550
227 1070
52 996
115 1397
332 882
137 181
282 1460
312 1148
357 1264
56 130
1289 1322
584 1040
751 1129
878 1594
985 1296
752 779
103 685
38 1085
338 1262
575 860
389 713
80 1589
1186 1196
394 803
509 680
459 821
1475 1481
1106 1428
127 1459
645 1575
710 1538
335 1061
559 972
1030 1359
61 767
44 356
617 792
977 1223
449 746
1242 1306
594 692
515 634
370 1004
242 786
703 1142
736 749
52 99
1126 1567
211 293
355 899
1253 1551
730 1258
712 1436
555 819
318 1106
25 875
521 1370
1585 1598
233 1182
369 1404
501 1573
300 1272
443 579
577 1235
96 1513
526 904
111 1343
410 1508
688 1182
625 1233
326 508
696 746
150 187
331 1399
411 622
89 1063
306 1270
312 1439
1376 1548
332 619
772 1452
1130 1510
672 1576
275 1437
1069 1492
667 1566
477 1564
15 213
1321 1495
1176 1486
952 1256
408 545
9 35
501 1473
80 1144
1136 1487
1244 1338
407 622
1001 1382
176 1376
293 1575
721 1188
1054 1068
558 573
1271 1420
239 517
797 1555
391 1161
905 1531
71 1059
336 1521
218 1192
352 414
668 828
1037 1170
668 1083
107 700
315 1373
1026 1164
757 1276
379 1578
324 829
208 656
748 1183
31 1488
488 1526
294 1155
339 1447
597 1265
851 1157
1378 1567
396 649
47 1091
508 1052
246 1478
238 1372
341 865
552 1291
326 343
369 881
834 1079
401 681
510 1226
563 1156
148 553
453 1578
298 485
657 1423
447 1489
1059 1296
886 987
693 723
796 1338
1037 1355
566 735
507 1227
762 1133
98 1252
162 1581
661 810
431 1392
345 739
1031 1257
1023 1215
638 722
734 986
560 669
534 1584
388 1177
652 1600
267 992
1053 1174
496 1451
1441 1552
127 545
447 648
422 705
904 1566
495 994
964 1209
756 1443
210 342
376 1218
926 1511
69 197
997 1178
765 1134
989 1490
748 1573
126 925
1149 1454
85 283
266 1522
452 801
1402 1431
39 347
773 940
1324 1331
810 1532
451 1080
1209 1413
126 1454
409 781
1323 1576
505 575
256 416
871 1455
941 1007
1067 1160
1343 1453
376 690
226 574
768 912
675 1054
451 1138
357 1448
690 1178
1127 1466
397 987
350 1222
402 1113
118 1106
340 1555
893 1169
8 41
86 89
796 819
209 884
13 856
427 1283
84 734
733 1337
159 189
813 1244
31 365
190 1011
1322 1588
480 1383
169 1095
29 527
418 1039
477 745
718 1329
939 1434
259 637
50 1266
952 1247
841 1232
359 1240
698 1146
40 1464
101 621
790 1440
976 1290
222 1069
786 1556
640 1531
1559 1593
188 947
573 647
656 996
922 1023
1384 1577
517 1409
437 1436
224 358
458 1441
341 667
103 1136
363 1035
527 565
1425 1486
583 787
744 799
13 1071
174 1543
37 577
236 1046
47 1587
16 152
416 1400
430 1596
683 808
332 1089
772 1490
73 492
595 1421
303 1311
612 1056
120 579
112 309
557 1563
154 1416
425 518
804 1593
576 1032
533 1379
956 1379
1483 1556
669 1115
892 1003
898 1588
95 954
263 1472
707 1228
1127 1285
1248 1481
396 1484
51 1019
619 1268
966 1326
413 1167
277 728
297 931
253 1131
620 945
58 1302
178 380
229 965
139 784
646 1178
1039 1200
919 1457
1026 1458
978 1220
822 1005
335 917
419 1160
892 1281
1107 1418
67 1130
200 1048
188 434
476 926
480 1155
434 750
880 1333
531 673
614 1319
122 565
463 1432
256 1346
361 1041
17 1213
122 1087
972 1187
648 1546
646 1213
803 1250
213 1506
595 1171
455 1100
176 1407
146 1515
770 837
993 1470
307 1410
114 384
653 1540
547 616
769 1002
1195 1221
393 476
1025 1050
562 938
106 1559
598 1332
95 1351
932 1021
285 913
39 1208
66 515
472 957
831 1131
8 699
345 1566
353 1582
271 609
1105 1248
292 967
1203 1368
755 1398
195 1218
231 1545
396 1052
539 1013
60 604
1036 1516
448 840
284 669
193 1491
129 993
27 229
55 851
244 258
674 1312
133 457
1325 1514
392 767
223 811
705 1305
444 892
524 1062
412 1407
12 334
491 1304
222 487
437 1438
525 695
1426 1575
946 1120
102 191
310 1570
259 1339
218 368
350 1155
3 1344
264 977
966 1071
19 186
261 1568
867 1425
504 1098
279 1271
54 791
587 1024
334 1065
534 926
103 782
259 646
570 1554
331 350
98 727
750 963
636 1509
1089 1262
644 1055
1009 1547
584 1245
348 860
205 420
393 1062
526 1223
290 1363
1243 1392
276 1447
120 221
1503 1508
521 847
143 806
510 841
440 992
314 407
682 1213
405 894
615 1086
480 1191
858 1100
780 1462
105 848
1474 1502
878 1432
540 981
379 1595
904 1535
693 805
1254 1495
191 1126
84 846
777 832
1242 1559
346 443
905 1047
520 1236
585 724
53 1382
539 1417
711 1587
49 432
953 1020
924 967
422 969
589 799
768 1485
762 1518
76 953
1256 1275
1392 1586
172 1079
1219 1567
431 1061
72 859
869 1162
162 1146
726 783
36 1450
450 1470
88 1533
813 1524
507 1241
1077 1138
34 1472
1325 1451
119 456
87 98
829 1554
73 353
15 655
340 1351
1013 1085
655 1018
243 1452
181 1385
160 1040
454 1469
755 1212
700 760
100 385
1338 1527
684 1129
1004 1287
555 859
489 1440
798 1574
874 1490
864 1384
20 287
919 1265
39 123
302 947
352 438
7 1512
635 925
911 1216
561 691
214 1427
315 1050
1376 1388
1292 1357
469 1252
830 1238
845 1045
1123 1471
356 1523
958 1486
971 1358
22 1406
999 1556
231 313
345 433
1189 1293
85 812
1017 1476
899 1073
422 1372
783 996
83 267
150 217
221 784
715 1484
842 1513
554 618
201 506
205 873
1058 1549
339 1565
128 1294
254 285
9 523
273 1515
183 641
86 1045
539 546
185 599
961 1275
325 410
109 384
616 718
427 1444
481 1255
212 1031
78 812
98 453
738 1012
438 1143
578 1408
126 249
305 1132
181 856
83 830
441 994
1093 1332
85 1056
964 1074
383 570
988 1594
913 986
596 1022
8 947
478 837
193 1003
702 1308
21 1458
561 746
763 944
1202 1299
723 1599
79 1445
111 173
25 123
712 1301
261 456
704 934
356 606
12 809
1185 1386
422 1191
198 899
413 978
861 1227
795 1175
599 1154
17 929
891 909
745 765
468 1294
663 1547
260 263
402 868
763 813
13 832
220 616
395 1094
887 1431
314 1535
1110 1280
1491 1517
476 1564
1037 1562
102 468
1212 1592
185 257
666 711
238 497
630 1084
174 1206
374 1539
26 917
1040 1341
328 639
926 1017
785 897
800 944
360 838
1130 1204
255 1203
432 592
668 989
104 1011
429 1298
377 613
850 1494
933 1240
815 1312
88 1258
614 1418
1462 1530
506 1600
373 1499
963 1101
830 1340
4 1174
11 585
10 1079
1262 1409
211 1522
448 1438
309 802
175 774
1067 1518
343 1025
764 1230
969 1443
175 1375
273 441
602 670
1338 1558
106 1088
170 1002
571 649
550 617
581 1418
124 1040
618 793
275 1168
366 654
11 1246
595 957
45 1211
404 775
62 215
632 1193
269 1157
81 166
1112 1497
1006 1362
146 282
1109 1381
820 1505
387 1263
345 843
915 1266
564 912
1038 1065
940 1487
1415 1433
158 1438
406 817
591 829
897 1268
75 214
971 1209
179 989
144 447
742 1546
467 1264
550 1198
723 964
362 474
49 418
28 912
624 1066
1235 1331
377 740
323 455
235 621
739 1383
28 740
1243 1246
47 58
1156 1238
909 1525
16 576
726 1367
576 950
375 987
189 871
335 1557
166 741
179 825
81 310
34 145
90 400
27 469
1115 1238
30 1292
619 1206
932 1412
327 1549
1028 1466
187 467
197 466
978 1464
778 1217
176 694
1164 1552
287 1413
707 891
481 537
134 612
922 1107
687 1527
156 1592
409 644
1381 1536
34 991
33 82
1022 1467
199 1390
336 884
461 1073
905 1105
891 1384
292 1013
23 481
1003 1020
569 615
107 1034
622 1398
1506 1550
242 1557
399 1286
1317 1441
61 336
345 557
936 1029
982 1473
428 787
821 1088
696 1235
819 1110
133 980
1150 1435
144 1545
389 729
130 1396
339 1536
715 1261
248 1548
383 923
35 493
21 78
671 693
28 855
1099 1417
280 878
272 1084
152 442
500 1146
128 151
505 961
1177 1324
1041 1348
631 1409
48 895
130 704
5 111
1545 1568
83 624
1287 1293
373 1082
1302 1466
68 382
809 957
935 1571
1086 1116
918 1152
564 1216
673 1507
1196 1484
310 988
495 1229
471 911
161 827
572 1336
135 612
490 1201
7 1332
832 1243
538 929
1064 1275
392 439
468 843
645 777
1228 1449
297 1104
719 996
384 1185
208 1280
799 1532
1098 1411
488 876
262 1067
812 1597
380 1186
801 889
203 1076
433 758
858 1290
209 1493
1317 1507
70 620
131 987
615 934
1315 1571
388 698
1152 1540
224 253
1450 1595
1320 1523
1011 1270
423 1300
812 1036
205 1214
273 459
604 619
399 1471
758 1480
323 735
460 672
327 1484
1183 1393
379 1421
910 1293
321 1316
652 915
354 1113
375 1210
325 879
1112 1259
273 767
786 1519
208 914
1102 1336
473 528
1092 1219
1309 1474
169 914
62 251
540 1547
226 848
70 960
415 706
464 1429
1094 1493
316 979
78 972
14 729
1565 1597
405 930
288 639
257 1125
1233 1537
112 1386
896 1131
1111 1310
455 723
261 428
126 383
657 1317
1154 1446
173 232
506 1512
1022 1361
112 1394
1066 1110
1078 1300
509 1370
1424 1433
1388 1415
1444 1520
675 1141
547 893
182 772
508 947
185 766
492 1018
419 1401
18 477
725 1223
511 748
35 1361
1213 1327
588 889
177 232
155 1217
699 882
1044 1158
92 481
42 1553
1007 1233
730 1063
938 1285
141 1356
543 1469
274 1101
161 514
68 451
863 944
464 783
292 1190
113 551
495 1522
1048 1412
1091 1471
1042 1070
313 1117
1080 1359
419 608
31 1286
870 1308
736 886
56 1147
79 872
1529 1596
533 1269
228 329
395 503
91 223
26 122
774 911
1067 1569
55 1161
115 1564
629 861
381 487
15 386
577 720
643 1342
158 434
587 1430
743 1498
342 590
637 1446
105 1097
1348 1461
237 1351
144 1560
735 914
702 891
621 1034
1311 1521
449 978
627 1292
436 1310
1042 1088
1387 1505
429 1582
4 658
191 251
306 344
770 1371
523 1270
401 1112
1108 1302
1294 1379
189 1419
853 1349
14 1375
227 239
626 937
216 288
330 1046
180 1310
815 819
59 542
166 771
54 1485
847 918
38 813
544 680
858 1513
277 1145
505 651
117 847
2 1577
71 285
409 1325
76 1227
299 1533
1077 1200
144 234
1208 1553
491 1184
984 1150
933 1075
1123 1201
241 677
1361 1364
974 1265
306 452
101 290
421 1531
56 1188
165 1570
302 1488
973 1176
415 1245
148 558
575 951
442 1213
992 1029
948 962
973 1413
74 235
240 1164
967 1256
309 1123
412 975
608 1205
410 1122
217 1276
318 592
1181 1255
499 1023
604 1322
567 1034
1371 1476
378 895
963 1276
612 1439
1316 1597
284 1174
171 1014
878 1465
331 541
1 1483
561 794
254 916
291 1191
99 1448
245 324
611 998
18 650
116 486
91 230
84 1314
380 656
262 369
131 504
908 1121
559 658
789 1552
487 1468
755 1131
199 1259
455 1418
642 660
270 401
1194 1596
1121 1392
1081 1266
85 1565
134 1578
881 895
640 877
996 1189
1211 1512
274 417
702 1499
1076 1599
395 435
664 1569
957 1017
907 1330
346 674
313 835
152 738
502 540
690 831
647 1307
393 881
42 688
1079 1241
1405 1561
435 1335
488 768
637 1378
444 1282
397 1499
580 699
209 541
463 924
623 646
411 1091
1113 1510
624 1526
551 942
159 1572
1408 1426
1339 1514
77 1028
535 582
968 1406
733 811
114 1263
1033 1072
1214 1459
1117 1195
663 1333
1180 1515
222 906
483 781
781 1491
143 1479
796 880
81 372
535 803
795 928
556 1380
406 589
207 624
1225 1419
102 165
360 1477
719 1282
836 1288
511 630
932 1084
493 1103
219 549
676 753
153 1590
630 921
457 892
63 1574
726 1016
1218 1462
423 542
1036 1273
659 1259
665 814
833 1532
1119 1481
591 706
582 597
651 719
729 1478
40 264
1072 1482
951 1562
472 976
763 1305
119 1194
860 1169
178 1462
750 1236
46 735
174 262
238 957
120 743
227 1358
723 1027
561 1596
293 740
83 1528
652 1396
801 1102
121 1095
1476 1599
611 1298
127 482
265 917
242 1016
709 956
1367 1526
378 1598
230 1239
187 590
32 638
179 425
484 1589
274 640
500 1430
257 512
664 893
167 506
560 635
454 1355
726 1023
271 930
351 852
43 785
362 1587
919 1345
1008 1386
894 1308
522 1530
768 1181
447 1526
279 915
491 907
333 365
1134 1285
187 498
394 445
689 975
387 772
364 572
182 738
335 1286
296 789
24 981
177 1252
1369 1596
780 1445
628 718
749 1536
235 942
1144 1487
191 1555
73 1008
552 1372
116 1301
826 1151
475 580
315 761
247 1250
761 835
400 1140
946 1248
244 538
251 1234
370 487
17 189
398 557
223 828
1224 1398
92 236
1214 1337
787 1338
1051 1277
281 707
444 772
650 1120
165 1473
325 607
356 1147
979 1563
21 1277
244 994
863 1025
889 1231
732 1539
268 646
1049 1502
370 1363
22 546
123 1451
69 1461
1225 1463
225 1275
900 1493
643 1238
1146 1416
943 1160
795 1009
234 245
358 970
219 1193
853 868
4 1577
227 344
968 1291
1186 1368
64 1329
199 317
900 1080
728 1078
532 1193
708 1573
879 990
9 1581
413 1162
371 1075
400 546
779 1562
276 1528
818 1377
499 1088
1524 1558
1288 1500
