1600 3200
705 1286
959 1171
851 1312
513 1569
526 1596
1087 1445
613 752
216 1187
574 1322
574 723
759 1082
229 552
84 640
1394 1421
369 1269
586 752
918 1371
23 911
40 1568
980 983
646 1359
850 887
630 1410
1213 1494
1194 1341
840 1427
102 1019
139 507
1091 1557
329 1305
32 1061
410 1235
125 227
570 1067
868 875
970 1072
307 688
1543 1589
1347 1461
818 1161
999 1338
18 1214
336 1370
930 1546
655 902
573 1452
409 553
1355 1527
899 1234
759 1214
244 258
25 1343
543 882
696 1219
1031 1116
437 952
1157 1256
1114 1410
503 1133
728 1472
1384 1536
206 908
303 681
406 1001
262 1373
632 1238
157 1083
293 1560
935 1216
706 965
475 1192
566 1218
339 1580
496 737
483 1408
1516 1568
674 1235
124 660
941 1580
1124 1345
491 944
462 914
235 940
1320 1507
1072 1317
199 804
819 916
404 1096
1305 1481
700 1561
1162 1319
982 1333
154 942
94 229
1484 1598
214 1197
374 1358
521 1294
62 422
12 1147
921 1297
223 387
32 579
579 1283
476 1484
328 611
248 709
708 1258
1006 1595
862 1413
619 629
223 1122
172 830
93 1009
703 1542
289 911
9 1013
58 698
369 1478
289 501
15 1157
1341 1454
253 862
363 1507
27 1123
644 895
940 1231
479 756
344 1016
1369 1524
427 1262
7 1287
315 615
831 1465
401 1332
169 901
498 869
181 977
94 355
361 1488
632 1569
688 887
512 801
489 583
175 211
711 1248
251 326
11 909
134 1549
116 374
82 597
1118 1435
10 1112
279 791
670 713
826 1205
275 1270
119 922
13 439
430 1170
195 1255
1269 1425
795 1482
926 1029
9 1356
389 1190
1218 1492
665 1025
153 429
240 806
268 345
651 1066
607 1521
171 1163
366 897
442 923
493 1471
229 642
808 958
888 1189
151 1379
324 1152
295 596
327 763
283 847
217 844
244 430
994 1353
206 285
614 831
407 1109
1143 1537
404 1386
1535 1550
503 823
97 923
863 1048
224 1414
298 1591
450 873
228 599
201 1341
483 1484
612 1419
845 1241
284 1151
1308 1399
328 965
760 836
155 499
883 1480
451 771
50 479
1092 1520
664 1126
779 993
691 1410
541 1381
531 610
96 1364
199 822
353 692
551 983
495 754
1114 1420
1172 1224
64 142
1084 1534
820 1525
249 731
702 1550
687 1032
216 783
145 1591
633 1039
140 932
27 296
337 1264
287 713
1356 1378
219 564
99 735
34 665
1010 1251
209 1335
447 573
56 356
485 973
343 990
390 644
70 997
557 785
146 446
977 1483
710 1440
64 285
746 1384
386 519
854 881
55 419
677 1161
324 663
1432 1518
225 1557
336 533
80 1131
751 895
798 1477
1316 1372
540 1331
724 1449
142 812
107 1275
1346 1571
839 1046
251 1589
1141 1518
774 861
413 1570
640 1185
747 945
1192 1432
1476 1482
345 356
1095 1423
612 1477
422 874
92 453
444 812
397 751
667 873
474 586
416 619
222 1148
701 810
425 526
642 826
664 1401
697 948
1217 1338
641 781
352 1381
802 1593
351 1295
1218 1345
955 1591
736 757
43 1065
960 1079
848 1408
641 1369
382 1296
423 727
342 1123
1224 1354
230 510
234 412
854 1117
909 1600
851 1391
160 1404
304 313
559 860
622 1018
323 1009
718 991
117 990
849 955
471 1096
325 1391
859 1358
704 979
178 189
57 831
977 982
744 762
445 1016
1099 1326
295 592
340 695
972 1203
525 842
1453 1548
1010 1433
489 1506
687 1060
332 927
21 1157
772 1500
341 1377
740 779
687 716
656 1138
512 617
654 989
278 448
452 1160
960 1080
320 740
366 1286
782 1593
300 936
892 1233
156 1346
118 227
486 1044
1122 1272
838 1485
358 1106
539 585
514 1129
1273 1512
204 1560
628 1420
1111 1288
769 811
1016 1019
1251 1365
39 1068
138 672
288 730
293 714
1302 1338
66 352
407 528
969 1457
267 668
600 1107
164 301
290 1214
1357 1405
356 572
81 924
374 688
692 939
205 1069
1377 1487
237 590
267 1009
396 805
41 1309
243 1525
337 861
776 1003
1153 1193
160 1534
434 589
5 653
492 1164
237 435
1315 1476
304 579
182 545
61 1445
1077 1393
179 1207
976 1594
235 254
360 937
479 503
61 1463
786 1184
274 998
575 659
22 1228
175 758
256 809
108 1213
728 1090
720 764
434 1594
368 784
1175 1237
646 823
96 615
817 888
521 856
156 688
712 1427
1404 1581
81 1283
768 872
1062 1344
298 1517
136 1030
195 1399
235 407
658 1259
297 1510
409 531
149 1295
55 921
434 1286
841 1588
577 917
1099 1497
191 1549
567 643
911 1551
150 1209
1020 1170
164 1025
542 715
87 1075
641 1486
400 1116
305 582
37 1063
693 1124
791 1190
798 1556
99 670
342 614
84 1144
487 1067
950 995
166 506
135 451
242 1084
122 1053
1474 1503
116 1306
141 1050
470 957
431 1130
538 930
1026 1089
101 703
392 433
290 362
502 1288
842 1340
394 1357
23 1378
80 1188
259 991
113 505
890 1395
583 1151
623 971
885 1196
384 1066
935 1599
719 1086
1047 1050
279 823
88 755
650 1494
1128 1560
391 1078
341 349
294 1274
98 1436
715 1398
757 1104
88 1146
70 819
271 576
279 504
523 1457
596 1459
124 1031
612 727
1070 1184
144 1466
600 607
130 694
529 1141
610 1058
250 1434
212 824
561 962
816 1485
1109 1263
723 988
525 1515
488 1201
131 1566
684 1236
181 1208
1389 1421
550 1470
1254 1418
1445 1446
541 1572
559 624
675 1485
743 903
27 132
874 1418
1092 1113
286 1532
23 547
306 1102
466 1246
1037 1435
352 1342
945 1108
868 1586
133 1059
171 1367
487 1278
421 1424
709 944
557 871
409 546
890 1409
162 1583
1511 1589
576 1380
252 1065
87 1424
927 1037
796 1101
994 1155
754 1529
610 1278
475 1416
73 774
436 1556
819 925
763 865
427 984
382 1371
836 875
1015 1177
47 510
737 1235
51 1481
647 1486
747 809
447 602
48 1268
1352 1471
366 643
626 1352
501 665
414 1267
348 671
585 1238
1344 1385
1065 1209
284 1149
416 1185
638 1226
824 914
636 1456
866 1461
499 1199
1580 1582
222 1246
680 1277
455 1215
1030 1358
47 1394
833 1573
947 1575
558 1079
415 647
1030 1299
1424 1517
1443 1567
936 1376
289 1281
308 765
1265 1346
1173 1336
685 1487
312 1392
808 910
844 1544
75 1119
1011 1411
392 1172
61 1557
736 966
196 892
145 964
931 969
1085 1407
396 531
390 1137
580 1175
1239 1417
275 408
568 582
212 1437
218 553
986 1470
552 1043
910 985
1264 1290
506 1228
645 1394
1452 1509
577 606
1073 1225
293 1253
700 1181
261 1501
814 1226
553 971
1220 1547
480 597
388 1014
694 1434
181 767
23 86
877 1245
698 1110
205 1319
906 957
127 776
254 914
617 907
1272 1544
182 770
266 1388
102 1495
424 1593
5 943
1237 1316
347 931
268 890
167 1269
115 472
368 1086
137 1332
643 687
1216 1563
180 883
413 1053
367 543
169 1488
1197 1312
487 1056
449 625
524 563
790 1379
888 1446
358 1261
334 1569
256 1382
959 1256
165 1171
1398 1438
1372 1562
220 889
171 735
791 1400
269 662
200 1116
342 1293
254 1492
323 1222
49 1230
462 953
590 769
1040 1361
572 1115
1254 1535
254 370
450 502
208 895
575 1183
483 789
501 1227
88 1169
125 1196
48 728
44 378
941 1442
84 1100
681 800
126 1173
31 559
183 996
524 1571
446 1419
133 601
828 858
184 1108
1081 1533
876 1206
704 1281
701 1455
315 1524
651 876
1154 1363
1023 1573
566 1562
490 1189
21 1470
980 1313
1156 1295
16 202
66 851
1090 1555
972 1219
500 1130
90 210
1045 1475
741 992
399 627
373 495
515 1450
91 657
1184 1361
520 1145
294 1441
660 1421
52 207
854 952
76 109
172 756
201 1335
275 522
928 1141
459 1099
395 516
320 1007
29 909
996 1078
346 864
170 1480
465 700
398 892
625 1038
747 1187
1187 1579
825 1345
472 1460
318 1426
288 447
253 273
287 1155
211 1318
627 987
467 643
783 1427
365 848
75 1056
43 1127
542 868
753 1002
485 965
1230 1375
123 1507
1160 1411
793 1403
405 928
257 273
1159 1282
25 1002
653 1319
1234 1588
649 1306
248 309
448 1400
166 542
797 1545
283 1122
848 1569
522 1076
456 998
114 1432
148 410
378 497
744 1307
1033 1174
67 1347
1162 1444
106 896
702 733
894 1048
997 1210
189 990
1268 1388
957 1158
696 1430
270 626
1097 1155
42 1265
186 672
1185 1558
900 1291
813 1587
320 1075
88 1273
49 548
800 1006
691 1447
130 1071
307 411
982 1156
638 1313
115 1526
387 833
218 485
140 264
617 1221
760 1297
8 1576
1034 1252
114 581
72 156
981 1223
310 1019
847 1304
889 1311
448 1523
352 391
174 1288
490 726
795 1072
594 932
921 1204
250 777
876 1326
628 1193
391 1349
929 1407
183 981
970 1552
801 1102
143 1402
1033 1125
1052 1319
1250 1523
411 1007
108 810
348 1307
395 733
780 841
51 421
1179 1180
56 690
203 1320
750 1467
822 1070
520 886
887 1047
83 163
923 1064
534 850
908 1520
1079 1390
340 1491
49 1337
1311 1582
260 359
123 722
379 713
161 856
1124 1361
602 729
117 354
722 1207
702 1521
1069 1442
326 567
68 1302
65 1386
814 853
1243 1258
606 1012
1380 1390
40 1022
382 1001
332 1504
82 605
262 408
480 1501
807 978
1043 1422
529 793
621 1517
620 984
506 1209
319 377
583 1452
142 1308
350 1374
60 1454
623 1439
113 197
536 912
755 1100
274 1188
325 1036
707 1018
571 1086
401 1127
322 1551
236 398
973 1490
576 799
455 678
440 815
192 930
152 1380
777 1420
740 1536
896 1443
1028 1032
678 1330
840 1158
339 349
904 1553
264 317
601 949
758 852
671 1206
588 1045
50 321
202 768
765 1363
182 1496
878 1515
912 1174
935 1022
668 1379
434 1165
764 1263
165 705
1567 1573
98 560
403 1592
1081 1275
724 1266
1088 1303
1374 1461
396 1391
1565 1597
516 961
408 1217
814 1600
220 1474
473 1061
449 1486
170 456
1265 1493
388 1245
250 972
63 603
28 1239
154 1546
125 465
246 1091
529 1212
438 1592
526 994
822 1594
814 1305
305 1032
369 1393
522 805
1200 1255
505 1202
507 1537
1021 1241
669 1152
301 1181
786 1066
503 906
189 197
384 893
871 948
100 1597
111 1436
1094 1310
498 1596
357 1047
597 1299
561 729
316 1302
280 1469
257 694
775 940
299 1495
90 769
1099 1253
13 880
695 1246
1032 1191
829 1036
1451 1538
302 1584
726 1188
904 950
11 1369
742 1510
188 997
200 1414
1150 1208
356 1159
722 1264
832 1251
571 1105
784 1165
286 650
227 400
625 1446
136 852
71 240
544 929
1057 1178
1204 1306
496 1509
189 265
215 1465
445 945
455 830
630 1473
1178 1424
1170 1273
603 1144
611 1385
862 1348
611 1093
646 785
317 578
66 1088
118 968
865 1600
857 1054
111 1428
110 1181
16 515
212 514
484 659
264 756
850 954
30 551
585 589
527 1481
552 936
897 1100
1249 1296
263 316
1429 1550
1320 1518
741 802
39 1037
1316 1399
299 903
299 919
256 750
1276 1493
462 1202
76 653
151 558
177 468
177 449
846 878
509 1556
173 212
59 483
919 1293
65 1102
591 732
676 727
354 376
319 488
389 876
463 704
168 1212
300 1204
366 857
433 1017
1203 1362
826 1062
571 721
587 1304
74 1409
437 1183
790 996
331 988
372 956
121 699
744 831
709 846
807 1146
816 1148
536 838
85 412
1502 1552
277 1387
135 151
1382 1401
291 830
1125 1244
410 1239
51 605
1055 1259
482 1105
130 698
1498 1513
28 399
490 1132
63 518
897 1222
233 289
284 1517
557 1132
843 1337
633 803
902 1487
18 1005
257 544
613 647
45 161
575 1388
607 1522
1085 1553
218 390
338 718
166 1362
307 1574
98 1164
1473 1508
1088 1561
454 1300
5 894
947 1070
667 1570
281 1189
1304 1468
1036 1205
865 939
570 1266
264 562
280 355
46 144
223 1191
100 901
284 978
243 669
116 555
1000 1242
583 1575
595 762
150 1139
362 472
1431 1571
920 1577
149 1438
10 872
292 683
1130 1416
541 961
841 1185
593 1278
1156 1370
725 1495
833 1524
37 594
477 1371
1076 1382
343 834
699 1168
1038 1527
364 675
985 1405
636 1113
586 981
925 1458
259 1455
1069 1089
684 1339
314 1206
1406 1515
455 1223
429 1075
52 1351
1049 1221
401 877
605 1049
482 1233
651 1012
441 1186
420 732
578 1405
1013 1448
380 1200
1024 1366
164 714
246 1407
817 1129
323 751
778 790
139 1401
708 1477
370 1033
1058 1136
738 1227
905 1526
1001 1111
918 1542
447 477
750 1400
134 143
181 402
132 767
269 1503
560 787
519 1037
186 331
648 670
1473 1515
926 1097
321 1202
632 1565
335 1426
243 1183
947 1537
900 1043
377 962
34 438
429 1534
1074 1348
494 1212
530 1171
601 1281
1334 1422
976 1104
158 486
239 409
1248 1259
192 1149
246 963
47 1000
445 1223
336 486
755 1329
616 1453
588 881
662 697
82 1471
1364 1503
920 1396
92 494
380 707
465 1510
691 1305
532 920
2 1046
67 1430
1421 1558
186 1476
839 1073
198 994
666 1112
1178 1527
176 682
213 863
1337 1437
1095 1268
402 1275
1046 1172
1165 1343
258 842
35 1320
620 1035
270 1567
1504 1597
196 773
225 1386
136 538
330 902
1309 1414
500 1101
666 859
440 1506
1327 1328
78 1126
262 428
504 511
110 1196
773 921
1213 1244
797 1107
20 252
231 1058
48 1231
1002 1447
739 1110
508 1009
413 1183
1301 1430
849 1021
162 784
176 1041
1176 1198
967 1195
546 747
1378 1412
815 1550
1103 1239
675 778
175 395
1180 1292
129 1417
65 1134
536 1435
821 1280
98 355
1228 1503
117 745
1163 1439
1315 1393
517 1087
623 1336
196 1026
848 1442
827 1465
739 929
7 1531
461 1139
662 915
96 658
584 1248
521 1365
333 1128
537 639
419 1008
19 784
530 686
39 467
312 1564
855 1196
317 1041
415 537
190 384
771 836
1220 1355
591 1324
1583 1584
48 1068
101 1273
123 444
614 946
694 1155
43 380
1355 1559
614 1325
176 1200
1347 1499
470 1098
574 1307
749 1325
79 1242
176 385
152 1543
987 1133
701 914
334 1283
367 1154
763 807
268 592
18 122
498 719
79 411
44 616
748 773
302 1085
104 554
803 1378
432 567
318 1293
1023 1079
476 1210
115 329
497 669
271 1091
210 300
402 469
843 1250
1262 1349
192 731
723 1291
117 131
572 645
438 1407
120 878
54 1067
282 286
432 1189
291 932
896 1304
673 1599
1041 1364
290 1433
60 555
1456 1595
731 1101
573 745
30 462
871 1208
125 422
240 1302
231 832
1103 1557
1063 1213
456 781
304 1082
82 1347
177 406
339 1130
13 1125
131 1478
310 721
154 891
32 1455
870 1335
1117 1555
304 721
607 1514
209 513
324 836
417 1118
248 893
69 979
204 763
99 772
118 960
421 1567
697 1254
22 1071
512 628
430 1238
4 1114
379 673
518 568
1111 1350
1505 1585
213 652
218 1579
234 288
309 1066
792 1040
919 1115
625 1443
33 680
259 1208
239 1047
60 311
134 1166
802 955
823 931
49 1429
1360 1429
635 1459
1027 1428
68 1257
547 1489
79 962
260 537
749 776
928 1270
1062 1522
665 1336
75 1314
703 1558
97 937
207 1559
78 474
53 1504
363 533
353 661
1057 1191
24 1431
90 1409
592 1042
881 1279
514 1150
162 869
214 1256
481 1016
107 113
232 1151
375 834
737 824
344 1190
165 523
720 1474
679 1558
667 1195
460 1368
936 1321
448 1462
920 987
638 1539
1044 1182
442 491
922 1505
186 705
634 707
153 1578
20 1492
1287 1467
376 378
367 587
466 827
768 1580
646 918
425 459
376 593
481 492
188 1252
439 1288
9 1321
966 1274
194 715
1325 1440
173 660
141 1147
394 867
190 361
861 973
745 845
752 1216
540 573
134 383
419 1549
72 628
227 1300
195 1023
138 1554
886 1392
386 915
210 238
108 1119
1142 1368
147 706
281 741
433 877
736 1415
498 1533
509 1027
169 350
507 585
236 1015
828 1292
349 446
26 1578
797 1280
281 1489
676 1570
829 1492
144 182
999 1341
1292 1303
535 812
205 891
813 884
351 1436
388 886
741 794
161 655
934 1502
165 1167
1314 1506
45 370
496 1087
673 1083
686 1339
545 1054
12 1175
371 1390
1038 1142
1540 1600
633 710
609 1472
1260 1425
433 1245
1133 1559
365 385
608 1078
738 1231
372 1211
548 551
564 840
557 1357
132 1186
507 1011
381 1154
490 1210
1205 1221
1564 1583
509 966
76 1350
193 287
203 1548
777 852
471 1169
24 80
855 989
139 1519
309 949
466 993
33 381
679 775
138 1409
473 1018
363 964
930 1222
241 261
457 569
1138 1162
783 1160
562 1344
1004 1146
697 1448
633 1132
399 1441
273 686
71 581
439 768
960 1048
879 1490
348 985
171 943
893 1232
406 975
428 1082
1450 1586
232 566
378 1128
468 929
538 941
183 940
318 1501
529 1548
1046 1540
1396 1581
602 1205
442 1422
481 765
399 1261
917 1376
571 596
1343 1450
42 1397
52 1088
1156 1200
881 1518
1375 1545
668 1137
330 1063
943 1448
38 1464
4 8
120 1359
539 1123
1228 1488
550 1462
458 654
469 1243
843 954
732 1083
32 1073
314 1152
1354 1555
669 1265
114 991
95 265
779 839
456 675
478 1566
267 698
166 797
804 1383
329 1406
725 1447
122 759
24 41
584 678
35 110
132 606
1285 1546
1104 1369
922 1051
220 608
26 1489
423 742
799 1271
869 1376
1318 1329
71 463
81 684
563 754
837 1008
68 1201
128 600
326 1469
478 829
63 216
285 499
1216 1323
146 1313
126 1171
14 716
174 1373
270 461
236 995
619 992
522 925
1059 1149
1201 1379
954 1219
695 725
443 508
143 1370
800 1193
401 1188
495 1438
56 160
384 554
360 629
103 772
123 1314
128 951
89 935
38 1354
127 635
757 1396
971 1257
3 1525
621 1381
464 1383
556 775
787 886
974 1414
46 758
120 1333
474 1234
793 844
362 449
163 418
547 1552
753 1423
1124 1532
276 1014
467 1598
436 1120
173 1542
143 1464
149 1565
51 410
883 1289
116 1541
405 415
373 1531
17 1530
864 1236
1199 1211
347 1551
1282 1462
77 202
367 898
1004 1596
1203 1330
549 743
298 506
550 1121
1148 1564
1353 1479
121 1449
1313 1508
871 1274
652 961
282 1290
428 1062
621 1024
104 209
426 720
208 975
85 1566
959 1311
340 866
454 884
968 1485
114 1120
193 1135
7 127
609 849
411 1280
487 1539
224 723
491 1350
27 939
8 1506
534 535
201 724
443 1271
533 1277
1204 1247
548 1143
706 1365
546 1191
717 908
913 1061
394 510
859 1476
565 1117
256 1530
1423 1577
656 986
1096 1276
467 1029
919 1340
580 1173
30 311
878 1352
177 1453
484 1548
541 938
106 1536
853 1500
180 825
953 1395
41 500
1271 1327
107 372
85 1042
95 1458
326 1115
471 888
711 1384
86 1574
576 612
14 470
624 1590
405 1230
1109 1496
570 653
604 1366
33 618
104 300
1029 1458
424 605
918 992
277 1198
837 1554
129 811
695 1309
31 861
511 1416
97 555
492 1017
454 597
167 303
77 1121
671 1199
444 465
578 685
820 1182
85 1401
788 835
303 992
981 990
533 593
63 1198
357 1137
712 898
1007 1508
789 974
194 738
291 1415
55 1048
934 995
25 516
276 604
46 544
188 1589
1499 1505
586 844
440 801
38 1089
666 1530
1044 1315
927 1575
1277 1279
115 1389
472 1354
400 493
305 311
381 1203
1194 1425
359 711
729 1568
478 650
214 1120
203 813
432 598
53 1106
73 1542
241 1308
682 939
337 1362
168 511
178 1056
209 925
609 1526
12 1397
589 1294
437 967
565 652
207 1274
242 770
559 1162
683 1491
15 248
238 661
159 1547
263 525
1055 1267
629 780
466 1528
874 1307
903 1356
1056 1076
740 1324
137 1353
544 1073
213 511
91 1092
13 899
412 901
233 1182
69 167
794 906
556 1460
513 1107
761 1478
80 639
528 1176
924 1055
276 389
419 1136
283 415
321 567
1134 1238
67 1594
317 1545
417 1468
535 1028
587 1005
822 1280
274 655
204 1402
660 1309
641 1003
837 1058
319 1553
267 911
728 899
480 1460
424 552
690 1586
245 908
87 249
306 717
420 1051
975 1192
1214 1372
69 1158
72 644
1119 1161
1392 1513
297 396
468 1140
395 1112
162 1318
135 986
148 1172
247 375
1127 1154
453 1367
441 942
93 1093
259 1478
167 568
1446 1563
371 1095
158 626
562 1562
296 904
435 458
217 228
640 1257
119 291
604 667
119 1070
1329 1516
1224 1311
69 1572
272 882
696 1174
105 648
788 1413
473 799
545 717
344 580
463 1463
536 1408
260 1544
430 1169
266 1419
1403 1444
200 1590
238 1157
231 966
154 294
207 749
206 1596
882 1514
247 1260
648 958
58 1383
204 526
163 239
761 965
77 1276
310 408
58 1522
402 792
383 1373
152 809
497 983
142 155
1038 1327
426 798
194 235
15 910
1144 1343
342 978
517 748
989 1332
360 1222
1152 1264
1034 1482
1022 1532
2 263
93 107
255 885
644 764
245 473
932 1463
225 1416
198 1383
783 1310
338 1244
767 1225
226 616
308 898
12 1419
1272 1277
540 1536
957 1014
518 1148
774 1520
362 996
603 1017
1181 1393
228 1459
221 1437
892 1110
431 999
371 1248
357 441
346 1512
845 1053
649 1561
368 1426
129 358
6 574
979 982
1439 1516
31 138
21 347
786 1153
213 1028
690 899
31 301
1142 1176
83 398
338 1167
734 867
550 1020
528 720
595 746
534 1431
75 1126
452 1599
84 1403
35 915
159 1372
101 427
562 645
1021 1297
72 392
1404 1471
872 1035
66 226
1140 1195
460 680
426 591
870 1399
16 1110
183 1312
148 748
890 1380
515 1235
1113 1243
627 958
55 457
404 1402
568 737
1520 1581
495 1291
756 1593
297 452
232 1131
642 907
180 1233
766 1194
351 1252
530 1299
563 1060
443 532
210 338
426 1258
732 1241
156 1338
1306 1462
221 987
637 791
1108 1173
1031 1098
21 73
319 916
278 866
818 898
208 1182
855 1212
40 1442
772 942
44 164
813 1441
103 242
703 1012
16 817
374 916
83 636
18 792
333 379
345 803
437 733
578 596
531 988
700 795
6 327
392 1574
347 436
1211 1321
482 1410
542 1373
325 1406
654 1339
475 1025
478 677
753 937
239 1296
11 1408
62 1108
158 624
963 1368
670 762
238 1229
33 858
569 821
59 272
305 1092
131 425
1310 1323
418 627
3 1263
191 1482
833 1179
852 1127
184 1145
946 1289
128 598
191 1308
799 1351
137 1502
398 952
1342 1436
1030 1334
62 486
1321 1513
743 757
36 1262
1298 1504
674 1566
184 753
887 905
810 841
380 1360
57 750
1158 1298
139 230
686 944
400 1125
527 1141
199 1019
172 613
1275 1356
62 124
160 1578
1136 1367
1392 1538
1447 1458
1100 1247
140 1440
15 423
621 650
17 594
759 1484
92 445
217 505
493 1435
121 1529
226 1444
1075 1483
198 224
295 1240
439 1509
329 1588
947 1254
327 1344
120 835
45 390
341 880
349 1543
70 1335
991 1071
255 441
187 1487
109 1227
313 1498
642 1598
77 423
1129 1491
693 1437
777 1568
619 1105
504 1472
1001 1080
350 1297
689 1417
1074 1234
1140 1551
1397 1516
2 834
385 464
372 1537
1236 1278
331 457
126 403
262 1591
671 730
658 1042
174 364
405 1017
1010 1225
221 718
721 1281
657 969
824 1035
637 1051
638 1270
1486 1584
891 970
1033 1571
829 1270
57 1045
1322 1527
1337 1477
203 863
219 1007
226 782
244 443
61 1293
157 1215
1035 1153
270 1102
1460 1489
233 1495
436 1389
879 1456
76 1316
141 672
938 1201
1397 1474
148 549
789 1081
200 561
645 967
626 1071
1402 1546
492 1479
379 884
1076 1579
806 1249
155 1111
50 1500
543 1023
373 554
320 463
211 353
361 821
1328 1336
485 1000
94 1151
230 464
29 705
4 1043
893 1083
564 1413
364 1328
228 647
1261 1592
47 802
535 618
718 1175
19 1483
951 1178
316 917
1317 1464
19 711
252 832
748 1163
1511 1530
948 1174
677 1314
488 1237
355 1528
39 825
128 666
828 1272
1497 1574
1400 1541
397 1086
479 1556
679 1448
1006 1359
938 1211
941 1444
1411 1473
891 1377
219 594
175 604
826 894
74 1590
664 1194
29 1150
334 1040
1036 1366
922 1168
159 1386
551 879
1122 1468
1219 1258
938 1371
924 1501
240 880
1246 1322
36 598
20 153
1351 1576
1186 1429
662 1468
121 1361
801 1590
357 1221
1251 1346
599 988
158 909
393 480
581 599
1 292
482 582
197 734
53 1121
389 1362
359 913
958 1508
187 306
37 1325
512 577
976 1084
1266 1315
616 1480
150 353
743 1385
328 365
90 1128
1395 1505
601 1143
816 1255
151 873
993 1131
198 1298
853 1496
9 1404
1077 1223
265 1552
416 1055
30 1521
277 1197
600 1290
112 1177
103 1120
371 834
847 1217
962 1300
89 1000
860 1253
17 1455
414 417
220 1252
205 1466
649 1459
1107 1170
1 770
787 1475
710 1074
428 1229
1535 1565
1493 1598
393 1226
821 1290
1080 1090
508 1387
622 959
202 1052
377 1595
322 592
309 766
252 1064
282 1057
727 895
816 995
1 508
1098 1428
52 153
318 1139
1465 1555
690 1132
1013 1511
334 701
133 1268
1169 1260
109 864
42 1294
247 927
316 706
197 330
806 1357
691 1049
232 1167
956 1300
730 1581
609 1207
168 457
435 450
93 504
1013 1554
261 527
87 874
916 1065
44 889
59 446
321 685
234 1412
775 1367
1061 1342
20 332
146 1467
548 1202
155 873
431 1232
584 1586
221 313
97 558
105 1052
285 1034
46 1220
754 1431
1161 1479
391 1428
524 1027
185 1271
331 796
403 1582
1247 1443
719 1031
985 1052
10 608
837 1284
34 308
1209 1375
785 860
157 523
716 1348
394 897
124 1585
54 1024
322 946
14 1469
298 904
527 917
53 330
870 1454
565 1451
963 1296
100 420
459 1575
884 1326
388 1098
901 1026
223 539
632 943
36 679
579 1413
150 1398
602 953
1054 1064
676 1490
713 1229
3 1562
532 1541
1020 1165
127 484
403 518
474 1039
673 1572
109 345
241 295
618 867
296 397
351 1334
179 595
912 1259
680 769
817 1004
980 1289
451 1179
233 336
839 1240
682 1317
1342 1513
54 630
719 1326
60 1053
631 976
561 993
755 1291
253 1432
520 825
1244 1539
924 1390
414 1241
951 1164
811 1109
335 1082
905 1374
1022 1521
458 1365
858 1317
956 1333
54 387
335 1198
185 1145
169 1284
608 663
34 45
773 1279
195 1005
249 1080
94 172
251 620
1034 1279
513 1529
1006 1529
855 950
266 828
656 1129
1106 1249
1008 1217
735 1547
867 1328
502 729
1333 1525
1282 1411
417 1069
584 758
1236 1494
453 623
1334 1360
945 1488
68 266
451 912
1523 1528
199 558
771 778
257 414
6 1136
191 1247
343 1451
22 735
1074 1425
1376 1496
297 595
133 1331
111 1018
280 364
269 476
663 1560
1263 1509
781 1257
631 812
499 842
1461 1512
566 736
424 1245
247 1024
838 1434
294 397
1350 1480
1192 1398
497 708
96 250
1059 1541
1025 1588
325 501
105 560
341 684
25 145
105 1116
942 1507
1159 1224
517 622
1135 1231
369 1179
314 1218
1215 1415
376 913
421 1457
393 1345
10 657
538 1039
387 857
776 863
363 1498
67 1284
327 381
91 1135
1068 1388
178 510
346 689
696 1412
926 1193
229 1021
570 889
672 1415
188 716
272 282
790 1090
375 984
830 851
528 1310
170 383
245 1138
102 1072
26 375
556 617
74 286
1050 1597
126 1184
38 293
489 1255
752 1298
216 1232
193 896
1287 1323
543 1060
794 933
277 1449
780 1330
710 1417
635 1091
563 955
333 1564
328 635
751 762
980 1301
820 1195
1176 1389
989 1467
521 1381
141 1051
78 1384
147 406
425 1121
313 681
413 900
103 110
89 101
1358 1573
113 972
255 489
678 1370
91 1561
937 953
781 1329
2 770
856 1283
81 1353
161 1199
312 1559
234 1105
145 685
639 1331
659 808
468 1220
726 1159
241 255
184 637
5 102
1519 1563
603 661
539 969
977 1456
496 1584
879 1394
708 712
29 174
800 1028
854 1063
56 702
509 630
452 668
637 1472
368 765
1114 1532
215 1579
416 997
231 767
1011 1377
64 1494
655 788
788 818
140 973
383 1340
86 1523
17 1054
877 1117
59 271
866 880
500 1180
1123 1327
564 1002
260 269
1452 1553
587 1531
516 761
137 933
1227 1287
92 460
86 853
1232 1360
422 1089
1166 1292
622 1534
168 1391
1164 1318
838 1324
112 806
275 634
215 312
1040 1441
540 1491
1249 1301
860 999
717 1511
926 1039
805 1351
122 1418
1197 1457
211 1583
215 386
194 431
71 654
520 742
1150 1177
308 620
636 956
6 827
281 984
1359 1427
803 1187
819 1057
588 1167
22 1363
1115 1267
786 1570
278 565
420 1514
196 1405
74 872
693 1250
611 971
910 1003
299 724
569 1592
961 1094
73 190
998 1261
534 951
967 1332
1093 1423
112 915
100 849
778 907
1004 1282
296 1412
519 1119
272 470
517 1348
179 271
1233 1453
111 1237
725 1139
348 1084
344 795
658 661
652 856
1093 1469
225 438
545 659
553 1466
8 1406
787 1207
1464 1576
242 840
1 237
129 1020
386 1177
365 1147
782 934
846 885
954 983
14 274
555 832
749 1587
804 1015
230 780
444 1134
712 760
292 1210
1041 1499
136 1572
258 1497
546 931
843 1242
766 1180
549 1349
549 882
332 580
560 1077
119 208
577 785
978 1096
70 333
26 302
1011 1012
1010 1512
1097 1145
464 746
42 187
502 1078
7 1146
807 1385
118 1430
290 418
906 1426
1106 1543
95 875
575 742
261 1538
360 699
393 1364
1260 1587
469 1147
808 1166
288 1585
287 440
359 970
615 1312
276 335
104 1190
37 1153
370 1422
469 771
682 1068
656 1026
964 1554
846 1438
847 1340
237 952
598 998
746 1366
206 683
714 1104
224 764
610 796
222 1540
178 870
283 704
361 1230
733 1262
144 1475
934 1294
1049 1545
903 1339
185 1582
569 1253
453 1440
798 928
350 1475
302 779
11 974
65 491
588 590
1097 1466
547 1528
236 1324
674 1226
1418 1578
179 343
303 1027
804 1490
41 1514
530 1126
805 1045
315 1403
581 639
340 1531
858 1374
407 974
796 1133
1029 1382
1113 1284
1103 1547
1243 1599
43 106
322 1081
857 1330
709 894
1060 1303
412 1322
192 429
1267 1533
475 827
689 1539
722 1286
707 1285
427 1215
163 726
693 1077
793 1085
354 523
885 1538
442 1144
1137 1285
631 760
948 1355
714 1160
593 789
339 676
640 1003
314 818
263 634
477 792
78 1470
152 1206
515 913
663 1014
865 1595
1064 1134
58 149
157 1497
173 201
582 1044
820 1135
883 1266
190 1094
418 1005
382 689
251 1433
324 815
664 964
494 859
477 1395
471 1166
245 1163
170 1118
481 923
50 862
1112 1526
968 1463
1240 1500
476 868
79 1352
774 1576
1168 1420
373 900
631 1015
744 1387
1242 1323
488 1368
524 815
590 606
657 1118
135 311
147 310
809 1250
730 1510
3 1502
244 1299
458 461
599 738
28 615
869 979
222 589
99 258
106 1519
243 505
715 907
246 301
835 1533
1301 1544
739 1285
986 1140
377 975
484 1587
28 40
681 1535
648 1240
57 460
591 1519
461 1434
292 1095
19 1303
95 146
435 532
782 905
159 1481
4 761
537 692
875 1168
1479 1522
835 902
219 1524
950 1225
572 629
306 346
494 1387
845 1577
949 1094
35 450
36 1087
64 1067
280 454
699 1349
89 493
556 1498
253 307
273 1059
1375 1450
1449 1483
766 1363
1433 1454
674 1295
734 1549
278 683
1186 1439
651 944
337 1229
187 1050
933 1138
323 618
358 554
83 864
731 1585
519 1042
108 624
745 1577
315 1131
354 949
180 1103
185 677
279 1142
147 1143
514 810
613 850
217 1493
249 933
734 1101
268 404
739 1008
112 1499
634 963
432 1149
1396 1563
265 1331
385 1269
794 1451
214 1445
24 1289
130 811
649 968
193 692
459 946
525 1256
1276 1540
