1 2
1 9
1 16
1 23
1 30
1 37
1 44
1 51
1 58
1 65
1 72
1 79
1 86
1 93
4 2
4 9
4 16
4 23
4 30
4 37
4 44
4 51
4 58
4 65
4 72
4 79
4 86
4 93
7 2
7 9
7 16
7 23
7 30
7 37
7 44
7 51
7 58
7 65
7 72
7 79
7 86
7 93
10 2
10 9
10 16
10 23
10 30
10 37
10 44
10 51
10 58
10 65
10 72
10 79
10 86
10 93
13 2
13 9
13 16
13 23
13 30
13 37
13 44
13 51
13 58
13 65
13 72
13 79
13 86
13 93
16 2
16 9
16 16
16 23
16 30
16 37
16 44
16 51
16 58
16 65
16 72
16 79
16 86
16 93
19 2
19 9
19 16
19 23
19 30
19 37
19 44
19 51
19 58
19 65
19 72
19 79
19 86
19 93
22 2
22 9
22 16
22 23
22 30
22 37
22 44
22 51
22 58
22 65
22 72
22 79
22 86
22 93
25 2
25 9
25 16
25 23
25 30
25 37
25 44
25 51
25 58
25 65
25 72
25 79
25 86
25 93
28 2
28 9
28 16
28 23
28 30
28 37
28 44
28 51
28 58
28 65
28 72
28 79
28 86
28 93
31 2
31 9
31 16
31 23
31 30
31 37
31 44
31 51
31 58
31 65
31 72
31 79
31 86
31 93
34 2
34 9
34 16
34 23
34 30
34 37
34 44
34 51
34 58
34 65
34 72
34 79
34 86
34 93
37 2
37 9
37 16
37 23
37 30
37 37
37 44
37 51
37 58
37 65
37 72
37 79
37 86
37 93
40 2
40 9
40 16
40 23
40 30
40 37
40 44
40 51
40 58
40 65
40 72
40 79
40 86
40 93
43 2
43 9
43 16
43 23
43 30
43 37
43 44
43 51
43 58
43 65
43 72
43 79
43 86
43 93
46 2
46 9
46 16
46 23
46 30
46 37
46 44
46 51
46 58
46 65
46 72
46 79
46 86
46 93
49 2
49 9
49 16
49 23
49 30
49 37
49 44
49 51
49 58
49 65
49 72
49 79
49 86
49 93
52 2
52 9
52 16
52 23
52 30
52 37
52 44
52 51
52 58
52 65
52 72
52 79
52 86
52 93
55 2
55 9
55 16
55 23
55 30
55 37
55 44
55 51
55 58
55 65
55 72
55 79
55 86
55 93
58 2
58 9
58 16
58 23
58 30
58 37
58 44
58 51
58 58
58 65
58 72
58 79
58 86
58 93
61 2
61 9
61 16
61 23
61 30
61 37
61 44
61 51
61 58
61 65
61 72
61 79
61 86
61 93
64 2
64 9
64 16
64 23
64 30
64 37
64 44
64 51
64 58
64 65
64 72
64 79
64 86
64 93
67 2
67 9
67 16
67 23
67 30
67 37
67 44
67 51
67 58
67 65
67 72
67 79
67 86
67 93
70 2
70 9
70 16
70 23
70 30
70 37
70 44
70 51
70 58
70 65
70 72
70 79
70 86
70 93
73 2
73 9
73 16
73 23
73 30
73 37
73 44
73 51
73 58
73 65
73 72
73 79
73 86
73 93
76 2
76 9
76 16
76 23
76 30
76 37
76 44
76 51
76 58
76 65
76 72
76 79
76 86
76 93
79 2
79 9
79 16
79 23
79 30
79 37
79 44
79 51
79 58
79 65
79 72
79 79
79 86
79 93
82 2
82 9
82 16
82 23
82 30
82 37
82 44
82 51
82 58
82 65
82 72
82 79
82 86
82 93
85 2
85 9
85 16
85 23
85 30
85 37
85 44
85 51
85 58
85 65
85 72
85 79
85 86
85 93
88 2
88 9
88 16
88 23
88 30
88 37
88 44
88 51
88 58
88 65
88 72
88 79
88 86
88 93
91 2
91 9
91 16
91 23
91 30
91 37
91 44
91 51
91 58
91 65
91 72
91 79
91 86
91 93
94 2
94 9
94 16
94 23
94 30
94 37
94 44
94 51
94 58
94 65
94 72
94 79
94 86
94 93
97 2
97 9
97 16
97 23
97 30
97 37
97 44
97 51
97 58
97 65
97 72
97 79
97 86
97 93
100 2
100 9
100 16
100 23
100 30
100 37
100 44
100 51
100 58
100 65
100 72
100 79
100 86
100 93
103 2
103 9
103 16
103 23
103 30
103 37
103 44
103 51
103 58
103 65
103 72
103 79
103 86
103 93
106 2
106 9
106 16
106 23
106 30
106 37
106 44
106 51
106 58
106 65
106 72
106 79
106 86
106 93
109 2
109 9
109 16
109 23
109 30
109 37
109 44
109 51
109 58
109 65
109 72
109 79
109 86
109 93
112 2
112 9
112 16
112 23
112 30
112 37
112 44
112 51
112 58
112 65
112 72
112 79
112 86
112 93
115 2
115 9
115 16
115 23
115 30
115 37
115 44
115 51
115 58
115 65
115 72
115 79
115 86
115 93
118 2
118 9
118 16
118 23
118 30
118 37
118 44
118 51
118 58
118 65
118 72
118 79
118 86
118 93
121 2
121 9
121 16
121 23
121 30
121 37
121 44
121 51
121 58
121 65
121 72
121 79
121 86
121 93
124 2
124 9
124 16
124 23
124 30
124 37
124 44
124 51
124 58
124 65
124 72
124 79
124 86
124 93
127 2
127 9
127 16
127 23
127 30
127 37
127 44
127 51
127 58
127 65
127 72
127 79
127 86
127 93
130 2
130 9
130 16
130 23
130 30
130 37
130 44
130 51
130 58
130 65
130 72
130 79
130 86
130 93
133 2
133 9
133 16
133 23
133 30
133 37
133 44
133 51
133 58
133 65
133 72
133 79
133 86
133 93
136 2
136 9
136 16
136 23
136 30
136 37
136 44
136 51
136 58
136 65
136 72
136 79
136 86
136 93
139 2
139 9
139 16
139 23
139 30
139 37
139 44
139 51
139 58
139 65
139 72
139 79
139 86
139 93
142 2
142 9
142 16
142 23
142 30
142 37
142 44
142 51
142 58
142 65
142 72
142 79
142 86
142 93
145 2
145 9
145 16
145 23
145 30
145 37
145 44
145 51
145 58
145 65
145 72
145 79
145 86
145 93
148 2
148 9
148 16
148 23
148 30
148 37
148 44
148 51
148 58
148 65
148 72
148 79
148 86
148 93
151 2
151 9
151 16
151 23
151 30
151 37
151 44
151 51
151 58
151 65
151 72
151 79
151 86
151 93
154 2
154 9
154 16
154 23
154 30
154 37
154 44
154 51
154 58
154 65
154 72
154 79
154 86
154 93
157 2
157 9
157 16
157 23
157 30
157 37
157 44
157 51
157 58
157 65
157 72
157 79
157 86
12 43 44 0 43 44 1 43 44 2 42 44 2 42 99 2 42 99 3 54 99 3 54 99 2 54 93 2 55 93 2 55 93 1 55 93 0
12 76 30 0 76 30 1 76 30 2 75 30 2 75 100 2 75 100 3 81 100 3 81 100 2 81 86 2 82 86 2 82 86 1 82 86 0
12 106 9 0 106 9 1 106 9 2 105 9 2 105 101 2 105 101 3 129 101 3 129 101 2 129 93 2 130 93 2 130 93 1 130 93 0
12 91 16 0 91 16 1 91 16 2 90 16 2 90 102 2 90 102 3 114 102 3 114 102 2 114 79 2 115 79 2 115 79 1 115 79 0
12 43 58 0 43 58 1 43 58 4 42 58 4 42 99 4 42 99 5 60 99 5 60 99 4 60 93 4 61 93 4 61 93 1 61 93 0
12 124 93 0 124 93 1 124 93 2 123 93 2 123 103 2 123 103 3 126 103 3 126 103 2 126 93 2 127 93 2 127 93 1 127 93 0
12 112 9 0 112 9 1 112 9 2 111 9 2 111 104 2 111 104 3 147 104 3 147 104 2 147 65 2 148 65 2 148 65 1 148 65 0
12 10 72 0 10 72 1 10 72 2 9 72 2 9 105 2 9 105 3 36 105 3 36 105 2 36 65 2 37 65 2 37 65 1 37 65 0
12 31 23 0 31 23 1 31 23 2 30 23 2 30 106 2 30 106 3 93 106 3 93 106 2 93 9 2 94 9 2 94 9 1 94 9 0
12 16 44 0 16 44 1 16 44 2 15 44 2 15 107 2 15 107 3 21 107 3 21 107 2 21 65 2 22 65 2 22 65 1 22 65 0
12 28 65 0 28 65 1 28 65 2 27 65 2 27 108 2 27 108 3 39 108 3 39 108 2 39 79 2 40 79 2 40 79 1 40 79 0
12 34 37 0 34 37 1 34 37 2 33 37 2 33 109 2 33 109 3 84 109 3 84 109 2 84 44 2 85 44 2 85 44 1 85 44 0
12 4 23 0 4 23 1 4 23 2 3 23 2 3 110 2 3 110 3 156 110 3 156 110 2 156 30 2 157 30 2 157 30 1 157 30 0
12 43 65 0 43 65 1 43 65 6 42 65 6 42 99 6 42 99 7 78 99 7 78 99 6 78 72 6 79 72 6 79 72 1 79 72 0
12 10 93 0 10 93 1 10 93 4 9 93 4 9 100 4 9 100 5 72 100 5 72 100 4 72 93 4 73 93 4 73 93 1 73 93 0
12 1 30 0 1 30 1 1 30 2 0 30 2 0 111 2 0 111 3 45 111 3 45 111 2 45 86 2 46 86 2 46 86 1 46 86 0
13 10 93 0 10 94 0 10 94 1 10 94 6 9 94 6 9 100 6 9 100 7 126 100 7 126 100 6 126 58 6 127 58 6 127 58 1 127 58 0
12 7 37 0 7 37 1 7 37 4 6 37 4 6 101 4 6 101 5 147 101 5 147 101 4 147 58 4 148 58 4 148 58 1 148 58 0
12 28 79 0 28 79 1 28 79 4 27 79 4 27 102 4 27 102 5 57 102 5 57 102 4 57 2 4 58 2 4 58 2 1 58 2 0
12 109 86 0 109 86 1 109 86 2 108 86 2 108 112 2 108 112 3 141 112 3 141 112 2 141 93 2 142 93 2 142 93 1 142 93 0
12 127 79 0 127 79 1 127 79 8 126 79 8 126 99 8 126 99 9 147 99 9 147 99 8 147 9 8 148 9 8 148 9 1 148 9 0
12 52 72 0 52 72 1 52 72 4 51 72 4 51 103 4 51 103 5 75 103 5 75 103 4 75 86 4 76 86 4 76 86 1 76 86 0
12 103 37 0 103 37 1 103 37 2 102 37 2 102 113 2 102 113 3 153 113 3 153 113 2 153 58 2 154 58 2 154 58 1 154 58 0
12 22 16 0 22 16 1 22 16 4 21 16 4 21 104 4 21 104 5 135 104 5 135 104 4 135 9 4 136 9 4 136 9 1 136 9 0
12 76 9 0 76 9 1 76 9 6 75 9 6 75 101 6 75 101 7 96 101 7 96 101 6 96 23 6 97 23 6 97 23 1 97 23 0
12 40 65 0 40 65 1 40 65 4 39 65 4 39 105 4 39 105 5 69 105 5 69 105 4 69 2 4 70 2 4 70 2 1 70 2 0
13 55 93 0 55 94 0 55 94 1 55 94 6 54 94 6 54 102 6 54 102 7 147 102 7 147 102 6 147 86 6 148 86 6 148 86 1 148 86 0
12 103 79 0 103 79 1 103 79 4 102 79 4 102 106 4 102 106 5 153 106 5 153 106 4 153 44 4 154 44 4 154 44 1 154 44 0
12 61 23 0 61 23 1 61 23 2 60 23 2 60 114 2 60 114 3 66 114 3 66 114 2 66 58 2 67 58 2 67 58 1 67 58 0
12 25 37 0 25 37 1 25 37 4 24 37 4 24 107 4 24 107 5 111 107 5 111 107 4 111 93 4 112 93 4 112 93 1 112 93 0
12 31 9 0 31 9 1 31 9 4 30 9 4 30 108 4 30 108 5 141 108 5 141 108 4 141 9 4 142 9 4 142 9 1 142 9 0
13 61 23 0 61 24 0 61 24 1 61 24 6 60 24 6 60 103 6 60 103 7 69 103 7 69 103 6 69 86 6 70 86 6 70 86 1 70 86 0
12 94 79 0 94 79 1 94 79 4 93 79 4 93 109 4 93 109 5 105 109 5 105 109 4 105 30 4 106 30 4 106 30 1 106 30 0
12 55 37 0 55 37 1 55 37 8 54 37 8 54 100 8 54 100 9 93 100 9 93 100 8 93 65 8 94 65 8 94 65 1 94 65 0
12 67 44 0 67 44 1 67 44 4 66 44 4 66 110 4 66 110 5 87 110 5 87 110 4 87 30 4 88 30 4 88 30 1 88 30 0
12 64 16 0 64 16 1 64 16 2 63 16 2 63 115 2 63 115 3 78 115 3 78 115 2 78 51 2 79 51 2 79 51 1 79 51 0
12 58 37 0 58 37 1 58 37 2 57 37 2 57 116 2 57 116 3 135 116 3 135 116 2 135 30 2 136 30 2 136 30 1 136 30 0
12 19 51 0 19 51 1 19 51 2 18 51 2 18 117 2 18 117 3 51 117 3 51 117 2 51 79 2 52 79 2 52 79 1 52 79 0
13 58 72 0 58 72 1 58 72 8 57 72 8 57 101 8 57 101 9 69 101 9 69 101 8 69 3 8 70 3 8 70 3 1 70 3 0 70 2 0
12 22 58 0 22 58 1 22 58 6 21 58 6 21 104 6 21 104 7 87 104 7 87 104 6 87 16 6 88 16 6 88 16 1 88 16 0
12 13 65 0 13 65 1 13 65 6 12 65 6 12 105 6 12 105 7 27 105 7 27 105 6 27 23 6 28 23 6 28 23 1 28 23 0
12 10 44 0 10 44 1 10 44 8 9 44 8 9 102 8 9 102 9 12 102 9 12 102 8 12 16 8 13 16 8 13 16 1 13 16 0
12 88 72 0 88 72 1 88 72 2 87 72 2 87 118 2 87 118 3 117 118 3 117 118 2 117 44 2 118 44 2 118 44 1 118 44 0
13 76 86 0 76 87 0 76 87 1 76 87 10 75 87 10 75 99 10 75 99 11 126 99 11 126 99 10 126 16 10 127 16 10 127 16 1 127 16 0
12 10 79 0 10 79 1 10 79 10 9 79 10 9 100 10 9 100 11 141 100 11 141 100 10 141 2 10 142 2 10 142 2 1 142 2 0
12 67 16 0 67 16 1 67 16 6 66 16 6 66 106 6 66 106 7 120 106 7 120 106 6 120 72 6 121 72 6 121 72 1 121 72 0
13 4 79 0 4 79 1 4 79 10 3 79 10 3 101 10 3 101 11 147 101 11 147 101 10 147 59 10 148 59 10 148 59 1 148 59 0 148 58 0
12 55 58 0 55 58 1 55 58 10 54 58 10 54 102 10 54 102 11 69 102 11 69 102 10 69 65 10 70 65 10 70 65 1 70 65 0
12 7 30 0 7 30 1 7 30 2 6 30 2 6 119 2 6 119 3 150 119 3 150 119 2 150 79 2 151 79 2 151 79 1 151 79 0
12 115 37 0 115 37 1 115 37 6 114 37 6 114 107 6 114 107 7 153 107 7 153 107 6 153 79 6 154 79 6 154 79 1 154 79 0
12 49 30 0 49 30 1 49 30 4 48 30 4 48 111 4 48 111 5 78 111 5 78 111 4 78 16 4 79 16 4 79 16 1 79 16 0
12 34 9 0 34 9 1 34 9 4 33 9 4 33 112 4 33 112 5 84 112 5 84 112 4 84 58 4 85 58 4 85 58 1 85 58 0
12 25 86 0 25 86 1 25 86 6 24 86 6 24 108 6 24 108 7 33 108 7 33 108 6 33 16 6 34 16 6 34 16 1 34 16 0
12 25 58 0 25 58 1 25 58 8 24 58 8 24 103 8 24 103 9 63 103 9 63 103 8 63 58 8 64 58 8 64 58 1 64 58 0
13 70 9 0 70 9 1 70 9 12 69 9 12 69 99 12 69 99 13 78 99 13 78 99 12 78 73 12 79 73 12 79 73 1 79 73 0 79 72 0
12 34 79 0 34 79 1 34 79 12 33 79 12 33 100 12 33 100 13 147 100 13 147 100 12 147 37 12 148 37 12 148 37 1 148 37 0
12 58 93 0 58 93 1 58 93 6 57 93 6 57 109 6 57 109 7 63 109 7 63 109 6 63 9 6 64 9 6 64 9 1 64 9 0
12 67 86 0 67 86 1 67 86 8 66 86 8 66 104 8 66 104 9 153 104 9 153 104 8 153 65 8 154 65 8 154 65 1 154 65 0
13 106 30 0 106 31 0 106 31 1 106 31 6 105 31 6 105 110 6 105 110 7 132 110 7 132 110 6 132 23 6 133 23 6 133 23 1 133 23 0
13 31 9 0 31 10 0 31 10 1 31 10 6 30 10 6 30 111 6 30 111 7 108 111 7 108 111 6 108 44 6 109 44 6 109 44 1 109 44 0
13 40 65 0 40 66 0 40 66 1 40 66 8 39 66 8 39 105 8 39 105 9 42 105 9 42 105 8 42 30 8 43 30 8 43 30 1 43 30 0
13 139 30 0 139 30 1 139 30 14 138 30 14 138 99 14 138 99 15 147 99 15 147 99 14 147 66 14 148 66 14 148 66 1 148 66 0 148 65 0
8 97 16 0 97 16 1 97 16 2 98 16 2 98 86 2 97 86 2 97 86 1 97 86 0
13 13 65 0 13 66 0 13 66 1 13 66 4 12 66 4 12 113 4 12 113 5 129 113 5 129 113 4 129 51 4 130 51 4 130 51 1 130 51 0
13 55 2 0 55 2 1 55 2 12 54 2 12 54 101 12 54 101 13 129 101 13 129 101 12 129 94 12 130 94 12 130 94 1 130 94 0 130 93 0
12 25 65 0 25 65 1 25 65 10 24 65 10 24 103 10 24 103 11 81 103 11 81 103 10 81 9 10 82 9 10 82 9 1 82 9 0
13 82 86 0 82 87 0 82 87 1 82 87 4 81 87 4 81 114 4 81 114 5 144 114 5 144 114 4 144 79 4 145 79 4 145 79 1 145 79 0
12 19 37 0 19 37 1 19 37 6 18 37 6 18 112 6 18 112 7 39 112 7 39 112 6 39 44 6 40 44 6 40 44 1 40 44 0
12 40 2 0 40 2 1 40 2 10 39 2 10 39 104 10 39 104 11 48 104 11 48 104 10 48 23 10 49 23 10 49 23 1 49 23 0
15 91 44 0 91 44 1 91 44 6 90 44 6 90 113 6 90 113 7 129 113 7 129 113 6 129 95 6 130 95 6 130 95 1 130 95 0 129 95 0 129 93 0 130 93 0
12 10 30 0 10 30 1 10 30 12 9 30 12 9 102 12 9 102 13 135 102 13 135 102 12 135 79 12 136 79 12 136 79 1 136 79 0
12 22 72 0 22 72 1 22 72 10 21 72 10 21 105 10 21 105 11 63 105 11 63 105 10 63 79 10 64 79 10 64 79 1 64 79 0
13 55 58 0 55 59 0 55 59 1 55 59 4 54 59 4 54 115 4 54 115 5 123 115 5 123 115 4 123 58 4 124 58 4 124 58 1 124 58 0
15 1 93 0 1 93 1 1 93 14 0 93 14 0 100 14 0 100 15 9 100 15 9 100 14 9 95 14 10 95 14 10 95 1 10 95 0 9 95 0 9 93 0 10 93 0
13 61 79 0 61 79 1 61 79 8 60 79 8 60 106 8 60 106 9 87 106 9 87 106 8 87 17 8 88 17 8 88 17 1 88 17 0 88 16 0
12 22 51 0 22 51 1 22 51 8 21 51 8 21 107 8 21 107 9 117 107 9 117 107 8 117 72 8 118 72 8 118 72 1 118 72 0
12 112 30 0 112 30 1 112 30 12 111 30 12 111 103 12 111 103 13 126 103 13 126 103 12 126 2 12 127 2 12 127 2 1 127 2 0
12 82 51 0 82 51 1 82 51 8 81 51 8 81 108 8 81 108 9 90 108 9 90 108 8 90 30 8 91 30 8 91 30 1 91 30 0
12 58 58 0 58 58 1 58 58 10 57 58 10 57 106 10 57 106 11 72 106 11 72 106 10 72 72 10 73 72 10 73 72 1 73 72 0
13 94 79 0 94 80 0 94 80 1 94 80 6 93 80 6 93 114 6 93 114 7 150 114 7 150 114 6 150 93 6 151 93 6 151 93 1 151 93 0
12 43 51 0 43 51 1 43 51 12 42 51 12 42 104 12 42 104 13 63 104 13 63 104 12 63 72 12 64 72 12 64 72 1 64 72 0
13 28 30 0 28 30 1 28 30 10 27 30 10 27 107 10 27 107 11 66 107 11 66 107 10 66 87 10 67 87 10 67 87 1 67 87 0 67 86 0
12 115 72 0 115 72 1 115 72 8 114 72 8 114 109 8 114 109 9 144 109 9 144 109 8 144 9 8 145 9 8 145 9 1 145 9 0
13 88 37 0 88 37 1 88 37 10 87 37 10 87 108 10 87 108 11 105 108 11 105 108 10 105 10 10 106 10 10 106 10 1 106 10 0 106 9 0
13 22 72 0 22 73 0 22 73 1 22 73 12 21 73 12 21 105 12 21 105 13 123 105 13 123 105 12 123 37 12 124 37 12 124 37 1 124 37 0
13 70 86 0 70 87 0 70 87 1 70 87 2 69 87 2 69 120 2 69 120 3 138 120 3 138 120 2 138 65 2 139 65 2 139 65 1 139 65 0
12 61 9 0 61 9 1 61 9 10 60 9 10 60 109 10 60 109 11 153 109 11 153 109 10 153 86 10 154 86 10 154 86 1 154 86 0
13 94 58 0 94 58 1 94 58 10 93 58 10 93 110 10 93 110 11 96 110 11 96 110 10 96 87 10 97 87 10 97 87 1 97 87 0 97 86 0
16 58 2 0 58 3 0 58 3 1 58 3 14 57 3 14 57 101 14 57 101 15 78 101 15 78 101 14 78 74 14 79 74 14 79 74 1 79 74 0 78 74 0 78 72 0 79 72 0
12 28 86 0 28 86 1 28 86 8 27 86 8 27 110 8 27 110 9 150 110 9 150 110 8 150 9 8 151 9 8 151 9 1 151 9 0
13 1 93 0 1 94 0 1 94 1 1 94 4 0 94 4 0 116 4 0 116 5 150 116 5 150 116 4 150 44 4 151 44 4 151 44 1 151 44 0
13 28 30 0 28 31 0 28 31 1 28 31 14 27 31 14 27 102 14 27 102 15 63 102 15 63 102 14 63 86 14 64 86 14 64 86 1 64 86 0
13 1 30 0 1 31 0 1 31 1 1 31 8 0 31 8 0 111 8 0 111 9 18 111 9 18 111 8 18 44 8 19 44 8 19 44 1 19 44 0
13 127 58 0 127 59 0 127 59 1 127 59 14 126 59 14 126 103 14 126 103 15 135 103 15 135 103 14 135 65 14 136 65 14 136 65 1 136 65 0
12 13 72 0 13 72 1 13 72 2 12 72 2 12 121 2 12 121 3 120 121 3 120 121 2 120 58 2 121 58 2 121 58 1 121 58 0
13 13 16 0 13 17 0 13 17 1 13 17 10 12 17 10 12 111 10 12 111 11 150 111 11 150 111 10 150 30 10 151 30 10 151 30 1 151 30 0
12 31 30 0 31 30 1 31 30 8 30 30 8 30 112 8 30 112 9 99 112 9 99 112 8 99 51 8 100 51 8 100 51 1 100 51 0
13 82 51 0 82 52 0 82 52 1 82 52 16 81 52 16 81 99 16 81 99 17 147 99 17 147 99 16 147 51 16 148 51 16 148 51 1 148 51 0
12 16 23 0 16 23 1 16 23 10 15 23 10 15 112 10 15 112 11 42 112 11 42 112 10 42 16 10 43 16 10 43 16 1 43 16 0
13 55 37 0 55 38 0 55 38 1 55 38 14 54 38 14 54 104 14 54 104 15 144 104 15 144 104 14 144 86 14 145 86 14 145 86 1 145 86 0
12 25 72 0 25 72 1 25 72 12 24 72 12 24 106 12 24 106 13 45 106 13 45 106 12 45 79 12 46 79 12 46 79 1 46 79 0
12 13 44 0 13 44 1 13 44 18 12 44 18 12 99 18 12 99 19 147 99 19 147 99 18 147 44 18 148 44 18 148 44 1 148 44 0
13 34 9 0 34 10 0 34 10 1 34 10 8 33 10 8 33 113 8 33 113 9 105 113 9 105 113 8 105 86 8 106 86 8 106 86 1 106 86 0
13 49 30 0 49 31 0 49 31 1 49 31 6 48 31 6 48 115 6 48 115 7 102 115 7 102 115 6 102 72 6 103 72 6 103 72 1 103 72 0
12 73 65 0 73 65 1 73 65 8 72 65 8 72 114 8 72 114 9 108 114 9 108 114 8 108 2 8 109 2 8 109 2 1 109 2 0
13 31 51 0 31 51 1 31 51 12 30 51 12 30 107 12 30 107 13 141 107 13 141 107 12 141 10 12 142 10 12 142 10 1 142 10 0 142 9 0
13 7 2 0 7 2 1 7 2 8 6 2 8 6 115 8 6 115 9 120 115 9 120 115 8 120 59 8 121 59 8 121 59 1 121 59 0 121 58 0
12 25 16 0 25 16 1 25 16 14 24 16 14 24 105 14 24 105 15 102 105 15 102 105 14 102 44 14 103 44 14 103 44 1 103 44 0
13 40 37 0 40 37 1 40 37 12 39 37 12 39 108 12 39 108 13 66 108 13 66 108 12 66 45 12 67 45 12 67 45 1 67 45 0 67 44 0
13 79 16 0 79 17 0 79 17 1 79 17 8 78 17 8 78 116 8 78 116 9 96 116 9 96 116 8 96 58 8 97 58 8 97 58 1 97 58 0
8 97 30 0 97 30 1 97 30 3 98 30 3 98 79 3 97 79 3 97 79 1 97 79 0
13 19 16 0 19 16 1 19 16 14 18 16 14 18 106 14 18 106 15 141 106 15 141 106 14 141 3 14 142 3 14 142 3 1 142 3 0 142 2 0
13 58 58 0 58 59 0 58 59 1 58 59 12 57 59 12 57 109 12 57 109 13 153 109 13 153 109 12 153 93 12 154 93 12 154 93 1 154 93 0
12 61 51 0 61 51 1 61 51 12 60 51 12 60 110 12 60 110 13 138 110 13 138 110 12 138 93 12 139 93 12 139 93 1 139 93 0
12 70 93 0 70 93 1 70 93 16 69 93 16 69 100 16 69 100 17 102 100 17 102 100 16 102 9 16 103 9 16 103 9 1 103 9 0
12 49 9 0 49 9 1 49 9 12 48 9 12 48 111 12 48 111 13 150 111 13 150 111 12 150 2 12 151 2 12 151 2 1 151 2 0
13 52 30 0 52 30 1 52 30 10 51 30 10 51 113 10 51 113 11 114 113 11 114 113 10 114 73 10 115 73 10 115 73 1 115 73 0 115 72 0
14 16 44 0 16 45 0 16 45 1 16 45 8 15 45 8 15 117 8 15 117 9 102 117 9 102 117 8 102 45 8 103 45 8 103 45 1 103 45 0 103 44 0
12 4 58 0 4 58 1 4 58 4 3 58 4 3 117 4 3 117 5 18 117 5 18 117 4 18 65 4 19 65 4 19 65 1 19 65 0
12 103 51 0 103 51 1 103 51 10 102 51 10 102 114 10 102 114 11 123 114 11 123 114 10 123 23 10 124 23 10 124 23 1 124 23 0
12 4 93 0 4 93 1 4 93 14 3 93 14 3 107 14 3 107 15 42 107 15 42 107 14 42 86 14 43 86 14 43 86 1 43 86 0
12 61 58 0 61 58 1 61 58 14 60 58 14 60 108 14 60 108 15 72 108 15 72 108 14 72 16 14 73 16 14 73 16 1 73 16 0
12 100 37 0 100 37 1 100 37 12 99 37 12 99 112 12 99 112 13 102 112 13 102 112 12 102 93 12 103 93 12 103 93 1 103 93 0
16 52 72 0 52 73 0 52 73 1 52 73 16 51 73 16 51 101 16 51 101 17 57 101 17 57 101 16 57 60 16 58 60 16 58 60 1 58 60 0 57 60 0 57 58 0 58 58 0
12 40 23 0 40 23 1 40 23 16 39 23 16 39 102 16 39 102 17 141 102 17 141 102 16 141 37 16 142 37 16 142 37 1 142 37 0
12 82 23 0 82 23 1 82 23 6 81 23 6 81 116 6 81 116 7 117 116 7 117 116 6 117 9 6 118 9 6 118 9 1 118 9 0
12 7 65 0 7 65 1 7 65 12 6 65 12 6 113 12 6 113 13 75 113 13 75 113 12 75 44 12 76 44 12 76 44 1 76 44 0
12 19 2 0 19 2 1 19 2 16 18 2 16 18 103 16 18 103 17 42 103 17 42 103 16 42 23 16 43 23 16 43 23 1 43 23 0
13 109 79 0 109 79 1 109 79 4 108 79 4 108 118 4 108 118 5 117 118 5 117 118 4 117 73 4 118 73 4 118 73 1 118 73 0 118 72 0
12 127 9 0 127 9 1 127 9 4 126 9 4 126 119 4 126 119 5 156 119 5 156 119 4 156 44 4 157 44 4 157 44 1 157 44 0
12 31 65 0 31 65 1 31 65 16 30 65 16 30 104 16 30 104 17 60 104 17 60 104 16 60 16 16 61 16 16 61 16 1 61 16 0
13 103 72 0 103 73 0 103 73 1 103 73 18 102 73 18 102 100 18 102 100 19 135 100 19 135 100 18 135 16 18 136 16 18 136 16 1 136 16 0
13 16 16 0 16 16 1 16 16 12 15 16 12 15 114 12 15 114 13 18 114 13 18 114 12 18 38 12 19 38 12 19 38 1 19 38 0 19 37 0
15 1 30 0 0 30 0 0 32 0 1 32 0 1 32 1 1 32 6 0 32 6 0 117 6 0 117 7 15 117 7 15 117 6 15 9 6 16 9 6 16 9 1 16 9 0
12 70 37 0 70 37 1 70 37 14 69 37 14 69 109 14 69 109 15 153 109 15 153 109 14 153 9 14 154 9 14 154 9 1 154 9 0
12 37 16 0 37 16 1 37 16 6 36 16 6 36 118 6 36 118 7 72 118 7 72 118 6 72 37 6 73 37 6 73 37 1 73 37 0
12 100 23 0 100 23 1 100 23 2 99 23 2 99 122 2 99 122 3 144 122 3 144 122 2 144 30 2 145 30 2 145 30 1 145 30 0
13 31 2 0 31 2 1 31 2 20 30 2 20 30 99 20 30 99 21 102 99 21 102 99 20 102 94 20 103 94 20 103 94 1 103 94 0 103 93 0
12 52 2 0 52 2 1 52 2 6 51 2 6 51 119 6 51 119 7 138 119 7 138 119 6 138 58 6 139 58 6 139 58 1 139 58 0
13 49 79 0 49 79 1 49 79 16 48 79 16 48 105 16 48 105 17 153 105 17 153 105 16 153 87 16 154 87 16 154 87 1 154 87 0 154 86 0
12 97 72 0 97 72 1 97 72 18 96 72 18 96 101 18 96 101 19 141 101 19 141 101 18 141 44 18 142 44 18 142 44 1 142 44 0
13 7 37 0 7 38 0 7 38 1 7 38 10 6 38 10 6 115 10 6 115 11 132 115 11 132 115 10 132 86 10 133 86 10 133 86 1 133 86 0
12 16 37 0 16 37 1 16 37 4 15 37 4 15 120 4 15 120 5 45 120 5 45 120 4 45 44 4 46 44 4 46 44 1 46 44 0
13 19 65 0 19 66 0 19 66 1 19 66 10 18 66 10 18 116 10 18 116 11 138 116 11 138 116 10 138 51 10 139 51 10 139 51 1 139 51 0
13 13 86 0 13 86 1 13 86 12 12 86 12 12 115 12 12 115 13 72 115 13 72 115 12 72 17 12 73 17 12 73 17 1 73 17 0 73 16 0
13 79 72 0 79 71 0 79 71 1 79 71 16 78 71 16 78 106 16 78 106 17 114 106 17 114 106 16 114 51 16 115 51 16 115 51 1 115 51 0
12 40 51 0 40 51 1 40 51 14 39 51 14 39 110 14 39 110 15 99 110 15 99 110 14 99 93 14 100 93 14 100 93 1 100 93 0
9 25 2 0 25 2 1 25 2 2 26 2 2 26 66 2 25 66 2 25 66 1 25 66 0 25 65 0
13 16 9 0 16 10 0 16 10 1 16 10 14 15 10 14 15 111 14 15 111 15 129 111 15 129 111 14 129 23 14 130 23 14 130 23 1 130 23 0
12 58 44 0 58 44 1 58 44 18 57 44 18 57 102 18 57 102 19 75 102 19 75 102 18 75 51 18 76 51 18 76 51 1 76 51 0
12 88 65 0 88 65 1 88 65 14 87 65 14 87 112 14 87 112 15 123 112 15 123 112 14 123 16 14 124 16 14 124 16 1 124 16 0
8 58 9 0 58 9 1 58 9 2 59 9 2 59 23 2 58 23 2 58 23 1 58 23 0
12 97 51 0 97 51 1 97 51 22 96 51 22 96 99 22 96 99 23 102 99 23 102 99 22 102 16 22 103 16 22 103 16 1 103 16 0
12 73 86 0 73 86 1 73 86 16 72 86 16 72 107 16 72 107 17 108 107 17 108 107 16 108 65 16 109 65 16 109 65 1 109 65 0
12 112 65 0 112 65 1 112 65 8 111 65 8 111 118 8 111 118 9 138 118 9 138 118 8 138 79 8 139 79 8 139 79 1 139 79 0
13 22 16 0 22 17 0 22 17 1 22 17 20 21 17 20 21 100 20 21 100 21 57 100 21 57 100 20 57 16 20 58 16 20 58 16 1 58 16 0
13 25 44 0 25 44 1 25 44 16 24 44 16 24 108 16 24 108 17 66 108 17 66 108 16 66 59 16 67 59 16 67 59 1 67 59 0 67 58 0
13 40 2 0 40 3 0 40 3 1 40 3 18 39 3 18 39 103 18 39 103 19 69 103 19 69 103 18 69 44 18 70 44 18 70 44 1 70 44 0
12 22 23 0 22 23 1 22 23 14 21 23 14 21 113 14 21 113 15 105 113 15 105 113 14 105 16 14 106 16 14 106 16 1 106 16 0
12 70 16 0 70 16 1 70 16 20 69 16 20 69 101 20 69 101 21 90 101 21 90 101 20 90 72 20 91 72 20 91 72 1 91 72 0
14 43 86 0 43 87 0 43 87 1 43 87 18 42 87 18 42 104 18 42 104 19 99 104 19 99 104 18 99 94 18 100 94 18 100 94 1 100 94 0 100 93 0
13 49 16 0 49 16 1 49 16 18 48 16 18 48 105 18 48 105 19 60 105 19 60 105 18 60 17 18 61 17 18 61 17 1 61 17 0 61 16 0
15 61 16 0 60 16 0 60 18 0 61 18 0 61 18 1 61 18 20 60 18 20 60 102 20 60 102 21 144 102 21 144 102 20 144 58 20 145 58 20 145 58 1 145 58 0
12 76 37 0 76 37 1 76 37 14 75 37 14 75 114 14 75 114 15 111 114 15 111 114 14 111 23 14 112 23 14 112 23 1 112 23 0
12 94 44 0 94 44 1 94 44 16 93 44 16 93 109 16 93 109 17 99 109 17 99 109 16 99 58 16 100 58 16 100 58 1 100 58 0
12 25 51 0 25 51 1 25 51 18 24 51 18 24 106 18 24 106 19 30 106 19 30 106 18 30 44 18 31 44 18 31 44 1 31 44 0
12 34 72 0 34 72 1 34 72 14 33 72 14 33 115 14 33 115 15 114 115 15 114 115 14 114 23 14 115 23 14 115 23 1 115 23 0
12 10 2 0 10 2 1 10 2 18 9 2 18 9 107 18 9 107 19 66 107 19 66 107 18 66 2 18 67 2 18 67 2 1 67 2 0
16 58 58 0 58 57 0 58 57 1 58 57 22 57 57 22 57 100 22 57 100 23 147 100 23 147 100 22 147 60 22 148 60 22 148 60 1 148 60 0 147 60 0 147 58 0 148 58 0
14 124 23 0 124 24 0 124 24 1 124 24 16 123 24 16 123 110 16 123 110 17 150 110 17 150 110 16 150 31 16 151 31 16 151 31 1 151 31 0 151 30 0
12 67 37 0 67 37 1 67 37 20 66 37 20 66 103 20 66 103 21 114 103 21 114 103 20 114 9 20 115 9 20 115 9 1 115 9 0
13 97 51 0 97 52 0 97 52 1 97 52 16 96 52 16 96 111 16 96 111 17 135 111 17 135 111 16 135 37 16 136 37 16 136 37 1 136 37 0
16 16 23 0 16 24 0 16 24 1 16 24 18 15 24 18 15 108 18 15 108 19 114 108 19 114 108 18 114 74 18 115 74 18 115 74 1 115 74 0 114 74 0 114 72 0 115 72 0
13 28 93 0 28 93 1 28 93 24 27 93 24 27 99 24 27 99 25 102 99 25 102 99 24 102 80 24 103 80 24 103 80 1 103 80 0 103 79 0
13 109 65 0 109 66 0 109 66 1 109 66 18 108 66 18 108 109 18 108 109 19 123 109 19 123 109 18 123 79 18 124 79 18 124 79 1 124 79 0
13 61 30 0 61 30 1 61 30 22 60 30 22 60 101 22 60 101 23 69 101 23 69 101 22 69 94 22 70 94 22 70 94 1 70 94 0 70 93 0
13 43 30 0 43 31 0 43 31 1 43 31 20 42 31 20 42 104 20 42 104 21 108 104 21 108 104 20 108 58 20 109 58 20 109 58 1 109 58 0
16 22 72 0 21 72 0 21 74 0 22 74 0 22 74 1 22 74 22 21 74 22 21 102 22 21 102 23 24 102 23 24 102 22 24 45 22 25 45 22 25 45 1 25 45 0 25 44 0
13 52 2 0 52 3 0 52 3 1 52 3 8 51 3 8 51 119 8 51 119 9 135 119 9 135 119 8 135 23 8 136 23 8 136 23 1 136 23 0
12 73 79 0 73 79 1 73 79 18 72 79 18 72 110 18 72 110 19 117 110 19 117 110 18 117 86 18 118 86 18 118 86 1 118 86 0
12 82 2 0 82 2 1 82 2 12 81 2 12 81 116 12 81 116 13 132 116 13 132 116 12 132 65 12 133 65 12 133 65 1 133 65 0
13 100 51 0 100 52 0 100 52 1 100 52 4 99 52 4 99 121 4 99 121 5 138 121 5 138 121 4 138 9 4 139 9 4 139 9 1 139 9 0
13 109 79 0 109 80 0 109 80 1 109 80 10 108 80 10 108 117 10 108 117 11 111 117 11 111 117 10 111 37 10 112 37 10 112 37 1 112 37 0
12 34 23 0 34 23 1 34 23 18 33 23 18 33 111 18 33 111 19 81 111 19 81 111 18 81 72 18 82 72 18 82 72 1 82 72 0
8 22 79 0 22 79 1 22 79 2 23 79 2 23 86 2 22 86 2 22 86 1 22 86 0
14 22 86 0 22 87 0 22 87 1 22 87 24 21 87 24 21 100 24 21 100 25 147 100 25 147 100 24 147 57 24 148 57 24 148 57 1 148 57 0 148 58 0
13 7 23 0 7 23 1 7 23 16 6 23 16 6 112 16 6 112 17 87 112 17 87 112 16 87 31 16 88 31 16 88 31 1 88 31 0 88 30 0
12 79 65 0 79 65 1 79 65 20 78 65 20 78 105 20 78 105 21 96 105 21 96 105 20 96 2 20 97 2 20 97 2 1 97 2 0
14 61 9 0 61 10 0 61 10 1 61 10 24 60 10 24 60 101 24 60 101 25 150 101 25 150 101 24 150 10 24 151 10 24 151 10 1 151 10 0 151 9 0
12 1 65 0 1 65 1 1 65 12 0 65 12 0 117 12 0 117 13 108 117 13 108 117 12 108 93 12 109 93 12 109 93 1 109 93 0
12 19 72 0 19 72 1 19 72 20 18 72 20 18 106 20 18 106 21 99 106 21 99 106 20 99 30 20 100 30 20 100 30 1 100 30 0
12 37 44 0 37 44 1 37 44 18 36 44 18 36 112 18 36 112 19 153 112 19 153 112 18 153 72 18 154 72 18 154 72 1 154 72 0
12 13 51 0 13 51 1 13 51 16 12 51 16 12 113 16 12 113 17 15 113 17 15 113 16 15 65 16 16 65 16 16 65 1 16 65 0
12 37 2 0 37 2 1 37 2 8 36 2 8 36 120 8 36 120 9 141 120 9 141 120 8 141 30 8 142 30 8 142 30 1 142 30 0
13 133 72 0 133 72 1 133 72 8 132 72 8 132 121 8 132 121 9 156 121 9 156 121 8 156 31 8 157 31 8 157 31 1 157 31 0 157 30 0
15 7 86 0 7 86 1 7 86 14 6 86 14 6 116 14 6 116 15 108 116 15 108 116 14 108 67 14 109 67 14 109 67 1 109 67 0 108 67 0 108 65 0 109 65 0
13 64 16 0 64 17 0 64 17 1 64 17 18 63 17 18 63 113 18 63 113 19 93 113 19 93 113 18 93 37 18 94 37 18 94 37 1 94 37 0
12 49 2 0 49 2 1 49 2 14 48 2 14 48 117 14 48 117 15 90 117 15 90 117 14 90 86 14 91 86 14 91 86 1 91 86 0
15 16 93 0 16 93 1 16 93 24 15 93 24 15 102 24 15 102 25 69 102 25 69 102 24 69 4 24 70 4 24 70 4 1 70 4 0 69 4 0 69 2 0 70 2 0
12 31 16 0 31 16 1 31 16 22 30 16 22 30 103 22 30 103 23 138 103 23 138 103 22 138 16 22 139 16 22 139 16 1 139 16 0
13 79 44 0 79 44 1 79 44 18 78 44 18 78 114 18 78 114 19 138 114 19 138 114 18 138 66 18 139 66 18 139 66 1 139 66 0 139 65 0
13 1 44 0 1 44 1 1 44 20 0 44 20 0 107 20 0 107 21 24 107 21 24 107 20 24 59 20 25 59 20 25 59 1 25 59 0 25 58 0
12 7 9 0 7 9 1 7 9 18 6 9 18 6 115 18 6 115 19 126 115 19 126 115 18 126 72 18 127 72 18 127 72 1 127 72 0
12 4 72 0 4 72 1 4 72 16 3 72 16 3 114 16 3 114 17 54 114 17 54 114 16 54 16 16 55 16 16 55 16 1 55 16 0
16 13 65 0 12 65 0 12 67 0 13 67 0 13 67 1 13 67 20 12 67 20 12 108 20 12 108 21 147 108 21 147 108 20 147 38 20 148 38 20 148 38 1 148 38 0 148 37 0
12 19 93 0 19 93 1 19 93 26 18 93 26 18 99 26 18 99 27 102 99 27 102 99 26 102 65 26 103 65 26 103 65 1 103 65 0
13 13 79 0 13 79 1 13 79 28 12 79 28 12 99 28 12 99 29 102 99 29 102 99 28 102 38 28 103 38 28 103 38 1 103 38 0 103 37 0
12 28 16 0 28 16 1 28 16 12 27 16 12 27 118 12 27 118 13 156 118 13 156 118 12 156 72 12 157 72 12 157 72 1 157 72 0
13 118 9 0 118 10 0 118 10 1 118 10 10 117 10 10 117 118 10 117 118 11 120 118 11 120 118 10 120 2 10 121 2 10 121 2 1 121 2 0
13 52 44 0 52 44 1 52 44 18 51 44 18 51 116 18 51 116 19 111 116 19 111 116 18 111 94 18 112 94 18 112 94 1 112 94 0 112 93 0
12 85 37 0 85 37 1 85 37 6 84 37 6 84 120 6 84 120 7 99 120 7 99 120 6 99 72 6 100 72 6 100 72 1 100 72 0
14 43 16 0 43 17 0 43 17 1 43 17 22 42 17 22 42 104 22 42 104 23 144 104 23 144 104 22 144 59 22 145 59 22 145 59 1 145 59 0 145 58 0
13 94 65 0 94 66 0 94 66 1 94 66 20 93 66 20 93 109 20 93 109 21 129 109 21 129 109 20 129 30 20 130 30 20 130 30 1 130 30 0
12 25 30 0 25 30 1 25 30 24 24 30 24 24 103 24 24 103 25 135 103 25 135 103 24 135 58 24 136 58 24 136 58 1 136 58 0
12 100 44 0 100 44 1 100 44 22 99 44 22 99 105 22 99 105 23 117 105 23 117 105 22 117 30 22 118 30 22 118 30 1 118 30 0
13 43 44 0 43 45 0 43 45 1 43 45 24 42 45 24 42 104 24 42 104 25 120 104 25 120 104 24 120 9 24 121 9 24 121 9 1 121 9 0
12 58 30 0 58 30 1 58 30 24 57 30 24 57 105 24 57 105 25 111 105 25 111 105 24 111 51 24 112 51 24 112 51 1 112 51 0
9 37 23 0 37 23 1 37 23 2 38 23 2 38 45 2 37 45 2 37 45 1 37 45 0 37 44 0
15 4 9 0 4 9 1 4 9 20 3 9 20 3 110 20 3 110 21 33 110 21 33 110 20 33 11 20 34 11 20 34 11 1 34 11 0 33 11 0 33 9 0 34 9 0
13 55 9 0 55 9 1 55 9 24 54 9 24 54 106 24 54 106 25 99 106 25 99 106 24 99 73 24 100 73 24 100 73 1 100 73 0 100 72 0
13 55 9 0 55 10 0 55 10 1 55 10 18 54 10 18 54 117 18 54 117 19 105 117 19 105 117 18 105 2 18 106 2 18 106 2 1 106 2 0
13 46 2 0 46 2 1 46 2 6 45 2 6 45 121 6 45 121 7 111 121 7 111 121 6 111 10 6 112 10 6 112 10 1 112 10 0 112 9 0
13 34 2 0 34 2 1 34 2 10 33 2 10 33 119 10 33 119 11 129 119 11 129 119 10 129 92 10 130 92 10 130 92 1 130 92 0 130 93 0
15 52 2 0 51 2 0 51 4 0 52 4 0 52 4 1 52 4 20 51 4 20 51 111 20 51 111 21 75 111 21 75 111 20 75 58 20 76 58 20 76 58 1 76 58 0
12 82 44 0 82 44 1 82 44 22 81 44 22 81 106 22 81 106 23 90 106 23 90 106 22 90 9 22 91 9 22 91 9 1 91 9 0
13 136 37 0 136 38 0 136 38 1 136 38 6 135 38 6 135 122 6 135 122 7 141 122 7 141 122 6 141 72 6 142 72 6 142 72 1 142 72 0
15 13 2 0 13 2 1 13 2 22 12 2 22 12 107 22 12 107 23 153 107 23 153 107 22 153 88 22 154 88 22 154 88 1 154 88 0 153 88 0 153 86 0 154 86 0
16 25 65 0 24 65 0 24 67 0 25 67 0 25 67 1 25 67 26 24 67 26 24 100 26 24 100 27 99 100 27 99 100 26 99 24 26 100 24 26 100 24 1 100 24 0 100 23 0
12 37 51 0 37 51 1 37 51 20 36 51 20 36 112 20 36 112 21 54 112 21 54 112 20 54 30 20 55 30 20 55 30 1 55 30 0
13 1 44 0 1 45 0 1 45 1 1 45 10 0 45 10 0 120 10 0 120 11 135 120 11 135 120 10 135 44 10 136 44 10 136 44 1 136 44 0
14 13 51 0 13 52 0 13 52 1 13 52 14 12 52 14 12 118 14 12 118 15 96 118 15 96 118 14 96 24 14 97 24 14 97 24 1 97 24 0 97 23 0
15 52 72 0 51 72 0 51 74 0 52 74 0 52 74 1 52 74 22 51 74 22 51 108 22 51 108 23 108 108 23 108 108 22 108 9 22 109 9 22 109 9 1 109 9 0
12 73 2 0 73 2 1 73 2 2 72 2 2 72 123 2 72 123 3 132 123 3 132 123 2 132 79 2 133 79 2 133 79 1 133 79 0
12 4 65 0 4 65 1 4 65 8 3 65 8 3 122 8 3 122 9 84 122 9 84 122 8 84 93 8 85 93 8 85 93 1 85 93 0
13 127 65 0 127 65 1 127 65 20 126 65 20 126 113 20 126 113 21 141 113 21 141 113 20 141 73 20 142 73 20 142 73 1 142 73 0 142 72 0
15 40 2 0 39 2 0 39 4 0 40 4 0 40 4 1 40 4 20 39 4 20 39 114 20 39 114 21 123 114 21 123 114 20 123 30 20 124 30 20 124 30 1 124 30 0
15 58 86 0 58 86 1 58 86 26 57 86 26 57 101 26 57 101 27 108 101 27 108 101 26 108 81 26 109 81 26 109 81 1 109 81 0 108 81 0 108 79 0 109 79 0
13 7 30 0 7 31 0 7 31 1 7 31 20 6 31 20 6 115 20 6 115 21 84 115 21 84 115 20 84 2 20 85 2 20 85 2 1 85 2 0
13 1 79 0 1 79 1 1 79 22 0 79 22 0 109 22 0 109 23 6 109 23 6 109 22 6 24 22 7 24 22 7 24 1 7 24 0 7 23 0
14 10 72 0 10 73 0 10 73 1 10 73 24 9 73 24 9 107 24 9 107 25 96 107 25 96 107 24 96 80 24 97 80 24 97 80 1 97 80 0 97 79 0
12 55 79 0 55 79 1 55 79 22 54 79 22 54 110 22 54 110 23 141 110 23 141 110 22 141 86 22 142 86 22 142 86 1 142 86 0
15 37 72 0 37 72 1 37 72 4 36 72 4 36 122 4 36 122 5 96 122 5 96 122 4 96 53 4 97 53 4 97 53 1 97 53 0 96 53 0 96 51 0 97 51 0
13 22 51 0 22 52 0 22 52 1 22 52 28 21 52 28 21 100 28 21 100 29 99 100 29 99 100 28 99 65 28 100 65 28 100 65 1 100 65 0
16 7 23 0 6 23 0 6 25 0 7 25 0 7 25 1 7 25 26 6 25 26 6 102 26 6 102 27 54 102 27 54 102 26 54 31 26 55 31 26 55 31 1 55 31 0 55 30 0
13 25 86 0 25 87 0 25 87 1 25 87 28 24 87 28 24 101 28 24 101 29 105 101 29 105 101 28 105 23 28 106 23 28 106 23 1 106 23 0
15 13 51 0 12 51 0 12 53 0 13 53 0 13 53 1 13 53 26 12 53 26 12 103 26 12 103 27 120 103 27 120 103 26 120 86 26 121 86 26 121 86 1 121 86 0
12 31 79 0 31 79 1 31 79 24 30 79 24 30 108 24 30 108 25 87 108 25 87 108 24 87 93 24 88 93 24 88 93 1 88 93 0
13 79 93 0 79 93 1 79 93 22 78 93 22 78 111 22 78 111 23 105 111 23 105 111 22 105 24 22 106 24 22 106 24 1 106 24 0 106 23 0
15 97 23 0 96 23 0 96 25 0 97 25 0 97 25 1 97 25 26 96 25 26 96 104 26 96 104 27 153 104 27 153 104 26 153 23 26 154 23 26 154 23 1 154 23 0
13 7 16 0 7 16 1 7 16 28 6 16 28 6 102 28 6 102 29 27 102 29 27 102 28 27 24 28 28 24 28 28 24 1 28 24 0 28 23 0
12 115 93 0 115 93 1 115 93 22 114 93 22 114 112 22 114 112 23 156 112 23 156 112 22 156 37 22 157 37 22 157 37 1 157 37 0
15 67 79 0 67 79 1 67 79 24 66 79 24 66 109 24 66 109 25 141 109 25 141 109 24 141 74 24 142 74 24 142 74 1 142 74 0 141 74 0 141 72 0 142 72 0
12 79 86 0 79 86 1 79 86 10 78 86 10 78 121 10 78 121 11 84 121 11 84 121 10 84 79 10 85 79 10 85 79 1 85 79 0
13 79 79 0 79 79 1 79 79 24 78 79 24 78 110 24 78 110 25 123 110 25 123 110 24 123 94 24 124 94 24 124 94 1 124 94 0 124 93 0
14 13 65 0 13 64 0 13 64 1 13 64 30 12 64 30 12 99 30 12 99 31 54 99 31 54 99 30 54 80 30 55 80 30 55 80 1 55 80 0 55 79 0
15 19 30 0 19 30 1 19 30 28 18 30 28 18 103 28 18 103 29 54 103 29 54 103 28 54 95 28 55 95 28 55 95 1 55 95 0 54 95 0 54 93 0 55 93 0
13 70 58 0 70 58 1 70 58 26 69 58 26 69 105 26 69 105 27 144 105 27 144 105 26 144 80 26 145 80 26 145 80 1 145 80 0 145 79 0
15 58 2 0 57 2 0 57 4 0 58 4 0 58 4 1 58 4 28 57 4 28 57 104 28 57 104 29 147 104 29 147 104 28 147 23 28 148 23 28 148 23 1 148 23 0
14 133 79 0 133 80 0 133 80 1 133 80 26 132 80 26 132 106 26 132 106 27 141 106 27 141 106 26 141 71 26 142 71 26 142 71 1 142 71 0 142 72 0
12 43 72 0 43 72 1 43 72 26 42 72 26 42 107 26 42 107 27 138 107 27 138 107 26 138 23 26 139 23 26 139 23 1 139 23 0
12 133 58 0 133 58 1 133 58 16 132 58 16 132 115 16 132 115 17 138 115 17 138 115 16 138 2 16 139 2 16 139 2 1 139 2 0
12 52 58 0 52 58 1 52 58 12 51 58 12 51 119 12 51 119 13 117 119 13 117 119 12 117 23 12 118 23 12 118 23 1 118 23 0
16 52 58 0 52 59 0 52 59 1 52 59 14 51 59 14 51 119 14 51 119 15 66 119 15 66 119 14 66 88 14 67 88 14 67 88 1 67 88 0 66 88 0 66 86 0 67 86 0
12 34 44 0 34 44 1 34 44 24 33 44 24 33 111 24 33 111 25 81 111 25 81 111 24 81 65 24 82 65 24 82 65 1 82 65 0
13 85 93 0 85 94 0 85 94 1 85 94 14 84 94 14 84 120 14 84 120 15 156 120 15 156 120 14 156 86 14 157 86 14 157 86 1 157 86 0
14 25 72 0 25 73 0 25 73 1 25 73 30 24 73 30 24 100 30 24 100 31 141 100 31 141 100 30 141 94 30 142 94 30 142 94 1 142 94 0 142 93 0
12 55 44 0 55 44 1 55 44 32 54 44 32 54 99 32 54 99 33 114 99 33 114 99 32 114 65 32 115 65 32 115 65 1 115 65 0
12 37 37 0 37 37 1 37 37 28 36 37 28 36 105 28 36 105 29 69 105 29 69 105 28 69 30 28 70 30 28 70 30 1 70 30 0
14 73 2 0 73 3 0 73 3 1 73 3 28 72 3 28 72 106 28 72 106 29 96 106 29 96 106 28 96 22 28 97 22 28 97 22 1 97 22 0 97 23 0
12 91 79 0 91 79 1 91 79 4 90 79 4 90 123 4 90 123 5 132 123 5 132 123 4 132 37 4 133 37 4 133 37 1 133 37 0
13 64 93 0 64 93 1 64 93 28 63 93 28 63 107 28 63 107 29 141 107 29 141 107 28 141 31 28 142 31 28 142 31 1 142 31 0 142 30 0
12 25 93 0 25 93 1 25 93 32 24 93 32 24 100 32 24 100 33 117 100 33 117 100 32 117 37 32 118 37 32 118 37 1 118 37 0
14 70 30 0 70 31 0 70 31 1 70 31 30 69 31 30 69 101 30 69 101 31 117 101 31 117 101 30 117 31 30 118 31 30 118 31 1 118 31 0 118 30 0
13 61 58 0 61 59 0 61 59 1 61 59 28 60 59 28 60 108 28 60 108 29 144 108 29 144 108 28 144 93 28 145 93 28 145 93 1 145 93 0
12 4 2 0 4 2 1 4 2 6 3 2 6 3 123 6 3 123 7 6 123 7 6 123 6 6 58 6 7 58 6 7 58 1 7 58 0
13 4 9 0 4 10 0 4 10 1 4 10 12 3 10 12 3 120 12 3 120 13 90 120 13 90 120 12 90 58 12 91 58 12 91 58 1 91 58 0
13 19 79 0 19 79 1 19 79 24 18 79 24 18 112 24 18 112 25 114 112 25 114 112 24 114 38 24 115 38 24 115 38 1 115 38 0 115 37 0
12 130 9 0 130 9 1 130 9 26 129 9 26 129 108 26 129 108 27 147 108 27 147 108 26 147 72 26 148 72 26 148 72 1 148 72 0
12 10 65 0 10 65 1 10 65 16 9 65 16 9 116 16 9 116 17 21 116 17 21 116 16 21 37 16 22 37 16 22 37 1 22 37 0
13 10 16 0 10 16 1 10 16 22 9 16 22 9 113 22 9 113 23 36 113 23 36 113 22 36 24 22 37 24 22 37 24 1 37 24 0 37 23 0
12 1 9 0 1 9 1 1 9 18 0 9 18 0 118 18 0 118 19 21 118 19 21 118 18 21 93 18 22 93 18 22 93 1 22 93 0
14 1 65 0 1 66 0 1 66 1 1 66 26 0 66 26 0 109 26 0 109 27 15 109 27 15 109 26 15 66 26 16 66 26 16 66 1 16 66 0 16 65 0
13 85 65 0 85 65 1 85 65 16 84 65 16 84 117 16 84 117 17 129 117 17 129 117 16 129 10 16 130 10 16 130 10 1 130 10 0 130 9 0
15 55 51 0 55 51 1 55 51 34 54 51 34 54 99 34 54 99 35 111 99 35 111 99 34 111 11 34 112 11 34 112 11 1 112 11 0 111 11 0 111 9 0 112 9 0
14 52 2 0 52 1 0 52 1 1 52 1 24 51 1 24 51 113 24 51 113 25 63 113 25 63 113 24 63 94 24 64 94 24 64 94 1 64 94 0 64 93 0
13 154 44 0 154 45 0 154 45 1 154 45 20 153 45 20 153 116 20 153 116 21 156 116 21 156 116 20 156 65 20 157 65 20 157 65 1 157 65 0
13 67 30 0 67 30 1 67 30 22 66 30 22 66 114 22 66 114 23 75 114 23 75 114 22 75 31 22 76 31 22 76 31 1 76 31 0 76 30 0
15 61 86 0 61 86 1 61 86 26 60 86 26 60 110 26 60 110 27 63 110 27 63 110 26 63 18 26 64 18 26 64 18 1 64 18 0 63 18 0 63 16 0 64 16 0
13 31 72 0 31 72 1 31 72 28 30 72 28 30 109 28 30 109 29 42 109 29 42 109 28 42 52 28 43 52 28 43 52 1 43 52 0 43 51 0
13 43 65 0 43 66 0 43 66 1 43 66 30 42 66 30 42 102 30 42 102 31 48 102 31 48 102 30 48 93 30 49 93 30 49 93 1 49 93 0
14 19 79 0 19 80 0 19 80 1 19 80 30 18 80 30 18 103 30 18 103 31 57 103 31 57 103 30 57 73 30 58 73 30 58 73 1 58 73 0 58 72 0
13 16 72 0 16 72 1 16 72 28 15 72 28 15 110 28 15 110 29 78 110 29 78 110 28 78 87 28 79 87 28 79 87 1 79 87 0 79 86 0
14 115 79 0 115 80 0 115 80 1 115 80 4 114 80 4 114 124 4 114 124 5 120 124 5 120 124 4 120 10 4 121 10 4 121 10 1 121 10 0 121 9 0
12 76 79 0 76 79 1 76 79 24 75 79 24 75 114 24 75 114 25 84 114 25 84 114 24 84 86 24 85 86 24 85 86 1 85 86 0
13 25 37 0 25 38 0 25 38 1 25 38 34 24 38 34 24 100 34 24 100 35 66 100 35 66 100 34 66 72 34 67 72 34 67 72 1 67 72 0
14 112 65 0 112 66 0 112 66 1 112 66 30 111 66 30 111 104 30 111 104 31 147 104 31 147 104 30 147 45 30 148 45 30 148 45 1 148 45 0 148 44 0
12 79 30 0 79 30 1 79 30 30 78 30 30 78 105 30 78 105 31 120 105 31 120 105 30 120 37 30 121 37 30 121 37 1 121 37 0
16 19 65 0 18 65 0 18 67 0 19 67 0 19 67 1 19 67 22 18 67 22 18 115 22 18 115 23 126 115 23 126 115 22 126 73 22 127 73 22 127 73 1 127 73 0 127 72 0
15 106 30 0 105 30 0 105 32 0 106 32 0 106 32 1 106 32 24 105 32 24 105 115 24 105 115 25 129 115 25 129 115 24 129 79 24 130 79 24 130 79 1 130 79 0
16 19 79 0 18 79 0 18 81 0 19 81 0 19 81 1 19 81 32 18 81 32 18 101 32 18 101 33 81 101 33 81 101 32 81 73 32 82 73 32 82 73 1 82 73 0 82 72 0
13 28 65 0 28 66 0 28 66 1 28 66 22 27 66 22 27 116 22 27 116 23 39 116 23 39 116 22 39 93 22 40 93 22 40 93 1 40 93 0
12 121 93 0 121 93 1 121 93 12 120 93 12 120 121 12 120 121 13 144 121 13 144 121 12 144 37 12 145 37 12 145 37 1 145 37 0
13 55 51 0 55 52 0 55 52 1 55 52 36 54 52 36 54 99 36 54 99 37 105 99 37 105 99 36 105 44 36 106 44 36 106 44 1 106 44 0
13 1 79 0 1 80 0 1 80 1 1 80 16 0 80 16 0 118 16 0 118 17 105 118 17 105 118 16 105 79 16 106 79 16 106 79 1 106 79 0
16 127 72 0 126 72 0 126 74 0 127 74 0 127 74 1 127 74 24 126 74 24 126 116 24 126 116 25 132 116 25 132 116 24 132 73 24 133 73 24 133 73 1 133 73 0 133 72 0
12 52 51 0 52 51 1 52 51 26 51 51 26 51 111 26 51 111 27 93 111 27 93 111 26 93 72 26 94 72 26 94 72 1 94 72 0
13 4 2 0 4 3 0 4 3 1 4 3 24 3 3 24 3 117 24 3 117 25 6 117 25 6 117 24 6 51 24 7 51 24 7 51 1 7 51 0
12 103 23 0 103 23 1 103 23 30 102 23 30 102 106 30 102 106 31 132 106 31 132 106 30 132 30 30 133 30 30 133 30 1 133 30 0
16 100 44 0 100 45 0 100 45 1 100 45 32 99 45 32 99 102 32 99 102 33 102 102 33 102 102 32 102 95 32 103 95 32 103 95 1 103 95 0 102 95 0 102 93 0 103 93 0
15 130 93 0 131 93 0 131 91 0 130 91 0 130 91 1 130 91 32 129 91 32 129 103 32 129 103 33 141 103 33 141 103 32 141 16 32 142 16 32 142 16 1 142 16 0
12 22 30 0 22 30 1 22 30 26 21 30 26 21 112 26 21 112 27 87 112 27 87 112 26 87 51 26 88 51 26 88 51 1 88 51 0
13 76 44 0 76 45 0 76 45 1 76 45 16 75 45 16 75 119 16 75 119 17 120 119 17 120 119 16 120 51 16 121 51 16 121 51 1 121 51 0
12 25 79 0 25 79 1 25 79 2 24 79 2 24 124 2 24 124 3 96 124 3 96 124 2 96 44 2 97 44 2 97 44 1 97 44 0
13 46 2 0 46 3 0 46 3 1 46 3 8 45 3 8 45 123 8 45 123 9 129 123 9 129 123 8 129 65 8 130 65 8 130 65 1 130 65 0
13 16 72 0 16 73 0 16 73 1 16 73 30 15 73 30 15 107 30 15 107 31 156 107 31 156 107 30 156 16 30 157 16 30 157 16 1 157 16 0
15 16 65 0 15 65 0 15 67 0 16 67 0 16 67 1 16 67 20 15 67 20 15 117 20 15 117 21 111 117 21 111 117 20 111 44 20 112 44 20 112 44 1 112 44 0
13 43 58 0 43 59 0 43 59 1 43 59 34 42 59 34 42 101 34 42 101 35 117 101 35 117 101 34 117 65 34 118 65 34 118 65 1 118 65 0
13 91 93 0 91 93 1 91 93 24 90 93 24 90 118 24 90 118 25 138 118 25 138 118 24 138 59 24 139 59 24 139 59 1 139 59 0 139 58 0
12 1 51 0 1 51 1 1 51 28 0 51 28 0 111 28 0 111 29 132 111 29 132 111 28 132 93 28 133 93 28 133 93 1 133 93 0
12 10 9 0 10 9 1 10 9 32 9 9 32 9 104 32 9 104 33 12 104 33 12 104 32 12 9 32 13 9 32 13 9 1 13 9 0
16 31 79 0 31 80 0 31 80 1 31 80 30 30 80 30 30 108 30 30 108 31 51 108 31 51 108 30 51 60 30 52 60 30 52 60 1 52 60 0 51 60 0 51 58 0 52 58 0
13 22 79 0 22 80 0 22 80 1 22 80 30 21 80 30 21 109 30 21 109 31 60 109 31 60 109 30 60 44 30 61 44 30 61 44 1 61 44 0
12 28 44 0 28 44 1 28 44 16 27 44 16 27 120 16 27 120 17 144 120 17 144 120 16 144 44 16 145 44 16 145 44 1 145 44 0
16 46 2 0 45 2 0 45 4 0 46 4 0 46 4 1 46 4 22 45 4 22 45 117 22 45 117 23 123 117 23 123 117 22 123 38 22 124 38 22 124 38 1 124 38 0 124 37 0
13 124 58 0 124 59 0 124 59 1 124 59 26 123 59 26 123 113 26 123 113 27 150 113 27 150 113 26 150 51 26 151 51 26 151 51 1 151 51 0
13 7 93 0 7 93 1 7 93 30 6 93 30 6 110 30 6 110 31 33 110 31 33 110 30 33 45 30 34 45 30 34 45 1 34 45 0 34 44 0
13 82 37 0 82 37 1 82 37 28 81 37 28 81 112 28 81 112 29 108 112 29 108 112 28 108 87 28 109 87 28 109 87 1 109 87 0 109 86 0
13 73 51 0 73 51 1 73 51 24 72 51 24 72 119 24 72 119 25 153 119 25 153 119 24 153 94 24 154 94 24 154 94 1 154 94 0 154 93 0
13 43 93 0 43 93 1 43 93 32 42 93 32 42 105 32 42 105 33 138 105 33 138 105 32 138 24 32 139 24 32 139 24 1 139 24 0 139 23 0
13 67 72 0 67 73 0 67 73 1 67 73 28 66 73 28 66 113 28 66 113 29 120 113 29 120 113 28 120 23 28 121 23 28 121 23 1 121 23 0
15 76 44 0 75 44 0 75 46 0 76 46 0 76 46 1 76 46 26 75 46 26 75 114 26 75 114 27 81 114 27 81 114 26 81 93 26 82 93 26 82 93 1 82 93 0
14 7 58 0 7 59 0 7 59 1 7 59 32 6 59 32 6 106 32 6 106 33 69 106 33 69 106 32 69 45 32 70 45 32 70 45 1 70 45 0 70 44 0
13 79 79 0 79 80 0 79 80 1 79 80 32 78 80 32 78 107 32 78 107 33 147 107 33 147 107 32 147 79 32 148 79 32 148 79 1 148 79 0
14 88 72 0 88 73 0 88 73 1 88 73 20 87 73 20 87 118 20 87 118 21 117 118 21 117 118 20 117 87 20 118 87 20 118 87 1 118 87 0 118 86 0
14 10 65 0 10 66 0 10 66 1 10 66 36 9 66 36 9 100 36 9 100 37 42 100 37 42 100 36 42 94 36 43 94 36 43 94 1 43 94 0 43 93 0
14 19 2 0 19 3 0 19 3 1 19 3 38 18 3 38 18 99 38 18 99 39 54 99 39 54 99 38 54 3 38 55 3 38 55 3 1 55 3 0 55 2 0
16 79 79 0 78 79 0 78 81 0 79 81 0 79 81 1 79 81 26 78 81 26 78 115 26 78 115 27 114 115 27 114 115 26 114 24 26 115 24 26 115 24 1 115 24 0 115 23 0
15 13 23 0 13 23 1 13 23 34 12 23 34 12 102 34 12 102 35 141 102 35 141 102 34 141 32 34 142 32 34 142 32 1 142 32 0 141 32 0 141 30 0 142 30 0
14 16 37 0 16 38 0 16 38 1 16 38 36 15 38 36 15 101 36 15 101 37 24 101 37 24 101 36 24 3 36 25 3 36 25 3 1 25 3 0 25 2 0
14 73 37 0 73 38 0 73 38 1 73 38 22 72 38 22 72 118 22 72 118 23 87 118 23 87 118 22 87 38 22 88 38 22 88 38 1 88 38 0 88 37 0
13 49 86 0 49 86 1 49 86 32 48 86 32 48 108 32 48 108 33 96 108 33 96 108 32 96 59 32 97 59 32 97 59 1 97 59 0 97 58 0
13 58 93 0 58 94 0 58 94 1 58 94 32 57 94 32 57 109 32 57 109 33 93 109 33 93 109 32 93 16 32 94 16 32 94 16 1 94 16 0
12 10 86 0 10 86 1 10 86 28 9 86 28 9 114 28 9 114 29 123 114 29 123 114 28 123 2 28 124 2 28 124 2 1 124 2 0
14 109 44 0 109 45 0 109 45 1 109 45 32 108 45 32 108 110 32 108 110 33 132 110 33 132 110 32 132 66 32 133 66 32 133 66 1 133 66 0 133 65 0
15 13 16 0 12 16 0 12 18 0 13 18 0 13 18 1 13 18 24 12 18 24 12 120 24 12 120 25 93 120 25 93 120 24 93 86 24 94 86 24 94 86 1 94 86 0
16 49 93 0 49 94 0 49 94 1 49 94 20 48 94 20 48 119 20 48 119 21 150 119 21 150 119 20 150 32 20 151 32 20 151 32 1 151 32 0 150 32 0 150 30 0 151 30 0
16 55 30 0 54 30 0 54 32 0 55 32 0 55 32 1 55 32 40 54 32 40 54 99 40 54 99 41 153 99 41 153 99 40 153 24 40 154 24 40 154 24 1 154 24 0 154 23 0
12 55 65 0 55 65 1 55 65 42 54 65 42 54 99 42 54 99 43 135 99 43 135 99 42 135 93 42 136 93 42 136 93 1 136 93 0
12 79 23 0 79 23 1 79 23 34 78 23 34 78 103 34 78 103 35 90 103 35 90 103 34 90 23 34 91 23 34 91 23 1 91 23 0
18 7 58 0 6 58 0 6 60 0 7 60 0 7 60 1 7 60 34 6 60 34 6 104 34 6 104 35 114 104 35 114 104 34 114 81 34 115 81 34 115 81 1 115 81 0 114 81 0 114 79 0 115 79 0
12 43 2 0 43 2 1 43 2 38 42 2 38 42 100 38 42 100 39 114 100 39 114 100 38 114 2 38 115 2 38 115 2 1 115 2 0
14 13 72 0 13 73 0 13 73 1 13 73 36 12 73 36 12 102 36 12 102 37 87 102 37 87 102 36 87 52 36 88 52 36 88 52 1 88 52 0 88 51 0
13 10 2 0 10 3 0 10 3 1 10 3 26 9 3 26 9 116 26 9 116 27 156 116 27 156 116 26 156 79 26 157 79 26 157 79 1 157 79 0
13 40 30 0 40 30 1 40 30 44 39 30 44 39 99 44 39 99 45 54 99 45 54 99 44 54 45 44 55 45 44 55 45 1 55 45 0 55 44 0
15 88 79 0 88 79 1 88 79 28 87 79 28 87 115 28 87 115 29 111 115 29 111 115 28 111 67 28 112 67 28 112 67 1 112 67 0 111 67 0 111 65 0 112 65 0
14 40 2 0 40 1 0 40 1 1 40 1 40 39 1 40 39 100 40 39 100 41 42 100 41 42 100 40 42 73 40 43 73 40 43 73 1 43 73 0 43 72 0
13 22 44 0 22 44 1 22 44 36 21 44 36 21 103 36 21 103 37 117 103 37 117 103 36 117 45 36 118 45 36 118 45 1 118 45 0 118 44 0
12 37 86 0 37 86 1 37 86 14 36 86 14 36 121 14 36 121 15 150 121 15 150 121 14 150 65 14 151 65 14 151 65 1 151 65 0
16 16 37 0 15 37 0 15 39 0 16 39 0 16 39 1 16 39 22 15 39 22 15 119 22 15 119 23 111 119 23 111 119 22 111 52 22 112 52 22 112 52 1 112 52 0 112 51 0
16 67 44 0 66 44 0 66 46 0 67 46 0 67 46 1 67 46 30 66 46 30 66 111 30 66 111 31 114 111 31 114 111 30 114 3 30 115 3 30 115 3 1 115 3 0 115 2 0
13 64 72 0 64 73 0 64 73 1 64 73 30 63 73 30 63 112 30 63 112 31 108 112 31 108 112 30 108 16 30 109 16 30 109 16 1 109 16 0
15 40 65 0 39 65 0 39 67 0 40 67 0 40 67 1 40 67 26 39 67 26 39 117 26 39 117 27 66 117 27 66 117 26 66 9 26 67 9 26 67 9 1 67 9 0
15 16 9 0 15 9 0 15 11 0 16 11 0 16 11 1 16 11 32 15 11 32 15 111 32 15 111 33 84 111 33 84 111 32 84 72 32 85 72 32 85 72 1 85 72 0
16 4 2 0 3 2 0 3 4 0 4 4 0 4 4 1 4 4 26 3 4 26 3 118 26 3 118 27 105 118 27 105 118 26 105 45 26 106 45 26 106 45 1 106 45 0 106 44 0
18 37 23 0 36 23 0 36 25 0 37 25 0 37 25 1 37 25 30 36 25 30 36 113 30 36 113 31 153 113 31 153 113 30 153 95 30 154 95 30 154 95 1 154 95 0 153 95 0 153 93 0 154 93 0
14 40 44 0 40 45 0 40 45 1 40 45 30 39 45 30 39 114 30 39 114 31 123 114 31 123 114 30 123 31 30 124 31 30 124 31 1 124 31 0 124 30 0
13 85 58 0 85 59 0 85 59 1 85 59 34 84 59 34 84 105 34 84 105 35 123 105 35 123 105 34 123 86 34 124 86 34 124 86 1 124 86 0
12 28 37 0 28 37 1 28 37 34 27 37 34 27 106 34 27 106 35 147 106 35 147 106 34 147 30 34 148 30 34 148 30 1 148 30 0
13 7 79 0 7 79 1 7 79 36 6 79 36 6 104 36 6 104 37 93 104 37 93 104 36 93 17 36 94 17 36 94 17 1 94 17 0 94 16 0
13 31 44 0 31 45 0 31 45 1 31 45 32 30 45 32 30 112 32 30 112 33 63 112 33 63 112 32 63 23 32 64 23 32 64 23 1 64 23 0
12 34 86 0 34 86 1 34 86 34 33 86 34 33 107 34 33 107 35 57 107 35 57 107 34 57 65 34 58 65 34 58 65 1 58 65 0
13 16 93 0 16 94 0 16 94 1 16 94 34 15 94 34 15 108 34 15 108 35 156 108 35 156 108 34 156 51 34 157 51 34 157 51 1 157 51 0
14 91 44 0 91 45 0 91 45 1 91 45 16 90 45 16 90 121 16 90 121 17 126 121 17 126 121 16 126 10 16 127 10 16 127 10 1 127 10 0 127 9 0
14 46 86 0 46 87 0 46 87 1 46 87 36 45 87 36 45 105 36 45 105 37 141 105 37 141 105 36 141 45 36 142 45 36 142 45 1 142 45 0 142 44 0
13 73 72 0 73 73 0 73 73 1 73 73 34 72 73 34 72 109 34 72 109 35 102 109 35 102 109 34 102 30 34 103 30 34 103 30 1 103 30 0
13 25 16 0 25 17 0 25 17 1 25 17 38 24 17 38 24 101 38 24 101 39 156 101 39 156 101 38 156 23 38 157 23 38 157 23 1 157 23 0
16 76 86 0 75 86 0 75 88 0 76 88 0 76 88 1 76 88 28 75 88 28 75 116 28 75 116 29 90 116 29 90 116 28 90 94 28 91 94 28 91 94 1 91 94 0 91 93 0
13 76 16 0 76 16 1 76 16 30 75 16 30 75 115 30 75 115 31 138 115 31 138 115 30 138 31 30 139 31 30 139 31 1 139 31 0 139 30 0
13 88 44 0 88 44 1 88 44 32 87 44 32 87 113 32 87 113 33 111 113 33 111 113 32 111 8 32 112 8 32 112 8 1 112 8 0 112 9 0
14 40 79 0 40 80 0 40 80 1 40 80 24 39 80 24 39 121 24 39 121 25 48 121 25 48 121 24 48 3 24 49 3 24 49 3 1 49 3 0 49 2 0
13 61 37 0 61 37 1 61 37 32 60 37 32 60 114 32 60 114 33 153 114 33 153 114 32 153 80 32 154 80 32 154 80 1 154 80 0 154 79 0
15 106 9 0 105 9 0 105 11 0 106 11 0 106 11 1 106 11 30 105 11 30 105 116 30 105 116 31 126 116 31 126 116 30 126 30 30 127 30 30 127 30 1 127 30 0
13 25 93 0 25 94 0 25 94 1 25 94 40 24 94 40 24 101 40 24 101 41 45 101 41 45 101 40 45 37 40 46 37 40 46 37 1 46 37 0
13 49 23 0 49 24 0 49 24 1 49 24 34 48 24 34 48 110 34 48 110 35 99 110 35 99 110 34 99 79 34 100 79 34 100 79 1 100 79 0
15 31 37 0 31 37 1 31 37 34 30 37 34 30 111 34 30 111 35 39 111 35 39 111 34 39 81 34 40 81 34 40 81 1 40 81 0 39 81 0 39 79 0 40 79 0
15 94 51 0 94 51 1 94 51 38 93 51 38 93 102 38 93 102 39 123 102 39 123 102 38 123 60 38 124 60 38 124 60 1 124 60 0 123 60 0 123 58 0 124 58 0
16 10 44 0 10 45 0 10 45 1 10 45 46 9 45 46 9 99 46 9 99 47 54 99 47 54 99 46 54 60 46 55 60 46 55 60 1 55 60 0 54 60 0 54 58 0 55 58 0
14 25 79 0 25 80 0 25 80 1 25 80 42 24 80 42 24 100 42 24 100 43 57 100 43 57 100 42 57 45 42 58 45 42 58 45 1 58 45 0 58 44 0
13 97 93 0 97 93 1 97 93 30 96 93 30 96 117 30 96 117 31 144 117 31 144 117 30 144 31 30 145 31 30 145 31 1 145 31 0 145 30 0
13 67 65 0 67 65 1 67 65 38 66 65 38 66 103 38 66 103 39 87 103 39 87 103 38 87 45 38 88 45 38 88 45 1 88 45 0 88 44 0
16 58 23 0 58 24 0 58 24 1 58 24 36 57 24 36 57 106 36 57 106 37 69 106 37 69 106 36 69 95 36 70 95 36 70 95 1 70 95 0 69 95 0 69 93 0 70 93 0
13 28 51 0 28 51 1 28 51 18 27 51 18 27 119 18 27 119 19 156 119 19 156 119 18 156 87 18 157 87 18 157 87 1 157 87 0 157 86 0
14 7 58 0 7 57 0 7 57 1 7 57 38 6 57 38 6 104 38 6 104 39 30 104 39 30 104 38 30 17 38 31 17 38 31 17 1 31 17 0 31 16 0
12 109 37 0 109 37 1 109 37 34 108 37 34 108 112 34 108 112 35 126 112 35 126 112 34 126 23 34 127 23 34 127 23 1 127 23 0
13 25 23 0 25 23 1 25 23 44 24 23 44 24 100 44 24 100 45 63 100 45 63 100 44 63 10 44 64 10 44 64 10 1 64 10 0 64 9 0
16 91 16 0 91 17 0 91 17 1 91 17 30 90 17 30 90 118 30 90 118 31 93 118 31 93 118 30 93 67 30 94 67 30 94 67 1 94 67 0 93 67 0 93 65 0 94 65 0
12 13 37 0 13 37 1 13 37 38 12 37 38 12 105 38 12 105 39 120 105 39 120 105 38 120 16 38 121 16 38 121 16 1 121 16 0
14 31 65 0 31 66 0 31 66 1 31 66 10 30 66 10 30 122 10 30 122 11 144 122 11 144 122 10 144 87 10 145 87 10 145 87 1 145 87 0 145 86 0
15 124 23 0 123 23 0 123 25 0 124 25 0 124 25 1 124 25 36 123 25 36 123 107 36 123 107 37 153 107 37 153 107 36 153 16 36 154 16 36 154 16 1 154 16 0
16 43 72 0 42 72 0 42 74 0 43 74 0 43 74 1 43 74 42 42 74 42 42 101 42 42 101 43 120 101 43 120 101 42 120 17 42 121 17 42 121 17 1 121 17 0 121 16 0
13 112 23 0 112 24 0 112 24 1 112 24 40 111 24 40 111 102 40 111 102 41 123 102 41 123 102 40 123 65 40 124 65 40 124 65 1 124 65 0
16 22 93 0 22 94 0 22 94 1 22 94 34 21 94 34 21 113 34 21 113 35 87 113 35 87 113 34 87 32 34 88 32 34 88 32 1 88 32 0 87 32 0 87 30 0 88 30 0
15 1 16 0 1 16 1 1 16 38 0 16 38 0 106 38 0 106 39 57 106 39 57 106 38 57 56 38 58 56 38 58 56 1 58 56 0 59 56 0 59 58 0 58 58 0
13 22 65 0 22 66 0 22 66 1 22 66 38 21 66 38 21 107 38 21 107 39 153 107 39 153 107 38 153 2 38 154 2 38 154 2 1 154 2 0
16 85 72 0 85 73 0 85 73 1 85 73 28 84 73 28 84 117 28 84 117 29 153 117 29 153 117 28 153 46 28 154 46 28 154 46 1 154 46 0 153 46 0 153 44 0 154 44 0
13 10 79 0 10 80 0 10 80 1 10 80 34 9 80 34 9 114 34 9 114 35 69 114 35 69 114 34 69 23 34 70 23 34 70 23 1 70 23 0
14 34 9 0 34 8 0 34 8 1 34 8 22 33 8 22 33 120 22 33 120 23 135 120 23 135 120 22 135 59 22 136 59 22 136 59 1 136 59 0 136 58 0
13 49 9 0 49 10 0 49 10 1 49 10 28 48 10 28 48 118 28 48 118 29 114 118 29 114 118 28 114 86 28 115 86 28 115 86 1 115 86 0
13 67 30 0 67 31 0 67 31 1 67 31 32 66 31 32 66 115 32 66 115 33 150 115 33 150 115 32 150 72 32 151 72 32 151 72 1 151 72 0
16 10 2 0 9 2 0 9 4 0 10 4 0 10 4 1 10 4 38 9 4 38 9 108 38 9 108 39 147 108 39 147 108 38 147 80 38 148 80 38 148 80 1 148 80 0 148 79 0
13 1 37 0 1 37 1 1 37 34 0 37 34 0 115 34 0 115 35 60 115 35 60 115 34 60 94 34 61 94 34 61 94 1 61 94 0 61 93 0
14 115 9 0 115 10 0 115 10 1 115 10 36 114 10 36 114 108 36 114 108 37 144 108 37 144 108 36 144 45 36 145 45 36 145 45 1 145 45 0 145 44 0
18 16 23 0 15 23 0 15 25 0 16 25 0 16 25 1 16 25 38 15 25 38 15 109 38 15 109 39 144 109 39 144 109 38 144 88 38 145 88 38 145 88 1 145 88 0 144 88 0 144 86 0 145 86 0
14 19 51 0 19 52 0 19 52 1 19 52 34 18 52 34 18 116 34 18 116 35 153 116 35 153 116 34 153 43 34 154 43 34 154 43 1 154 43 0 154 44 0
15 64 30 0 64 30 1 64 30 36 63 30 36 63 109 36 63 109 37 78 109 37 78 109 36 78 18 36 79 18 36 79 18 1 79 18 0 78 18 0 78 16 0 79 16 0
12 49 44 0 49 44 1 49 44 38 48 44 38 48 110 38 48 110 39 105 110 39 105 110 38 105 51 38 106 51 38 106 51 1 106 51 0
13 19 23 0 19 23 1 19 23 40 18 23 40 18 103 40 18 103 41 93 103 41 93 103 40 93 38 40 94 38 40 94 38 1 94 38 0 94 37 0
16 79 16 0 79 15 0 79 15 1 79 15 42 78 15 42 78 102 42 78 102 43 93 102 43 93 102 42 93 39 42 94 39 42 94 39 1 94 39 0 93 39 0 93 37 0 94 37 0
14 19 93 0 19 94 0 19 94 1 19 94 36 18 94 36 18 110 36 18 110 37 135 110 37 135 110 36 135 17 36 136 17 36 136 17 1 136 17 0 136 16 0
13 46 44 0 46 45 0 46 45 1 46 45 20 45 45 20 45 120 20 45 120 21 72 120 21 72 120 20 72 44 20 73 44 20 73 44 1 73 44 0
13 7 72 0 7 72 1 7 72 40 6 72 40 6 104 40 6 104 41 126 104 41 126 104 40 126 31 40 127 31 40 127 31 1 127 31 0 127 30 0
14 118 65 0 118 66 0 118 66 1 118 66 28 117 66 28 117 119 28 117 119 29 150 119 29 150 119 28 150 80 28 151 80 28 151 80 1 151 80 0 151 79 0
16 118 86 0 117 86 0 117 88 0 118 88 0 118 88 1 118 88 42 117 88 42 117 103 42 117 103 43 153 103 43 153 103 42 153 17 42 154 17 42 154 17 1 154 17 0 154 16 0
18 148 44 0 147 44 0 147 46 0 148 46 0 148 46 1 148 46 44 147 46 44 147 101 44 147 101 45 153 101 45 153 101 44 153 18 44 154 18 44 154 18 1 154 18 0 153 18 0 153 16 0 154 16 0
16 121 16 0 120 16 0 120 18 0 121 18 0 121 18 1 121 18 32 120 18 32 120 116 32 120 116 33 126 116 33 126 116 32 126 66 32 127 66 32 127 66 1 127 66 0 127 65 0
13 55 72 0 55 72 1 55 72 48 54 72 48 54 99 48 54 99 49 123 99 49 123 99 48 123 66 48 124 66 48 124 66 1 124 66 0 124 65 0
18 64 93 0 63 93 0 63 95 0 64 95 0 64 95 1 64 95 40 63 95 40 63 105 40 63 105 41 66 105 41 66 105 40 66 60 40 67 60 40 67 60 1 67 60 0 66 60 0 66 58 0 67 58 0
12 106 72 0 106 72 1 106 72 20 105 72 20 105 121 20 105 121 21 135 121 21 135 121 20 135 72 20 136 72 20 136 72 1 136 72 0
13 73 93 0 73 94 0 73 94 1 73 94 46 72 94 46 72 100 46 72 100 47 153 100 47 153 100 46 153 30 46 154 30 46 154 30 1 154 30 0
14 145 37 0 145 38 0 145 38 1 145 38 18 144 38 18 144 120 18 144 120 19 150 120 19 150 120 18 150 3 18 151 3 18 151 3 1 151 3 0 151 2 0
15 61 9 0 60 9 0 60 11 0 61 11 0 61 11 1 61 11 36 60 11 36 60 111 36 60 111 37 90 111 37 90 111 36 90 37 36 91 37 36 91 37 1 91 37 0
13 7 86 0 7 87 0 7 87 1 7 87 44 6 87 44 6 102 44 6 102 45 135 102 45 135 102 44 135 51 44 136 51 44 136 51 1 136 51 0
18 25 58 0 24 58 0 24 60 0 25 60 0 25 60 1 25 60 48 24 60 48 24 100 48 24 100 49 72 100 49 72 100 48 72 74 48 73 74 48 73 74 1 73 74 0 72 74 0 72 72 0 73 72 0
16 67 2 0 67 3 0 67 3 1 67 3 44 66 3 44 66 103 44 66 103 45 117 103 45 117 103 44 117 67 44 118 67 44 118 67 1 118 67 0 117 67 0 117 65 0 118 65 0
14 43 23 0 43 24 0 43 24 1 43 24 44 42 24 44 42 104 44 42 104 45 87 104 45 87 104 44 87 29 44 88 29 44 88 29 1 88 29 0 88 30 0
14 55 16 0 55 17 0 55 17 1 55 17 50 54 17 50 54 99 50 54 99 51 75 99 51 75 99 50 75 38 50 76 38 50 76 38 1 76 38 0 76 37 0
13 58 79 0 58 79 1 58 79 46 57 79 46 57 101 46 57 101 47 66 101 47 66 101 46 66 85 46 67 85 46 67 85 1 67 85 0 67 86 0
13 118 93 0 118 93 1 118 93 14 117 93 14 117 122 14 117 122 15 120 122 15 120 122 14 120 94 14 121 94 14 121 94 1 121 94 0 121 93 0
15 46 86 0 45 86 0 45 88 0 46 88 0 46 88 1 46 88 14 45 88 14 45 123 14 45 123 15 132 123 15 132 123 14 132 44 14 133 44 14 133 44 1 133 44 0
13 76 79 0 76 80 0 76 80 1 76 80 32 75 80 32 75 117 32 75 117 33 156 117 33 156 117 32 156 2 32 157 2 32 157 2 1 157 2 0
14 109 37 0 109 38 0 109 38 1 109 38 36 108 38 36 108 112 36 108 112 37 120 112 37 120 112 36 120 87 36 121 87 36 121 87 1 121 87 0 121 86 0
14 22 44 0 22 45 0 22 45 1 22 45 42 21 45 42 21 104 42 21 104 43 111 104 43 111 104 42 111 38 42 112 38 42 112 38 1 112 38 0 112 37 0
16 10 72 0 9 72 0 9 74 0 10 74 0 10 74 1 10 74 48 9 74 48 9 101 48 9 101 49 153 101 49 153 101 48 153 66 48 154 66 48 154 66 1 154 66 0 154 65 0
14 109 16 0 109 17 0 109 17 1 109 17 38 108 17 38 108 111 38 108 111 39 138 111 39 138 111 38 138 80 38 139 80 38 139 80 1 139 80 0 139 79 0
15 52 93 0 52 93 1 52 93 34 51 93 34 51 117 34 51 117 35 63 117 35 63 117 34 63 74 34 64 74 34 64 74 1 64 74 0 63 74 0 63 72 0 64 72 0
14 22 44 0 21 44 0 21 46 0 22 46 0 22 46 1 22 46 3 23 46 3 23 53 3 22 53 3 22 53 1 22 53 0 21 53 0 21 51 0 22 51 0
16 22 23 0 22 24 0 22 24 1 22 24 44 21 24 44 21 105 44 21 105 45 126 105 45 126 105 44 126 67 44 127 67 44 127 67 1 127 67 0 126 67 0 126 65 0 127 65 0
13 40 37 0 40 38 0 40 38 1 40 38 38 39 38 38 39 112 38 39 112 39 117 112 39 117 112 38 117 16 38 118 16 38 118 16 1 118 16 0
18 1 44 0 0 44 0 0 46 0 1 46 0 1 46 1 1 46 32 0 46 32 0 118 32 0 118 33 21 118 33 21 118 32 21 81 32 22 81 32 22 81 1 22 81 0 21 81 0 21 79 0 22 79 0
14 28 37 0 28 38 0 28 38 1 28 38 26 27 38 26 27 119 26 27 119 27 30 119 27 30 119 26 30 3 26 31 3 26 31 3 1 31 3 0 31 2 0
13 31 51 0 31 52 0 31 52 1 31 52 36 30 52 36 30 113 36 30 113 37 102 113 37 102 113 36 102 58 36 103 58 36 103 58 1 103 58 0
13 58 51 0 58 51 1 58 51 40 57 51 40 57 106 40 57 106 41 102 106 41 102 106 40 102 31 40 103 31 40 103 31 1 103 31 0 103 30 0
13 82 23 0 82 24 0 82 24 1 82 24 38 81 24 38 81 113 38 81 113 39 141 113 39 141 113 38 141 79 38 142 79 38 142 79 1 142 79 0
14 7 65 0 7 66 0 7 66 1 7 66 42 6 66 42 6 105 42 6 105 43 102 105 43 102 105 42 102 17 42 103 17 42 103 17 1 103 17 0 103 16 0
13 106 93 0 106 93 1 106 93 12 105 93 12 105 122 12 105 122 13 114 122 13 114 122 12 114 71 12 115 71 12 115 71 1 115 71 0 115 72 0
13 103 9 0 103 10 0 103 10 1 103 10 38 102 10 38 102 114 38 102 114 39 135 114 39 135 114 38 135 86 38 136 86 38 136 86 1 136 86 0
13 7 44 0 7 44 1 7 44 46 6 44 46 6 102 46 6 102 47 120 102 47 120 102 46 120 52 46 121 52 46 121 52 1 121 52 0 121 51 0
14 34 86 0 34 87 0 34 87 1 34 87 16 33 87 16 33 122 16 33 122 17 45 122 17 45 122 16 45 1 16 46 1 16 46 1 1 46 1 0 46 2 0
14 70 2 0 70 1 0 70 1 1 70 1 50 69 1 50 69 100 50 69 100 51 153 100 51 153 100 50 153 3 50 154 3 50 154 3 1 154 3 0 154 2 0
15 28 58 0 28 58 1 28 58 44 27 58 44 27 106 44 27 106 45 57 106 45 57 106 44 57 74 44 58 74 44 58 74 1 58 74 0 57 74 0 57 72 0 58 72 0
13 4 44 0 4 44 1 4 44 18 3 44 18 3 121 18 3 121 19 84 121 19 84 121 18 84 80 18 85 80 18 85 80 1 85 80 0 85 79 0
18 58 23 0 57 23 0 57 25 0 58 25 0 58 25 1 58 25 52 57 25 52 57 99 52 57 99 53 153 99 53 153 99 52 153 42 52 154 42 52 154 42 1 154 42 0 155 42 0 155 44 0 154 44 0
18 25 79 0 24 79 0 24 81 0 25 81 0 25 81 1 25 81 52 24 81 52 24 100 52 24 100 53 54 100 53 54 100 52 54 39 52 55 39 52 55 39 1 55 39 0 54 39 0 54 37 0 55 37 0
18 49 30 0 48 30 0 48 32 0 49 32 0 49 32 1 49 32 36 48 32 36 48 114 36 48 114 37 96 114 37 96 114 36 96 81 36 97 81 36 97 81 1 97 81 0 96 81 0 96 79 0 97 79 0
14 91 58 0 91 59 0 91 59 1 91 59 54 90 59 54 90 99 54 90 99 55 153 99 55 153 99 54 153 59 54 154 59 54 154 59 1 154 59 0 154 58 0
16 100 51 0 99 51 0 99 53 0 100 53 0 100 53 1 100 53 40 99 53 40 99 107 40 99 107 41 105 107 41 105 107 40 105 29 40 106 29 40 106 29 1 106 29 0 106 30 0
13 82 79 0 82 79 1 82 79 40 81 79 40 81 108 40 81 108 41 141 108 41 141 108 40 141 17 40 142 17 40 142 17 1 142 17 0 142 16 0
14 46 37 0 46 38 0 46 38 1 46 38 34 45 38 34 45 118 34 45 118 35 75 118 35 75 118 34 75 59 34 76 59 34 76 59 1 76 59 0 76 58 0
16 64 9 0 63 9 0 63 11 0 64 11 0 64 11 1 64 11 46 63 11 46 63 103 46 63 103 47 102 103 47 102 103 46 102 66 46 103 66 46 103 66 1 103 66 0 103 65 0
15 124 30 0 123 30 0 123 32 0 124 32 0 124 32 1 124 32 42 123 32 42 123 106 42 123 106 43 141 106 43 141 106 42 141 58 42 142 58 42 142 58 1 142 58 0
15 10 58 0 10 58 1 10 58 40 9 58 40 9 109 40 9 109 41 30 109 41 30 109 40 30 53 40 31 53 40 31 53 1 31 53 0 30 53 0 30 51 0 31 51 0
14 22 72 0 22 71 0 22 71 1 22 71 40 21 71 40 21 110 40 21 110 41 108 110 41 108 110 40 108 78 40 109 78 40 109 78 1 109 78 0 109 79 0
18 52 2 0 53 2 0 53 0 0 52 0 0 52 0 1 52 0 28 51 0 28 51 120 28 51 120 29 129 120 29 129 120 28 129 11 28 130 11 28 130 11 1 130 11 0 129 11 0 129 9 0 130 9 0
14 79 51 0 79 52 0 79 52 1 79 52 56 78 52 56 78 99 56 78 99 57 153 99 57 153 99 56 153 92 56 154 92 56 154 92 1 154 92 0 154 93 0
13 49 30 0 49 29 0 49 29 1 49 29 8 48 29 8 48 124 8 48 124 9 123 124 9 123 124 8 123 44 8 124 44 8 124 44 1 124 44 0
14 7 44 0 7 45 0 7 45 1 7 45 48 6 45 48 6 102 48 6 102 49 12 102 49 12 102 48 12 24 48 13 24 48 13 24 1 13 24 0 13 23 0
18 31 16 0 30 16 0 30 18 0 31 18 0 31 18 1 31 18 44 30 18 44 30 107 44 30 107 45 102 107 45 102 107 44 102 74 44 103 74 44 103 74 1 103 74 0 102 74 0 102 72 0 103 72 0
14 61 51 0 61 52 0 61 52 1 61 52 48 60 52 48 60 103 48 60 103 49 102 103 49 102 103 48 102 71 48 103 71 48 103 71 1 103 71 0 103 72 0
13 97 9 0 97 9 1 97 9 34 96 9 34 96 119 34 96 119 35 138 119 35 138 119 34 138 17 34 139 17 34 139 17 1 139 17 0 139 16 0
15 40 2 0 41 2 0 41 0 0 40 0 0 40 0 1 40 0 36 39 0 36 39 115 36 39 115 37 66 115 37 66 115 36 66 23 36 67 23 36 67 23 1 67 23 0
15 49 58 0 49 58 1 49 58 22 48 58 22 48 121 22 48 121 23 120 121 23 120 121 22 120 60 22 121 60 22 121 60 1 121 60 0 120 60 0 120 58 0 121 58 0
13 19 72 0 19 73 0 19 73 1 19 73 18 18 73 18 18 122 18 18 122 19 90 122 19 90 122 18 90 51 18 91 51 18 91 51 1 91 51 0
14 1 30 0 1 29 0 1 29 1 1 29 42 0 29 42 0 107 42 0 107 43 30 107 43 30 107 42 30 24 42 31 24 42 31 24 1 31 24 0 31 23 0
14 28 51 0 28 52 0 28 52 1 28 52 48 27 52 48 27 104 48 27 104 49 57 104 49 57 104 48 57 66 48 58 66 48 58 66 1 58 66 0 58 65 0
13 7 79 0 7 80 0 7 80 1 7 80 50 6 80 50 6 101 50 6 101 51 90 101 51 90 101 50 90 2 50 91 2 50 91 2 1 91 2 0
14 37 86 0 37 87 0 37 87 1 37 87 26 36 87 26 36 120 26 36 120 27 135 120 27 135 120 26 135 31 26 136 31 26 136 31 1 136 31 0 136 30 0
15 97 65 0 97 65 1 97 65 42 96 65 42 96 108 42 96 108 43 108 108 43 108 108 42 108 18 42 109 18 42 109 18 1 109 18 0 108 18 0 108 16 0 109 16 0
13 112 16 0 112 16 1 112 16 44 111 16 44 111 108 44 111 108 45 114 108 45 114 108 44 114 87 44 115 87 44 115 87 1 115 87 0 115 86 0
13 16 2 0 16 2 1 16 2 46 15 2 46 15 104 46 15 104 47 21 104 47 21 104 46 21 59 46 22 59 46 22 59 1 22 59 0 22 58 0
14 16 23 0 16 22 0 16 22 1 16 22 44 15 22 44 15 109 44 15 109 45 141 109 45 141 109 44 141 80 44 142 80 44 142 80 1 142 80 0 142 79 0
13 94 93 0 94 93 1 94 93 44 93 93 44 93 110 44 93 110 45 123 110 45 123 110 44 123 29 44 124 29 44 124 29 1 124 29 0 124 30 0
15 7 86 0 6 86 0 6 88 0 7 88 0 7 88 1 7 88 52 6 88 52 6 101 52 6 101 53 15 101 53 15 101 52 15 30 52 16 30 52 16 30 1 16 30 0
16 34 86 0 33 86 0 33 88 0 34 88 0 34 88 1 34 88 28 33 88 28 33 121 28 33 121 29 156 121 29 156 121 28 156 52 28 157 52 28 157 52 1 157 52 0 157 51 0
14 10 93 0 10 92 0 10 92 1 10 92 20 9 92 20 9 122 20 9 122 21 132 122 21 132 122 20 132 94 20 133 94 20 133 94 1 133 94 0 133 93 0
16 100 23 0 99 23 0 99 25 0 100 25 0 100 25 1 100 25 30 99 25 30 99 119 30 99 119 31 129 119 31 129 119 30 129 80 30 130 80 30 130 80 1 130 80 0 130 79 0
14 10 72 0 10 71 0 10 71 1 10 71 42 9 71 42 9 109 42 9 109 43 66 109 43 66 109 42 66 38 42 67 38 42 67 38 1 67 38 0 67 37 0
16 82 37 0 82 38 0 82 38 1 82 38 34 81 38 34 81 120 34 81 120 35 144 120 35 144 120 34 144 46 34 145 46 34 145 46 1 145 46 0 144 46 0 144 44 0 145 44 0
13 64 30 0 64 31 0 64 31 1 64 31 38 63 31 38 63 115 38 63 115 39 99 115 39 99 115 38 99 9 38 100 9 38 100 9 1 100 9 0
16 28 37 0 27 37 0 27 39 0 28 39 0 28 39 1 28 39 36 27 39 36 27 116 36 27 116 37 132 116 37 132 116 36 132 59 36 133 59 36 133 59 1 133 59 0 133 58 0
13 16 58 0 16 58 1 16 58 42 15 58 42 15 110 42 15 110 43 99 110 43 99 110 42 99 50 42 100 50 42 100 50 1 100 50 0 100 51 0
13 7 9 0 7 10 0 7 10 1 7 10 54 6 10 54 6 100 54 6 100 55 129 100 55 129 100 54 129 16 54 130 16 54 130 16 1 130 16 0
13 22 44 0 22 43 0 22 43 1 22 43 48 21 43 48 21 105 48 21 105 49 132 105 49 132 105 48 132 2 48 133 2 48 133 2 1 133 2 0
18 22 16 0 21 16 0 21 18 0 22 18 0 22 18 1 22 18 50 21 18 50 21 102 50 21 102 51 48 102 51 48 102 50 48 95 50 49 95 50 49 95 1 49 95 0 48 95 0 48 93 0 49 93 0
16 10 79 0 9 79 0 9 81 0 10 81 0 10 81 1 10 81 50 9 81 50 9 103 50 9 103 51 114 103 51 114 103 50 114 78 50 115 78 50 115 78 1 115 78 0 115 79 0
15 142 51 0 142 51 1 142 51 46 141 51 46 141 105 46 141 105 47 144 105 47 144 105 46 144 81 46 145 81 46 145 81 1 145 81 0 144 81 0 144 79 0 145 79 0
14 94 72 0 94 73 0 94 73 1 94 73 48 93 73 48 93 106 48 93 106 49 144 106 49 144 106 48 144 85 48 145 85 48 145 85 1 145 85 0 145 86 0
16 100 37 0 100 38 0 100 38 1 100 38 36 99 38 36 99 117 36 99 117 37 147 117 37 147 117 36 147 67 36 148 67 36 148 67 1 148 67 0 147 67 0 147 65 0 148 65 0
14 16 58 0 16 59 0 16 59 1 16 59 48 15 59 48 15 107 48 15 107 49 18 107 49 18 107 48 18 24 48 19 24 48 19 24 1 19 24 0 19 23 0
14 49 79 0 49 80 0 49 80 1 49 80 40 48 80 40 48 111 40 48 111 41 60 111 41 60 111 40 60 8 40 61 8 40 61 8 1 61 8 0 61 9 0
14 10 44 0 9 44 0 9 46 0 10 46 0 10 46 1 10 46 2 11 46 2 11 91 2 10 91 2 10 91 1 10 91 0 11 91 0 11 93 0 10 93 0
12 100 86 0 100 86 1 100 86 46 99 86 46 99 106 46 99 106 47 123 106 47 123 106 46 123 51 46 124 51 46 124 51 1 124 51 0
13 4 65 0 4 66 0 4 66 1 4 66 30 3 66 30 3 120 30 3 120 31 87 120 31 87 120 30 87 9 30 88 9 30 88 9 1 88 9 0
18 40 37 0 39 37 0 39 39 0 40 39 0 40 39 1 40 39 54 39 39 54 39 101 54 39 101 55 54 101 55 54 101 54 54 53 54 55 53 54 55 53 1 55 53 0 54 53 0 54 51 0 55 51 0
13 22 9 0 22 9 1 22 9 52 21 9 52 21 102 52 21 102 53 81 102 53 81 102 52 81 45 52 82 45 52 82 45 1 82 45 0 82 44 0
14 103 51 0 103 52 0 103 52 1 103 52 50 102 52 50 102 104 50 102 104 51 138 104 51 138 104 50 138 94 50 139 94 50 139 94 1 139 94 0 139 93 0
16 13 16 0 13 15 0 13 15 1 13 15 40 12 15 40 12 112 40 12 112 41 114 112 41 114 112 40 114 4 40 115 4 40 115 4 1 115 4 0 114 4 0 114 2 0 115 2 0
14 85 44 0 85 45 0 85 45 1 85 45 12 84 45 12 84 123 12 84 123 13 93 123 13 93 123 12 93 59 12 94 59 12 94 59 1 94 59 0 94 58 0
16 52 30 0 52 31 0 52 31 1 52 31 38 51 31 38 51 116 38 51 116 39 96 116 39 96 116 38 96 21 38 97 21 38 97 21 1 97 21 0 98 21 0 98 23 0 97 23 0
12 1 72 0 1 72 1 1 72 44 0 72 44 0 111 44 0 111 45 99 111 45 99 111 44 99 16 44 100 16 44 100 16 1 100 16 0
16 22 65 0 21 65 0 21 67 0 22 67 0 22 67 1 22 67 54 21 67 54 21 102 54 21 102 55 87 102 55 87 102 54 87 66 54 88 66 54 88 66 1 88 66 0 88 65 0
14 70 65 0 70 66 0 70 66 1 70 66 38 69 66 38 69 117 38 69 117 39 78 117 39 78 117 38 78 45 38 79 45 38 79 45 1 79 45 0 79 44 0
16 19 51 0 18 51 0 18 53 0 19 53 0 19 53 1 19 53 46 18 53 46 18 107 46 18 107 47 30 107 47 30 107 46 30 50 46 31 50 46 31 50 1 31 50 0 31 51 0
14 46 86 0 46 85 0 46 85 1 46 85 32 45 85 32 45 119 32 45 119 33 105 119 33 105 119 32 105 3 32 106 3 32 106 3 1 106 3 0 106 2 0
15 34 93 0 34 93 1 34 93 48 33 93 48 33 108 48 33 108 49 66 108 49 66 108 48 66 39 48 67 39 48 67 39 1 67 39 0 66 39 0 66 37 0 67 37 0
15 22 93 0 21 93 0 21 95 0 22 95 0 22 95 1 22 95 56 21 95 56 21 100 56 21 100 57 138 100 57 138 100 56 138 44 56 139 44 56 139 44 1 139 44 0
12 1 58 0 1 58 1 1 58 30 0 58 30 0 121 30 0 121 31 84 121 31 84 121 30 84 30 30 85 30 30 85 30 1 85 30 0
14 34 86 0 34 85 0 34 85 1 34 85 32 33 85 32 33 120 32 33 120 33 36 120 33 36 120 32 36 66 32 37 66 32 37 66 1 37 66 0 37 65 0
13 52 65 0 52 65 1 52 65 56 51 65 56 51 101 56 51 101 57 54 101 57 54 101 56 54 57 56 55 57 56 55 57 1 55 57 0 55 58 0
13 40 79 0 40 78 0 40 78 1 40 78 32 39 78 32 39 121 32 39 121 33 144 121 33 144 121 32 144 51 32 145 51 32 145 51 1 145 51 0
14 22 37 0 22 38 0 22 38 1 22 38 58 21 38 58 21 99 58 21 99 59 33 99 59 33 99 58 33 24 58 34 24 58 34 24 1 34 24 0 34 23 0
14 46 79 0 46 80 0 46 80 1 46 80 30 45 80 30 45 122 30 45 122 31 81 122 31 81 122 30 81 3 30 82 3 30 82 3 1 82 3 0 82 2 0
16 142 72 0 143 72 0 143 70 0 142 70 0 142 70 1 142 70 48 141 70 48 141 109 48 141 109 49 147 109 49 147 109 48 147 87 48 148 87 48 148 87 1 148 87 0 148 86 0
16 58 9 0 58 10 0 58 10 1 58 10 54 57 10 54 57 103 54 57 103 55 75 103 55 75 103 54 75 32 54 76 32 54 76 32 1 76 32 0 75 32 0 75 30 0 76 30 0
13 52 23 0 52 23 1 52 23 40 51 23 40 51 113 40 51 113 41 96 113 41 96 113 40 96 45 40 97 45 40 97 45 1 97 45 0 97 44 0
16 67 72 0 66 72 0 66 74 0 67 74 0 67 74 1 67 74 50 66 74 50 66 105 50 66 105 51 123 105 51 123 105 50 123 17 50 124 17 50 124 17 1 124 17 0 124 16 0
16 58 93 0 57 93 0 57 95 0 58 95 0 58 95 1 58 95 56 57 95 56 57 102 56 57 102 57 66 102 57 66 102 56 66 80 56 67 80 56 67 80 1 67 80 0 67 79 0
14 22 30 0 22 31 0 22 31 1 22 31 60 21 31 60 21 99 60 21 99 61 57 99 61 57 99 60 57 17 60 58 17 60 58 17 1 58 17 0 58 16 0
16 4 65 0 3 65 0 3 67 0 4 67 0 4 67 1 4 67 28 3 67 28 3 122 28 3 122 29 135 122 29 135 122 28 135 73 28 136 73 28 136 73 1 136 73 0 136 72 0
14 79 30 0 79 31 0 79 31 1 79 31 40 78 31 40 78 114 40 78 114 41 90 114 41 90 114 40 90 31 40 91 31 40 91 31 1 91 31 0 91 30 0
14 1 58 0 1 59 0 1 59 1 1 59 50 0 59 50 0 106 50 0 106 51 57 106 51 57 106 50 57 31 50 58 31 50 58 31 1 58 31 0 58 30 0
14 97 51 0 97 50 0 97 50 1 97 50 46 96 50 46 96 108 46 96 108 47 126 108 47 126 108 46 126 17 46 127 17 46 127 17 1 127 17 0 127 16 0
16 61 79 0 61 80 0 61 80 1 61 80 52 60 80 52 60 103 52 60 103 53 66 103 53 66 103 52 66 84 52 67 84 52 67 84 1 67 84 0 68 84 0 68 86 0 67 86 0
15 40 72 0 40 72 1 40 72 28 39 72 28 39 123 28 39 123 29 93 123 29 93 123 28 93 81 28 94 81 28 94 81 1 94 81 0 93 81 0 93 79 0 94 79 0
16 1 51 0 1 52 0 1 52 1 1 52 48 0 52 48 0 110 48 0 110 49 30 110 49 30 110 48 30 25 48 31 25 48 31 25 1 31 25 0 30 25 0 30 23 0 31 23 0
13 46 30 0 46 30 1 46 30 18 45 30 18 45 123 18 45 123 19 129 123 19 129 123 18 129 8 18 130 8 18 130 8 1 130 8 0 130 9 0
16 34 44 0 33 44 0 33 46 0 34 46 0 34 46 1 34 46 42 33 46 42 33 111 42 33 111 43 105 111 43 105 111 42 105 17 42 106 17 42 106 17 1 106 17 0 106 16 0
16 16 58 0 15 58 0 15 60 0 16 60 0 16 60 1 16 60 50 15 60 50 15 107 50 15 107 51 96 107 51 96 107 50 96 17 50 97 17 50 97 17 1 97 17 0 97 16 0
16 43 58 0 42 58 0 42 60 0 43 60 0 43 60 1 43 60 46 42 60 46 42 109 46 42 109 47 93 109 47 93 109 46 93 87 46 94 87 46 94 87 1 94 87 0 94 86 0
18 55 44 0 54 44 0 54 46 0 55 46 0 55 46 1 55 46 58 54 46 58 54 100 58 54 100 59 141 100 59 141 100 58 141 46 58 142 46 58 142 46 1 142 46 0 141 46 0 141 44 0 142 44 0
14 16 16 0 16 17 0 16 17 1 16 17 40 15 17 40 15 115 40 15 115 41 27 115 41 27 115 40 27 17 40 28 17 40 28 17 1 28 17 0 28 16 0
