454 1135
80 392
197 292
38 166
31 186
137 368
267 448
144 357
178 243
64 422
2 417
6 187
116 442
190 242
168 171
67 312
212 252
1 327
19 404
343 454
135 449
156 374
189 393
119 329
51 126
126 431
234 297
172 265
131 163
373 381
48 402
62 273
30 321
182 427
111 365
62 101
274 372
59 361
169 443
45 285
58 226
256 435
15 150
5 421
18 280
339 377
134 330
122 338
42 138
98 389
229 389
199 444
232 290
28 412
247 444
257 406
6 117
129 319
238 428
277 331
190 442
102 208
432 434
65 446
7 32
211 271
239 408
241 254
301 392
33 454
47 242
174 270
227 407
76 330
235 303
124 413
24 382
153 315
126 151
275 404
16 245
229 384
426 444
90 239
71 298
233 398
124 405
39 322
105 144
203 429
326 405
289 309
282 378
135 334
289 431
101 317
105 378
199 427
100 306
23 220
262 345
47 74
83 246
193 441
66 78
247 360
243 348
143 221
289 320
416 454
166 235
175 375
247 299
127 302
129 269
139 336
100 164
36 410
308 440
173 238
394 415
8 418
26 366
300 388
294 360
84 429
58 437
9 161
165 203
217 279
128 195
34 118
399 422
276 377
94 438
276 439
263 382
97 244
180 387
52 156
209 390
237 342
129 307
258 268
219 322
22 47
177 320
136 165
98 115
105 371
266 363
205 264
144 445
106 210
259 361
147 226
68 386
120 265
142 331
10 23
148 338
296 410
113 208
147 453
10 371
233 277
92 270
159 370
154 328
82 170
132 364
20 442
56 123
101 227
320 388
171 290
238 379
189 363
266 443
15 113
74 308
302 346
208 259
130 197
24 26
14 287
94 245
80 135
70 336
155 280
51 421
262 356
197 288
24 200
348 364
145 401
214 394
29 363
196 287
250 403
284 342
234 269
132 420
93 433
95 112
266 423
300 394
351 428
69 75
87 246
140 279
401 439
40 313
88 292
89 369
49 201
302 398
132 402
41 338
34 61
401 440
210 242
148 223
9 182
12 20
15 349
88 310
195 275
204 305
131 220
41 142
22 228
196 313
155 179
105 328
232 323
12 114
293 304
339 345
184 446
21 355
59 385
403 450
148 227
157 223
192 317
200 225
243 396
96 106
211 361
10 108
11 310
325 368
67 215
178 234
240 353
174 424
139 367
104 332
106 284
222 276
212 332
182 361
168 210
19 159
9 53
156 283
372 440
103 225
35 400
360 438
175 213
64 405
271 273
53 430
77 424
28 120
325 382
21 73
84 301
96 420
315 326
104 450
254 350
238 427
281 423
254 414
186 221
259 277
100 334
260 327
213 287
222 347
188 270
376 428
146 384
22 177
300 352
255 268
186 406
350 425
127 260
195 230
48 451
31 103
176 207
198 395
311 349
143 295
40 347
223 447
217 329
119 448
162 449
393 404
108 220
348 357
55 152
50 311
2 70
61 291
150 273
147 260
208 264
3 30
146 435
56 79
13 36
201 261
36 278
335 340
60 338
202 411
418 440
389 432
222 295
82 398
196 372
64 398
297 381
316 357
139 407
67 262
221 377
208 250
174 233
11 115
92 143
86 433
230 432
68 290
185 219
301 314
202 338
127 359
97 141
13 227
28 107
411 421
35 437
7 52
41 251
138 164
278 337
121 401
214 267
248 441
240 260
42 436
103 419
83 300
282 320
115 172
299 429
69 371
327 359
75 95
25 127
106 198
310 320
225 409
230 452
87 402
2 92
106 372
136 294
312 406
82 286
36 272
318 334
271 346
77 259
14 56
301 411
318 356
209 284
82 96
45 362
163 274
80 419
149 341
130 399
172 410
167 452
181 352
151 340
254 264
333 426
384 412
163 280
114 409
101 130
78 453
26 239
7 311
139 170
73 323
158 288
20 123
43 279
103 376
70 232
397 400
153 203
59 376
13 74
49 193
48 285
78 187
22 76
356 443
215 436
62 189
181 394
218 447
87 319
191 318
14 96
3 326
121 358
108 281
49 129
36 426
168 432
206 343
162 353
26 351
34 210
72 138
114 306
72 445
232 355
128 430
157 160
47 332
29 267
131 187
52 410
293 386
51 169
158 363
131 439
21 48
81 109
41 163
351 392
207 274
396 402
61 288
243 418
133 215
190 254
68 430
349 432
57 192
383 446
18 65
218 314
323 388
152 172
95 99
86 99
112 379
256 445
45 188
105 287
94 262
92 314
237 281
23 183
1 209
376 381
150 344
169 415
140 285
292 414
205 359
44 414
361 421
153 300
30 294
70 349
135 211
125 284
18 54
194 391
111 436
4 443
39 366
94 238
324 352
32 276
42 373
161 261
52 54
43 278
119 366
57 173
53 344
40 449
180 413
218 250
21 225
205 268
387 424
86 371
116 299
24 72
217 420
58 452
99 345
79 186
99 307
64 370
229 413
162 387
23 391
88 184
162 216
102 240
157 358
258 422
81 416
4 176
151 304
125 167
127 434
346 364
130 219
38 70
54 207
5 192
183 245
68 323
8 178
60 204
345 360
4 141
50 202
80 380
90 141
38 71
123 317
346 384
201 272
30 133
84 393
211 263
80 218
2 295
85 257
306 314
66 231
140 377
194 454
296 380
96 445
175 248
37 62
400 412
30 278
57 325
249 264
322 412
149 335
313 358
339 444
109 189
16 312
117 257
63 246
187 437
5 307
23 255
275 350
328 428
228 236
120 391
180 184
204 316
186 355
67 438
93 369
403 429
212 256
25 122
9 324
303 317
185 393
184 335
226 356
60 407
179 304
308 315
57 377
85 95
19 397
83 418
151 343
261 293
100 390
91 176
17 403
168 318
79 218
206 426
212 378
237 387
82 256
138 399
12 333
15 278
331 385
121 249
337 415
65 374
123 228
15 31
11 173
213 318
327 423
355 410
366 425
71 75
271 283
39 222
101 396
358 365
310 407
37 63
298 439
44 297
26 269
291 292
55 336
307 412
349 353
171 411
165 253
134 293
193 324
283 362
33 409
112 137
20 369
268 435
154 341
163 185
139 401
109 395
170 453
137 291
45 348
160 414
39 125
141 369
87 341
25 74
110 352
91 414
61 98
146 202
214 309
202 226
116 357
33 283
50 94
115 203
34 375
434 444
84 373
428 443
35 433
251 267
184 245
65 272
40 285
252 321
83 309
272 373
121 441
13 81
31 332
155 214
22 137
209 226
198 242
76 307
200 416
102 124
126 329
49 142
286 296
286 422
121 191
7 415
29 251
209 236
76 381
390 437
174 228
98 375
147 192
175 227
152 263
75 299
217 441
25 196
141 224
103 173
9 270
194 354
194 424
373 436
33 66
364 388
282 305
368 441
165 171
77 110
136 333
180 423
46 134
223 322
81 400
301 415
220 400
179 391
340 398
90 107
1 213
118 234
90 161
124 395
217 287
35 397
68 291
27 442
81 357
260 326
439 449
178 282
212 248
17 53
46 190
354 431
158 419
104 255
233 329
79 91
24 354
216 448
12 380
251 362
59 97
153 177
83 394
161 337
27 44
16 351
166 169
164 253
34 55
12 17
119 386
107 286
47 185
72 450
49 303
269 383
86 118
382 395
280 362
58 397
429 452
234 340
59 342
46 54
148 426
8 179
319 413
50 316
156 297
303 431
20 198
257 277
75 237
16 205
368 451
63 450
112 119
199 253
248 413
188 440
128 233
108 296
158 231
251 352
102 402
128 168
237 265
285 331
77 425
269 306
37 404
241 252
28 160
230 447
17 29
224 451
6 280
131 380
328 397
72 111
295 370
157 199
38 290
267 383
134 210
157 188
175 298
145 265
8 182
32 342
63 125
380 427
11 250
111 434
200 409
250 344
249 351
305 334
322 389
273 347
344 451
188 295
183 448
71 406
44 247
10 78
10 48
73 347
342 386
104 122
185 241
60 374
152 298
347 408
51 85
18 387
55 145
113 248
341 382
126 309
11 214
191 276
167 327
37 336
146 355
231 358
156 399
116 169
405 406
316 385
13 393
281 424
154 246
275 448
55 76
144 438
158 180
206 435
187 330
62 86
255 391
128 340
84 149
37 136
136 447
343 378
4 409
130 270
91 344
170 411
104 378
293 433
294 452
14 314
150 173
386 453
123 235
19 420
27 221
129 206
8 231
164 319
4 63
38 370
25 73
122 399
93 216
3 324
46 249
165 339
298 337
176 360
14 230
197 363
236 333
53 388
134 252
117 367
275 408
132 160
113 334
142 159
205 330
85 153
183 425
207 235
263 354
6 390
223 446
166 319
2 110
5 422
262 431
362 437
69 164
385 447
241 353
379 403
162 375
354 416
408 417
236 266
288 359
364 374
289 425
16 176
113 304
64 308
159 274
182 272
256 268
201 299
41 120
331 416
74 390
108 177
66 356
201 229
43 346
69 115
92 172
245 404
27 28
56 111
17 279
290 312
52 341
1 97
243 395
167 282
32 56
345 434
39 335
151 252
5 427
170 333
40 329
179 199
110 193
87 118
239 396
242 379
143 146
244 375
161 302
7 18
312 348
220 304
271 286
43 89
326 350
51 419
77 181
177 396
120 221
258 305
240 303
42 149
137 215
21 181
85 372
337 343
368 418
265 323
89 133
366 383
107 305
294 430
138 255
195 365
29 281
152 258
145 421
309 435
253 308
229 370
313 332
296 376
359 433
31 154
112 392
142 283
98 302
102 383
109 132
32 154
190 197
150 216
244 288
95 174
116 159
264 381
93 450
78 228
144 225
198 244
117 389
200 374
155 350
215 263
89 384
79 436
124 241
43 44
140 321
54 442
203 451
19 33
58 107
166 367
35 330
240 385
66 189
90 339
167 261
122 204
93 371
239 325
27 235
191 365
57 249
274 407
155 257
171 365
258 446
222 321
219 224
194 289
118 147
317 328
125 213
88 149
231 417
315 445
324 420
261 417
3 325
91 310
110 336
211 423
291 392
97 273
45 219
253 335
311 367
69 148
140 311
133 192
183 232
191 204
109 430
224 449
133 369
1 143
99 196
114 419
297 405
61 315
117 135
65 438
266 313
114 367
71 216
195 453
244 417
316 321
160 454
259 279
67 236
46 353
60 89
6 193
181 247
206 292
3 306
100 246
284 408
42 88
50 277
145 178
73 379
207 224
