1600 500
291 864
963 1284
872 1264
1399 1595
819 1258
60 977
387 450
992 1585
295 1517
46 166
321 1008
473 1560
784 1007
384 390
224 846
1179 1295
576 1005
183 674
113 597
64 830
1501 1583
759 1373
132 210
813 926
11 167
84 1320
917 1419
646 925
705 1249
743 1114
295 856
304 694
21 900
79 1088
788 1130
1352 1599
614 1530
423 1572
830 1383
1086 1507
1127 1517
72 1076
571 1388
559 1432
551 1348
494 1479
363 730
41 1106
12 881
460 928
302 491
12 661
180 721
143 1248
290 754
554 693
41 535
616 1431
1016 1151
523 733
1056 1196
330 1577
687 1567
678 1119
927 1594
615 1346
413 973
36 986
272 1510
156 1317
554 1497
3 153
22 1097
392 1008
775 1316
900 929
456 800
358 1387
1289 1393
653 676
1109 1206
361 638
1013 1229
1334 1562
325 828
1002 1354
44 1223
438 1290
6 46
636 726
635 999
625 1125
162 806
835 1200
54 1538
914 1093
842 848
206 885
351 467
685 730
673 1003
585 890
958 1126
288 1170
641 1199
181 1471
174 919
1514 1600
196 449
333 1348
157 448
163 528
511 1220
198 1388
1124 1325
367 699
251 1269
695 891
154 1089
203 209
122 886
916 1143
8 1529
441 1011
265 1172
156 1540
841 847
479 732
964 1573
214 1499
427 1216
1109 1155
267 342
1257 1566
666 1479
671 947
211 944
1229 1351
576 804
811 945
432 939
167 605
654 1397
1422 1516
1295 1323
1020 1213
193 370
550 1034
599 1048
315 722
735 936
183 1524
348 923
1064 1538
540 562
52 124
375 1321
140 1000
1384 1466
271 675
913 1243
79 105
659 918
1297 1583
399 878
681 704
835 1436
89 1314
155 1039
516 1139
25 273
455 751
1000 1597
175 1102
746 954
523 1062
132 902
258 1554
1419 1455
622 784
812 1164
588 1545
17 808
101 133
1212 1238
844 1507
911 1408
103 331
1363 1416
1286 1452
399 967
718 1367
143 907
506 1206
429 437
366 1073
624 1597
275 397
40 1308
492 1069
415 804
939 971
93 1189
742 1180
196 518
1435 1543
7 740
102 572
1264 1423
88 445
872 908
1170 1505
37 1284
379 984
111 815
608 956
247 456
528 1103
719 1336
41 189
663 919
278 281
973 1081
1187 1297
497 1417
208 478
724 1563
85 1567
1267 1545
650 1586
175 966
370 1312
640 1411
537 1300
145 1212
357 439
1400 1526
8 663
41 184
9 399
152 1363
109 1002
1182 1348
516 1398
30 449
299 1400
262 1091
247 801
269 721
720 1420
697 1266
132 325
870 1194
1102 1589
874 1353
1274 1454
40 1401
770 1363
584 589
6 612
1012 1552
917 1543
717 1527
521 1314
550 694
230 622
383 864
331 921
1025 1499
569 1494
1010 1218
1055 1378
981 1438
14 365
101 760
43 499
33 616
499 1416
993 1003
718 1073
1028 1406
1206 1394
13 1150
281 1468
1069 1416
497 854
1043 1525
399 947
550 1345
1164 1177
793 1261
1282 1398
175 403
111 638
1505 1574
990 1397
532 1086
2 493
201 986
187 1298
818 1290
857 1547
689 1554
571 775
491 1560
148 403
771 1196
179 656
402 841
1105 1230
1020 1519
164 1287
93 598
559 922
764 1440
1384 1404
652 979
1167 1546
735 757
784 869
42 1037
1266 1314
212 1237
741 1321
33 1491
718 1036
1259 1274
679 699
233 1534
673 1150
667 877
1163 1166
161 224
43 763
1078 1235
1039 1365
117 532
783 1448
522 1273
136 828
486 1045
141 754
1058 1536
135 976
724 1358
350 384
235 254
399 496
1068 1585
912 1036
828 1442
278 889
406 904
179 358
1239 1430
503 1483
466 689
696 1007
730 1009
513 1578
125 1164
27 363
1071 1149
58 1110
110 263
932 1494
1128 1567
553 1070
360 1286
623 1022
587 1486
129 1282
973 1558
199 285
1134 1246
119 841
506 1287
130 1027
9 728
899 971
1138 1216
779 1027
23 873
99 1039
948 1330
1207 1352
642 1403
103 1256
530 853
1234 1534
13 1237
727 729
276 793
576 667
280 525
155 503
1176 1476
314 1597
469 815
986 1590
923 1314
588 915
1193 1394
327 1405
967 1567
713 766
106 521
537 1354
606 807
867 1089
47 691
401 1448
617 834
346 856
956 1203
8 1126
623 1506
168 1529
553 687
928 1226
466 1451
453 685
299 1054
558 1305
298 1324
198 315
487 1101
52 526
564 912
673 1493
885 1403
34 859
61 467
293 701
141 347
707 862
29 1274
323 1492
308 1363
16 1084
889 1265
327 1242
890 1239
136 1256
197 1132
312 1509
432 778
4 993
105 240
743 1552
220 1538
479 566
186 978
782 851
973 1385
413 1542
18 1040
394 882
632 1348
322 1262
731 1052
1408 1578
212 743
278 926
773 1561
712 800
1146 1568
24 808
322 907
215 506
990 1522
721 732
273 313
558 1101
187 956
525 704
1265 1506
193 487
143 468
547 1375
45 988
419 799
18 882
327 1479
411 947
1127 1532
143 1160
106 1269
572 739
789 1280
938 1470
653 1267
262 442
250 1380
181 1119
627 720
437 1206
66 1308
155 181
840 1452
