980 838
183 526
96 378
232 976
716 769
413 579
201 836
566 919
760 961
574 932
59 514
538 619
76 683
19 301
285 686
627 715
557 727
15 834
365 538
638 962
637 719
632 650
288 849
240 534
597 790
46 678
717 846
39 401
179 286
37 202
280 436
597 808
239 584
539 687
372 937
240 790
503 764
322 838
584 847
534 599
398 437
399 792
299 714
25 93
266 784
276 349
365 677
314 879
203 602
517 649
282 517
457 518
324 919
446 616
492 732
438 761
37 844
73 501
39 634
655 875
179 528
86 727
34 308
325 353
8 646
290 642
693 776
434 525
382 725
59 230
377 894
402 978
322 442
319 544
113 210
460 928
239 453
48 974
9 476
131 600
125 669
12 243
276 609
51 747
3 432
147 980
120 846
232 669
372 927
156 796
183 911
105 821
213 683
915 955
400 509
451 820
425 691
221 614
23 531
174 691
287 559
337 816
117 157
450 455
28 893
155 943
427 755
124 717
710 945
308 645
570 803
321 346
739 859
69 619
538 754
644 856
57 245
304 769
37 425
595 823
494 768
195 871
176 867
154 452
343 626
558 941
272 593
416 866
152 509
178 647
615 923
848 896
594 900
435 965
90 305
846 953
123 231
168 886
327 483
132 536
722 905
239 946
251 344
100 620
324 724
261 555
325 558
35 249
199 580
665 892
125 542
110 926
122 235
253 956
15 499
335 617
62 858
225 318
488 719
140 521
569 793
497 697
672 787
512 658
201 793
896 940
265 292
358 618
628 726
38 366
48 550
534 691
177 710
108 839
282 726
483 627
380 651
614 827
609 959
557 967
61 754
170 432
335 765
361 637
173 437
467 655
147 385
610 951
704 729
796 812
241 321
665 914
205 920
295 786
264 579
15 85
79 762
561 951
128 398
342 507
410 889
470 903
158 835
203 321
277 545
343 719
91 516
451 670
445 510
20 474
248 747
164 357
263 479
148 879
215 313
688 762
355 711
262 483
37 145
609 725
291 964
183 217
34 85
274 484
541 837
105 145
634 656
18 671
509 652
90 272
480 854
291 829
87 96
906 953
41 892
529 737
8 715
33 799
459 889
404 724
639 856
235 614
285 871
159 884
105 257
325 916
56 782
343 723
597 728
816 906
471 890
429 735
171 458
459 516
210 724
103 323
392 862
6 390
240 328
216 874
187 322
59 402
572 676
766 770
363 920
361 712
202 585
301 707
384 741
766 806
222 819
641 784
522 702
431 920
110 596
14 143
143 782
62 708
599 796
214 833
210 692
232 603
468 569
480 961
664 880
330 635
450 789
504 909
629 931
404 840
604 865
474 499
168 978
608 737
666 669
342 447
264 546
165 814
531 908
618 787
598 818
75 359
397 657
525 815
473 814
312 442
476 810
687 746
587 808
606 660
16 956
282 688
768 829
669 707
25 794
110 591
239 894
519 619
376 472
175 729
222 423
437 976
590 697
425 602
262 486
431 780
367 926
143 651
26 731
280 876
108 266
445 845
334 856
697 908
89 918
19 197
954 978
518 942
195 261
180 398
99 711
486 590
446 944
154 745
153 691
78 261
103 443
84 201
306 641
69 966
329 764
269 722
192 875
746 805
573 743
427 787
428 904
506 842
532 980
494 697
243 459
161 658
192 911
293 298
55 268
457 967
321 378
446 638
389 531
103 326
731 798
310 625
472 785
125 750
635 681
12 800
138 787
764 813
559 789
584 873
235 338
13 136
105 875
219 860
31 422
476 800
16 281
76 848
303 374
314 878
715 804
756 854
532 957
378 395
55 236
213 822
46 187
318 457
226 621
69 399
278 402
495 498
72 819
421 469
55 757
233 934
76 322
726 943
372 720
399 548
449 805
686 916
727 917
214 530
163 466
669 674
203 273
100 764
51 899
384 959
115 407
571 794
31 920
156 701
82 248
390 639
522 749
327 928
115 245
288 591
352 594
355 928
319 426
422 698
53 953
339 929
682 923
282 785
523 759
694 748
442 496
548 932
692 778
563 804
188 360
374 770
146 781
631 957
385 389
212 308
7 604
78 884
707 952
506 544
225 781
19 685
599 744
354 675
292 691
99 534
39 767
516 575
331 548
726 821
242 955
4 171
141 396
799 927
657 834
117 295
79 439
386 828
780 895
649 802
255 921
416 600
218 872
358 766
451 576
187 786
388 547
207 624
126 398
428 592
224 942
305 787
171 558
515 606
113 864
127 344
425 712
126 236
349 802
54 149
466 740
23 390
108 614
660 956
676 833
195 618
363 858
300 820
584 588
429 803
75 958
400 916
430 539
308 513
775 802
853 978
235 538
55 580
11 793
376 824
242 833
779 921
291 847
130 274
263 636
392 530
335 661
548 616
16 755
84 243
778 840
323 525
755 838
217 507
445 523
174 972
223 837
58 779
413 827
591 833
213 402
49 132
115 733
284 462
240 764
942 947
301 640
351 470
18 428
52 731
193 954
108 739
848 876
568 742
566 632
171 368
195 487
304 403
331 506
406 936
412 741
322 686
21 191
124 283
793 945
639 887
85 877
58 118
723 728
839 921
76 490
489 808
569 944
206 892
326 530
39 635
319 680
54 745
554 555
61 375
17 714
452 544
344 462
705 971
447 685
277 948
626 687
206 339
179 385
105 674
24 838
815 959
180 448
134 481
789 830
396 490
113 934
34 650
230 296
302 968
891 954
336 615
409 447
239 292
598 719
709 815
58 854
426 783
643 879
93 165
209 785
342 631
61 770
386 817
135 418
238 403
385 849
47 216
150 717
419 753
262 369
556 596
218 964
718 774
218 308
541 952
150 829
313 716
185 805
93 542
677 751
43 56
750 973
110 631
107 458
565 955
615 785
211 695
328 853
402 412
136 512
442 466
15 887
296 519
396 844
773 840
93 416
7 803
675 933
162 259
395 628
694 812
181 565
201 772
282 858
380 765
6 20
527 793
44 797
378 831
381 577
39 81
721 923
51 293
625 946
59 971
117 665
35 623
101 797
158 437
24 684
403 622
510 834
283 944
189 946
48 403
440 537
42 91
61 104
102 639
16 447
921 980
61 360
788 954
65 748
63 388
380 760
582 715
450 657
238 249
154 277
200 649
617 681
79 368
10 543
417 781
237 823
487 580
34 720
395 762
473 938
222 700
438 562
162 905
67 506
26 87
507 939
198 580
231 376
283 395
251 699
46 339
235 364
505 615
141 567
393 541
343 949
785 916
59 525
95 469
228 971
83 324
273 750
69 169
416 780
90 628
722 734
48 393
482 496
294 525
134 811
423 694
222 951
8 424
286 450
192 532
332 655
107 555
438 584
56 253
177 638
186 619
530 905
513 834
318 357
436 730
907 919
486 606
545 655
721 899
49 717
203 784
134 285
143 788
441 454
395 725
544 952
196 763
195 807
423 671
93 805
218 400
639 722
150 503
122 859
25 261
50 443
852 942
291 380
121 732
540 972
394 738
37 491
547 751
153 266
15 323
106 618
246 512
709 740
249 508
7 477
745 833
474 617
9 932
250 720
110 179
643 831
60 358
573 754
107 680
156 731
498 849
21 497
384 409
78 375
47 406
17 643
376 743
711 813
441 970
154 895
651 947
415 936
156 834
45 570
4 291
225 537
305 557
227 894
462 620
188 884
466 500
192 378
155 716
198 421
159 210
85 410
494 856
46 818
141 799
262 451
658 927
529 813
355 926
487 569
248 800
185 204
163 594
497 848
6 601
104 517
429 564
206 245
146 770
261 571
813 846
657 846
66 670
422 534
290 625
751 880
683 736
448 452
462 597
382 488
