1600 4000
767 1529
942 946
789 1391
601 1182
1081 1408
244 1534
835 853
1025 1186
501 1471
760 1087
1117 1214
134 688
604 655
587 1037
911 1113
286 702
808 1122
489 1579
27 801
1065 1577
100 702
140 1149
211 499
443 1014
1374 1470
236 1073
381 568
740 838
547 773
522 585
479 608
107 633
620 709
258 1325
818 1021
1070 1537
891 1355
1208 1257
88 955
531 970
422 1124
239 1311
18 1146
649 874
267 559
1181 1221
186 1478
157 1511
715 1152
203 1450
871 992
392 1502
557 784
573 1116
860 1390
311 893
509 963
197 769
784 1365
311 829
728 976
442 1399
61 573
532 1074
688 1085
1063 1306
90 1488
342 635
117 172
167 271
15 104
678 1061
73 1106
121 1537
771 1529
93 1027
208 1529
797 1583
370 966
345 1441
195 239
801 895
869 1078
880 1116
97 473
821 1366
241 1280
129 1586
184 621
725 1553
237 687
449 535
566 876
524 541
31 677
1312 1550
25 526
791 1006
19 972
532 1017
879 1273
259 1363
475 788
170 573
798 1565
1000 1424
101 1312
456 1468
245 750
80 641
352 778
98 256
681 1364
823 1002
518 811
1304 1413
645 1423
205 338
366 730
289 1150
195 894
115 1245
192 636
258 996
503 1020
413 506
381 488
52 1363
168 792
627 1302
221 1172
78 1433
132 548
720 1365
1097 1281
100 1306
23 1555
108 676
445 1551
43 1262
850 1302
1202 1225
917 1203
291 1524
390 495
254 526
151 485
986 1427
1074 1100
1325 1372
1075 1106
1289 1568
558 617
274 1135
139 429
8 23
300 686
39 1347
919 1107
131 1466
885 1188
123 1148
997 1335
606 759
729 1402
523 1301
619 790
574 1103
1251 1382
470 591
1417 1448
713 1353
197 290
729 1098
595 1258
199 1113
1207 1251
933 1561
757 1117
143 785
79 1267
1090 1343
554 1538
343 844
156 201
1173 1508
77 1473
1307 1453
693 1123
592 857
819 1203
125 1419
941 1238
365 1173
120 1133
260 881
560 1241
1157 1418
41 869
331 1110
473 753
499 1522
1050 1599
156 1394
1360 1544
325 852
767 1172
775 1195
621 959
4 1125
67 994
566 939
148 1029
366 1584
20 1055
37 996
290 1042
517 926
289 1480
604 1498
169 1217
277 1533
292 578
869 929
621 701
637 733
896 1492
333 1308
640 1315
1250 1290
73 281
45 309
364 1215
102 296
819 1172
1232 1574
622 1505
484 551
773 1431
8 1248
21 1400
1195 1233
683 1050
646 1010
921 1151
429 831
1023 1259
724 1324
494 1422
76 1390
538 1586
736 1464
796 1596
663 1161
583 1522
101 1118
411 1345
385 877
332 401
433 1584
914 941
50 784
947 1096
664 1047
893 1048
578 821
506 1206
1050 1511
1339 1361
622 692
983 1456
224 662
1296 1431
192 330
1410 1497
730 999
279 330
159 543
165 704
1021 1377
598 1138
443 923
735 1204
642 1376
556 1221
1388 1427
1073 1343
836 1007
791 1194
376 812
313 1291
713 1394
309 1027
61 1423
142 1087
1470 1544
692 881
296 806
7 1124
832 1205
683 1578
216 1334
66 933
732 1080
446 794
555 1453
137 1569
154 722
981 1483
635 1431
194 488
191 324
106 1524
444 743
695 1570
432 929
200 1031
334 925
704 1452
899 1081
881 1552
999 1587
176 1546
580 790
903 1190
1007 1498
6 517
180 1366
429 525
248 1248
385 612
337 1502
341 448
675 803
977 978
203 1421
356 667
1067 1339
1076 1156
240 897
195 1212
1168 1186
1340 1480
275 1434
858 993
1104 1502
457 1073
898 1146
732 793
200 1545
284 1390
42 1438
38 1218
60 1509
130 1513
215 1320
294 699
632 1065
15 1499
44 378
181 1402
388 1469
1208 1267
982 1099
610 677
828 1225
897 1177
171 447
732 1598
108 906
138 771
116 1570
1178 1541
26 1399
238 533
268 1597
543 989
618 1556
774 1155
358 1002
31 416
129 1426
423 1305
684 1110
870 1395
509 533
271 1162
683 1082
1236 1523
495 1181
1488 1551
1086 1495
246 904
644 717
1310 1362
660 767
1119 1580
288 446
348 1414
196 947
416 779
452 1566
368 387
1160 1523
439 1393
415 1435
799 1233
377 1138
572 686
623 1222
249 852
32 1400
598 1301
531 1278
1127 1297
328 1421
764 1345
362 739
575 770
409 1330
211 1204
761 1019
536 1465
712 1262
752 1544
591 1260
153 1147
1242 1552
160 336
292 1348
817 1515
803 1186
568 1464
166 305
682 741
1071 1507
606 981
417 818
825 952
842 1592
523 1275
370 1128
785 1476
287 502
235 1174
1254 1378
493 1575
634 822
574 1089
1094 1487
702 947
359 1040
137 155
580 1296
46 1554
360 1130
127 1395
954 1366
284 1487
306 1432
523 641
166 1276
755 1014
631 851
628 1416
118 1413
789 938
902 1111
214 1067
6 1167
810 1373
51 1548
72 992
156 254
88 1513
1275 1385
1052 1577
1004 1313
431 777
465 1580
554 1451
69 526
167 1033
311 563
901 1178
291 838
62 1219
2 261
137 1514
148 335
105 1223
287 624
201 398
1528 1562
207 997
807 820
415 1319
471 510
58 281
277 1564
217 1385
1091 1157
424 1024
804 1248
425 644
1018 1054
757 1539
295 1462
718 1160
517 1169
908 1594
1042 1070
920 934
1017 1179
557 1476
835 973
1170 1219
532 868
1388 1420
915 1538
508 1375
1344 1511
130 403
378 1295
27 990
781 1443
664 1350
356 705
990 1162
18 1415
1489 1576
401 1309
1545 1584
351 1595
77 258
1213 1223
486 1293
910 1320
42 1193
169 958
605 954
156 703
989 1055
826 1375
290 519
621 1327
680 1432
98 727
708 1525
319 727
650 1066
714 1285
46 823
47 1008
313 1191
152 708
145 367
266 395
344 1284
1203 1591
576 1405
766 1270
153 200
502 1516
707 759
968 1282
101 1548
565 1158
32 1252
74 1043
945 1569
110 1552
412 1581
299 1507
497 1032
139 973
892 1191
302 1180
159 350
1000 1450
110 1584
882 1111
785 1439
262 765
657 1540
268 1352
53 1338
231 1052
689 828
125 1166
19 1412
595 816
954 1383
807 1139
912 1386
715 1284
254 618
835 1040
378 974
548 1192
1080 1278
674 1406
30 1464
275 1380
1204 1462
117 1316
703 964
352 992
992 1476
186 426
934 1253
751 1067
1205 1593
171 1071
260 1408
73 379
70 1277
428 803
16 370
817 1062
615 1031
1041 1442
407 967
250 780
745 1380
433 439
205 1485
61 1095
206 914
179 515
62 1068
1524 1579
381 1164
665 1243
183 519
646 1276
415 853
776 1503
341 768
1525 1538
894 1219
445 1493
95 612
925 1494
1279 1595
613 1372
480 1045
409 1129
255 577
778 1463
654 801
654 1323
1430 1543
74 1489
616 743
1161 1595
161 210
54 925
190 700
420 784
142 572
1179 1465
415 1482
510 1127
462 1445
261 1042
548 826
282 742
786 1376
110 382
816 1085
404 582
1099 1600
636 1060
623 1586
426 1032
226 559
617 1008
1056 1150
464 849
236 374
1148 1581
515 590
67 1171
283 1013
703 1082
1333 1551
918 1162
457 796
348 654
1404 1442
361 1012
231 1331
569 967
228 1269
546 632
234 1107
405 701
218 1403
28 1098
102 516
580 1547
555 1269
626 1085
106 832
627 1506
1023 1408
272 815
536 672
1262 1573
83 261
949 1203
1245 1514
752 887
307 848
477 723
320 1400
522 786
296 1082
418 792
674 1123
855 1158
732 818
112 275
177 500
97 1440
316 1108
379 1059
124 169
559 1058
125 1276
184 754
1016 1546
243 1230
781 1476
770 1466
202 345
60 1475
885 1406
1384 1407
343 1019
105 255
1198 1226
671 1065
897 1039
381 659
586 839
656 1305
174 802
1142 1444
457 561
764 975
804 1382
1337 1387
48 878
611 711
1359 1495
175 1050
559 1199
322 1131
1087 1369
414 1404
45 1550
341 1563
213 1337
128 130
840 1329
47 740
866 998
499 1452
209 392
707 1459
670 940
186 1591
1328 1565
749 1294
8 1263
594 1406
448 584
255 349
115 575
458 1263
31 1391
267 827
465 1588
1174 1191
208 797
501 1149
29 1374
146 961
1257 1490
532 1248
78 1363
591 665
638 1294
410 942
633 1063
341 1242
124 1270
704 1352
841 846
665 1311
195 879
316 1239
465 481
1009 1456
466 921
426 818
400 1250
362 1005
185 1286
272 296
149 1227
961 1219
801 822
122 840
581 1042
349 456
144 404
979 1514
152 824
173 387
36 876
329 384
1075 1228
878 886
49 278
725 1081
162 412
726 1246
253 1436
685 730
1213 1419
230 509
1355 1579
125 1563
304 663
435 952
1417 1524
383 956
56 1180
156 431
474 573
678 907
485 795
12 1034
729 933
600 964
293 1561
299 987
883 1318
1344 1362
348 988
162 407
91 1267
989 1565
601 1191
641 1426
5 1307
1015 1163
1277 1533
507 1520
6 1334
1351 1399
237 1369
574 939
403 1397
470 1082
314 993
851 880
334 1339
1471 1536
419 855
174 903
133 886
185 1255
64 463
2 1107
778 1447
1103 1193
116 796
1479 1560
257 390
603 1416
813 1181
968 985
103 173
354 923
315 727
624 1071
2 734
1435 1508
1268 1370
685 1055
136 208
1208 1455
187 1295
839 1472
491 1416
273 595
62 314
264 1257
243 609
360 594
692 840
126 1117
518 1322
88 228
431 521
263 1593
822 1389
302 936
1263 1357
648 988
316 317
358 1272
1119 1375
427 545
155 895
373 518
260 562
85 314
407 602
432 1150
180 1066
1421 1511
801 1541
1135 1459
1080 1258
651 998
564 782
872 1252
49 857
248 624
236 1268
398 505
602 1184
113 980
359 1016
163 505
33 1577
861 1379
1327 1441
603 1127
390 776
1008 1168
1319 1505
1374 1550
214 416
402 889
272 1348
282 999
181 1154
107 299
141 1074
12 695
992 1332
1029 1246
318 1072
843 1504
366 1381
363 845
648 1492
39 1092
38 1388
24 764
1344 1369
117 240
815 1162
1031 1128
324 442
238 948
858 1153
1116 1343
647 755
121 769
1474 1591
1015 1208
371 905
147 503
1323 1511
364 1183
112 681
807 1229
469 1133
586 950
850 939
598 1585
298 510
877 1344
313 1264
438 1213
500 1053
304 547
714 1424
248 1389
207 1215
1019 1590
592 1101
1479 1574
519 626
301 908
43 1027
179 1471
285 977
180 756
489 1573
625 1360
564 1588
550 1209
652 862
132 729
383 483
242 479
297 1051
810 1213
71 719
22 394
344 1370
371 691
212 1548
1193 1571
783 922
1025 1377
507 809
1069 1527
1392 1582
370 660
619 833
677 1467
442 1246
639 1517
224 1210
165 586
1258 1475
602 722
142 1131
819 1234
81 375
1020 1319
1423 1562
349 471
957 1477
72 223
222 1528
161 1588
393 1028
1055 1414
413 723
68 1296
1273 1555
639 1051
513 1560
269 1059
1024 1290
825 917
107 1041
89 964
542 1437
335 1600
613 804
84 995
5 335
103 993
565 861
641 745
399 1486
1251 1461
950 1541
562 1578
596 728
527 718
423 1447
106 672
387 884
126 1560
20 349
1039 1185
1044 1469
956 991
1009 1367
463 1574
195 462
396 1166
7 1062
406 967
139 1157
223 1467
155 1170
268 1488
904 1196
113 867
105 1108
616 849
1 1392
32 791
853 991
806 856
611 1599
73 1532
11 847
24 451
669 1505
877 1600
569 1555
599 901
870 1313
481 1356
128 1101
1003 1205
993 1084
1230 1530
1238 1275
968 1393
19 764
557 585
349 1132
84 1578
2 132
137 1091
1106 1330
544 709
176 219
8 209
229 1400
285 1349
696 710
130 903
972 1059
842 1347
2 452
33 456
245 906
276 1336
64 1095
340 962
835 1446
84 1352
616 1175
95 1340
46 521
16 303
253 793
1507 1564
1474 1494
903 1232
221 872
35 1546
875 900
814 1496
335 940
267 1298
484 923
421 1315
408 1200
1254 1397
476 1360
1122 1211
526 799
1164 1466
694 699
581 967
256 1060
758 798
433 624
583 1139
94 1358
551 793
1185 1439
181 649
316 1287
545 949
497 1284
391 1449
143 223
951 1459
1270 1409
794 1159
192 531
884 1191
587 1247
251 1173
303 472
34 680
951 1492
1149 1536
78 675
134 1067
483 1123
92 352
583 894
590 683
10 1271
135 1222
301 310
167 255
103 1137
668 978
1113 1202
216 457
1100 1455
245 904
507 580
173 780
362 1463
310 664
1240 1522
768 1257
512 981
30 1282
37 1543
638 871
847 1169
25 285
698 1218
824 882
551 1272
437 825
305 332
342 776
153 182
67 650
894 1231
25 503
359 498
1559 1560
367 1410
1113 1355
848 1135
13 430
355 700
1011 1509
108 1204
280 326
298 974
694 1573
814 1585
279 1248
333 851
1004 1526
737 790
697 1001
406 1006
578 1589
103 110
6 1525
990 1170
446 1498
804 810
90 1124
577 778
44 1112
1048 1108
414 724
251 1571
70 1268
243 1535
1140 1209
593 1223
539 540
739 1025
32 823
1440 1584
112 1174
319 1356
1006 1105
570 656
24 1001
1425 1451
119 1038
1127 1392
89 542
94 1169
851 907
253 1249
362 649
194 409
526 952
1075 1331
802 1587
161 1234
448 841
773 1271
888 919
83 1518
1013 1125
147 1596
239 657
613 1193
451 607
917 1570
139 380
484 1538
332 931
345 1600
651 1112
21 190
279 1213
403 1265
1111 1350
180 1543
753 1207
45 391
233 747
40 1568
80 1205
955 966
246 800
710 888
541 1209
416 838
42 1239
77 734
421 937
1376 1441
892 1446
88 222
154 212
1521 1558
858 1413
919 1220
28 1094
398 1418
826 1491
416 733
1100 1405
1076 1085
41 840
538 1097
869 1494
1167 1174
667 1143
504 1371
535 1143
154 205
524 752
442 482
722 928
224 1272
1044 1126
746 834
1348 1505
123 673
787 1409
144 926
596 1341
336 1046
1032 1473
471 940
402 956
173 849
92 1428
347 916
1094 1220
265 695
644 745
118 1484
530 1532
1226 1457
352 393
487 786
1249 1573
607 1096
24 133
696 1091
974 1280
217 743
266 587
480 1411
424 571
1160 1417
555 656
866 1427
68 115
1495 1574
1358 1531
415 1115
763 1527
612 640
843 1188
152 730
1110 1409
720 1077
762 867
337 1286
1192 1290
185 576
628 802
1045 1286
114 1478
31 1324
387 1389
528 1066
1339 1485
65 1120
102 1503
543 972
604 1092
3 401
201 1471
170 816
829 975
951 1357
832 1482
437 1468
286 1337
491 1479
1007 1175
219 852
408 1477
140 1582
48 908
569 1162
1002 1557
225 1591
1083 1130
901 1330
1015 1354
726 1382
820 1169
580 1077
100 923
432 1456
625 1255
385 1412
71 346
226 434
20 1590
589 1461
468 1030
339 658
372 1600
927 1386
782 927
1095 1417
60 428
1370 1398
27 302
445 502
478 596
754 1446
642 1422
375 1492
22 1145
58 963
1126 1470
118 494
535 743
459 462
669 721
868 1273
53 244
930 1373
854 1419
1049 1111
1056 1412
841 995
323 707
147 1153
207 1336
1227 1598
748 1336
124 384
23 209
386 1005
39 905
274 310
1142 1422
317 1364
734 1190
373 1047
1260 1270
1384 1509
1390 1406
57 1333
435 1164
182 1461
54 1448
392 1230
589 1575
913 1123
126 1068
691 1335
63 299
218 240
968 1395
469 1121
132 343
365 1433
634 1434
12 512
1072 1241
926 1220
213 984
282 1129
562 566
177 342
911 1327
544 668
158 1029
168 588
1166 1392
229 1308
238 747
429 761
36 422
128 401
1000 1321
64 1380
473 1247
361 851
960 1250
867 1520
1060 1233
13 571
861 1319
1284 1549
68 893
649 722
65 237
726 1389
736 1316
827 1500
1102 1152
106 972
395 1349
983 1140
278 1342
472 798
705 1465
177 1477
270 755
433 1262
410 1242
922 1473
474 929
122 1144
542 1307
54 67
888 1345
434 1495
895 1138
1024 1099
1333 1355
99 1079
3 220
204 477
518 592
537 1210
759 1568
1121 1131
1007 1052
589 1137
149 529
1175 1212
184 611
667 830
1488 1586
701 878
420 873
440 537
537 1498
1221 1442
442 1329
1127 1190
244 546
348 1331
26 1001
675 831
221 857
76 468
150 1336
704 1455
882 1458
154 1206
463 1356
570 1539
204 1117
1183 1542
10 525
4 413
1319 1582
140 732
68 1446
1057 1443
183 266
600 1444
420 1349
1041 1402
264 775
466 1383
118 600
394 620
93 708
79 736
395 1096
36 1434
206 390
1130 1553
292 910
650 1175
144 543
563 886
1161 1428
1342 1539
1088 1195
844 1441
1044 1285
411 813
821 1310
633 975
280 1415
141 1134
1058 1535
1025 1450
1296 1444
331 633
304 1364
872 1287
267 413
509 806
897 994
421 1266
448 1183
461 738
527 1532
546 1424
249 317
515 1097
621 1101
288 1361
589 1465
281 1233
827 1548
126 1217
56 1252
1098 1243
1469 1516
539 1528
620 1467
16 90
1197 1201
710 1214
449 775
659 965
530 1281
711 1557
614 1316
1189 1305
620 1184
318 788
163 278
64 573
1234 1480
591 1429
544 930
497 721
364 908
1037 1108
101 637
260 638
1281 1481
175 179
212 1172
228 759
511 701
466 1402
380 1333
226 1237
386 579
144 508
447 1285
324 376
789 1485
606 1136
508 1407
192 1560
734 963
985 987
754 1317
417 983
731 1517
834 1189
1061 1410
492 646
454 1552
600 1342
18 105
455 1040
330 760
491 505
572 601
973 1499
53 740
786 1093
594 1580
1086 1479
146 590
656 1300
338 659
467 1445
494 705
1058 1415
315 1444
419 1086
321 633
6 247
189 654
582 808
170 321
576 1486
135 936
60 188
321 1293
226 1259
187 327
1065 1381
89 1211
490 1225
762 1024
833 854
920 1329
639 1340
91 1236
174 1564
351 1382
996 1512
758 1144
540 1153
817 1064
87 155
475 1512
238 1347
575 695
328 1026
470 1185
122 906
849 923
1005 1120
59 1113
689 1497
236 371
658 772
546 641
371 671
466 521
830 1283
396 1216
139 659
63 837
41 1274
438 1155
465 807
733 1539
312 423
916 1144
23 459
286 1014
11 1129
531 1340
561 670
120 1381
82 1503
798 1235
36 1043
763 1204
22 467
957 1260
72 651
82 460
438 516
269 530
280 1479
7 145
142 1410
303 1114
795 1209
183 1274
418 767
278 558
223 548
350 1078
417 813
217 1477
924 1165
423 679
214 1093
207 1057
1059 1216
312 1090
9 1506
145 1298
514 1292
59 113
1244 1454
237 703
410 907
377 1159
1003 1265
1078 1572
1089 1218
33 398
963 1398
1259 1583
363 1521
1165 1291
552 1210
79 187
1034 1125
486 1022
750 937
93 786
235 1158
58 1178
389 859
372 712
276 280
615 873
881 1527
363 1426
706 788
1039 1040
119 1576
559 737
670 1134
369 967
136 912
1054 1567
476 780
38 1216
518 1318
216 1540
692 1295
512 1482
219 910
1163 1165
672 1485
196 1519
25 751
1377 1580
216 1353
1257 1260
505 1147
40 1117
174 1292
99 253
443 1563
756 1317
401 1552
959 1556
9 1462
479 1535
805 1421
475 715
588 896
127 829
369 1334
63 882
702 1115
70 1226
222 554
142 454
595 1079
1200 1276
347 742
151 643
1064 1359
384 863
461 888
793 1043
252 1491
251 857
1255 1494
343 1292
1379 1435
241 1501
392 1003
308 1049
63 1339
202 1349
383 495
9 1278
824 1167
113 660
1259 1318
451 1261
308 361
307 1562
581 846
62 263
186 610
1355 1592
1383 1474
127 1328
277 1253
1520 1551
594 1574
1045 1220
76 282
627 944
37 1482
1143 1352
326 568
61 1029
1393 1414
204 877
478 1177
198 635
225 1363
675 863
761 1156
7 1247
887 1526
741 905
653 1533
87 1171
111 1582
199 533
718 769
300 579
824 1556
748 756
1394 1545
317 953
698 938
1326 1568
124 1197
410 545
533 1078
334 1112
699 1091
111 215
800 1367
162 1421
1104 1587
262 461
796 1170
176 1329
105 1228
34 164
314 706
202 1407
430 970
256 1168
252 1290
333 443
450 1308
374 437
632 1335
792 1537
790 1054
921 1088
1036 1585
771 1289
49 445
38 119
669 1306
1109 1550
109 600
69 206
667 1478
407 914
969 1321
188 1137
227 1130
293 692
467 1279
718 1570
1133 1329
527 569
1060 1101
803 1519
602 864
129 775
221 824
193 1033
482 584
470 841
308 597
96 1012
1214 1448
26 684
514 1187
688 1389
396 549
454 1128
298 1240
874 1506
913 1331
166 952
687 1284
275 469
1234 1588
794 1206
214 927
777 1554
630 1561
945 1221
1320 1328
232 1176
714 891
630 1439
303 459
402 930
862 1516
1245 1365
655 935
127 1508
178 1053
104 813
337 782
975 1279
815 1056
841 994
291 839
1026 1147
30 1327
132 344
59 374
55 629
288 1269
411 1517
919 941
290 1181
335 345
397 736
259 1171
469 1023
47 598
336 699
661 1582
738 914
318 1572
219 560
844 873
1048 1322
339 1290
325 1214
458 1210
948 1370
811 926
365 1157
473 1081
77 737
812 1410
232 944
100 111
333 1052
242 820
295 1422
679 751
18 724
361 1009
866 1172
54 178
460 594
1231 1474
408 1557
143 477
198 836
75 1575
309 1422
111 741
35 921
650 1039
710 1459
96 1426
795 1344
86 628
1057 1148
1182 1335
855 1373
287 1105
233 1120
475 1453
706 1558
856 1207
427 1523
865 1510
657 862
766 1517
369 1547
96 538
183 1049
713 1251
1114 1439
1017 1361
622 1461
1157 1520
962 1223
570 1483
259 1226
353 626
1054 1313
508 876
316 1121
48 713
159 1139
938 1514
11 539
163 1220
499 1455
383 698
1008 1153
504 928
511 542
436 942
1074 1436
263 1368
247 1549
81 934
745 1542
814 1181
469 866
229 845
150 468
220 441
131 1430
218 1373
618 1136
571 955
492 1428
934 1149
878 965
14 1287
720 1249
659 951
758 1463
1387 1468
1141 1368
309 767
71 1103
439 1532
832 1423
367 443
24 864
766 1120
498 803
257 812
363 739
260 770
1216 1470
70 1398
547 922
610 927
313 863
1182 1403
9 874
40 1599
444 987
79 1426
630 1388
90 1386
291 929
251 1450
188 1474
697 711
795 1592
81 943
485 1299
905 1020
220 563
724 805
248 631
1334 1536
557 1012
230 1528
47 584
255 1112
815 1566
703 1126
51 1201
626 1354
637 1217
696 781
72 98
80 919
865 944
1327 1596
820 896
243 355
123 871
525 712
700 1358
593 1023
642 1354
90 643
1200 1351
66 978
522 1255
613 661
553 654
87 356
306 909
896 1567
72 1487
1359 1470
961 1483
197 614
441 1285
811 1361
322 344
172 632
631 1411
267 1452
21 1069
76 1167
1132 1478
914 949
748 1484
276 854
550 1435
1406 1499
109 438
240 664
11 1212
178 991
1114 1310
506 812
176 1054
89 1589
40 1273
1369 1401
797 1199
55 722
1244 1525
772 955
340 1504
190 809
867 1447
179 190
1124 1341
774 1379
15 1037
460 592
1438 1449
976 1455
804 1424
102 859
973 1118
691 1497
425 1311
270 1326
1231 1540
1196 1228
246 1434
1502 1535
266 839
1 724
984 1572
1391 1571
83 1232
1282 1451
1185 1578
320 611
1264 1415
520 1456
1071 1354
1010 1594
995 1405
1176 1211
730 1011
622 1030
561 1316
165 939
516 844
366 1088
175 806
462 826
582 1433
488 1594
34 1458
581 1271
537 1348
1033 1141
953 990
1002 1206
365 524
357 1429
673 1469
1041 1315
1115 1579
534 970
58 455
231 1357
753 778
397 924
361 828
1151 1558
150 346
614 1221
1020 1292
886 1452
198 447
701 1481
395 1235
450 1350
126 556
499 960
110 1125
242 605
605 691
50 491
51 980
900 1254
179 768
482 698
670 1321
729 758
920 1596
171 1364
177 840
756 1150
465 618
746 943
43 92
304 1325
497 1294
1227 1446
325 1089
788 1420
466 549
527 1271
640 1266
717 1472
184 915
16 391
1201 1346
577 898
1326 1501
1333 1486
66 225
467 553
1324 1330
1103 1450
182 1554
1187 1512
112 757
344 408
96 513
642 832
456 1583
206 890
134 1212
13 507
746 998
976 1085
666 1224
496 1238
779 860
896 1205
279 1315
455 663
837 879
452 1405
1084 1371
971 1462
661 1372
57 320
360 1105
655 1124
752 1332
1046 1320
705 883
762 1275
405 1005
763 1449
46 863
891 1437
1472 1492
1373 1378
1040 1079
221 860
135 1460
403 1154
731 979
268 1012
88 569
48 1396
319 932
34 850
414 1062
169 1224
765 1084
1437 1563
50 551
13 1318
233 827
3 794
55 797
197 240
228 1163
265 435
85 636
673 1350
581 805
340 1468
181 826
1103 1509
910 1092
523 943
82 476
737 996
417 985
552 934
1533 1547
679 1371
201 558
196 1300
5 328
482 1335
150 1429
1083 1183
932 1141
1546 1553
1556 1598
496 1244
1033 1369
834 1132
271 685
430 471
146 774
690 739
549 865
261 300
98 501
743 1340
453 966
718 1298
943 1462
488 988
556 958
1265 1376
263 1178
412 1088
1264 1427
1193 1195
441 875
50 766
43 1380
4 928
427 1072
17 478
337 1521
434 1252
64 215
448 1296
438 440
1087 1159
211 951
375 435
828 949
301 1102
424 554
431 1011
284 386
227 297
647 695
351 1017
75 97
915 921
678 1408
367 647
14 326
29 1338
312 1544
333 912
138 1006
16 541
441 623
584 755
1176 1507
158 1371
153 1044
301 1199
567 1519
1074 1129
140 1176
202 299
42 210
474 1457
1111 1186
264 265
754 808
383 1314
57 945
686 1434
269 639
41 418
269 397
678 1024
202 374
687 868
71 440
716 1269
158 1265
865 1086
210 1254
241 1530
259 553
487 1457
513 712
331 1179
545 1268
765 1171
14 723
897 981
449 582
986 1506
262 312
947 1128
358 810
40 1325
426 1128
230 1291
467 719
1131 1256
652 1232
55 1549
1405 1569
887 1015
779 1187
504 636
1326 1385
97 430
161 980
393 917
652 1526
977 1336
548 1215
123 1432
768 1035
1417 1571
172 1143
249 725
20 752
271 1012
588 941
289 835
1358 1430
1140 1379
48 323
946 1384
690 1095
769 1324
744 989
510 891
119 302
869 902
460 1313
213 1182
342 1035
462 1104
977 1384
1325 1531
303 1394
857 1280
831 1411
1294 1558
953 986
308 651
307 847
674 1303
563 984
560 957
933 1281
165 1304
338 1362
762 837
1418 1493
152 1218
853 1420
295 1577
519 557
749 1021
1370 1545
189 1053
372 396
432 1566
186 1555
358 846
167 1138
323 1143
369 680
1341 1556
1362 1534
644 833
517 777
262 1243
86 149
750 1380
59 570
969 1473
498 1532
270 1184
771 1315
612 1077
256 1302
614 694
322 399
377 1032
262 959
369 839
585 1145
135 1147
270 1210
96 218
355 970
400 906
831 1119
1280 1440
404 534
1230 1543
598 884
597 676
15 1330
29 343
456 834
744 848
161 338
285 1363
56 229
476 889
4 380
292 1501
716 776
858 1266
497 1017
1235 1375
141 764
261 1161
10 30
599 1069
227 845
847 1598
1399 1522
449 822
25 604
529 738
51 761
725 1305
590 727
981 1332
504 875
971 1144
590 719
1019 1187
427 1051
1348 1359
209 412
989 1203
337 1283
658 911
251 1044
662 1070
115 941
566 1461
283 494
196 521
720 875
681 948
501 1347
708 1519
397 820
112 1228
672 888
647 1572
753 890
43 1238
379 1271
391 1447
949 1098
704 1046
224 1323
104 593
168 662
1084 1089
81 1083
197 984
155 773
1318 1435
187 1425
166 1564
400 1233
666 1198
884 900
537 1153
419 1581
508 1374
795 1404
116 525
453 880
1382 1451
86 1047
1158 1554
249 390
208 867
148 956
327 1247
284 907
447 1438
512 1264
37 1211
359 1487
250 528
406 492
265 587
1097 1372
382 1411
436 1428
511 1197
1507 1526
480 540
37 816
1034 1490
843 1581
1134 1352
1034 1303
50 1243
1109 1397
965 1566
669 1121
286 749
42 1004
193 1229
378 464
234 837
706 1451
604 653
17 294
751 1145
434 655
246 1351
325 885
305 1177
1168 1407
1068 1207
405 487
46 749
332 1346
47 1018
307 687
564 1309
374 399
1099 1433
317 1555
122 930
114 143
235 273
696 915
216 463
503 705
1036 1473
1064 1510
935 1058
199 859
928 1453
242 470
1148 1519
1199 1359
1092 1106
887 1439
750 904
627 873
1036 1267
1165 1323
19 943
950 1246
305 1295
631 689
565 1066
693 728
227 763
686 1494
617 739
1094 1531
541 662
588 708
643 713
976 1151
870 1095
455 459
264 426
471 871
315 1326
689 1227
899 960
222 1101
697 1379
638 1236
194 1598
982 1361
549 1395
35 403
174 1438
116 328
607 807
148 1436
1156 1477
493 1039
503 1196
1136 1145
506 1338
1265 1493
819 1398
65 665
408 1223
315 353
1045 1550
483 975
21 1046
938 987
95 1026
1061 1458
193 254
389 684
376 380
331 854
306 404
389 1309
382 1140
250 276
259 1035
185 1164
220 1387
39 779
285 1396
907 1022
493 1386
498 1120
249 329
741 1217
99 157
250 1495
520 1132
719 727
1357 1399
391 854
94 1178
587 1321
632 1553
65 726
1287 1288
265 472
356 1004
79 920
400 1310
660 1401
582 1504
530 1219
159 738
93 1000
744 1194
511 579
168 1196
457 744
910 945
200 1504
608 809
271 562
483 1009
228 1240
576 611
80 198
1173 1542
311 1242
586 1029
140 782
1280 1407
424 1087
1037 1543
58 386
1014 1077
1184 1575
599 1533
931 1286
753 812
626 1105
256 1188
1072 1414
70 746
203 962
362 855
274 1309
84 1188
194 595
238 690
319 682
925 993
85 1229
577 717
1141 1499
674 1299
150 783
433 1429
792 978
1230 1513
1239 1540
916 1332
1241 1324
422 1386
153 1260
583 1425
673 908
736 1418
207 210
39 1258
44 982
258 1303
170 191
685 935
411 1367
288 836
148 766
281 1415
386 953
109 814
1006 1534
870 1307
1345 1516
461 690
73 982
468 972
234 460
373 1491
14 741
220 1430
1414 1432
229 1597
29 56
189 231
528 913
38 535
83 272
1307 1471
99 189
472 490
802 838
129 521
160 1188
709 890
609 1483
1194 1197
1118 1240
892 1129
584 1567
22 1042
279 1337
364 411
911 1545
1080 1090
239 1597
248 432
653 1156
856 1135
1401 1510
436 1163
474 1537
947 1312
1118 1595
747 1019
898 1523
211 1397
163 1529
242 313
769 800
1155 1300
1064 1460
350 605
1256 1493
596 799
640 938
219 645
213 567
643 1253
570 861
830 1059
553 845
572 638
605 856
398 783
770 1227
107 1530
1250 1530
121 597
52 164
1122 1224
224 864
883 889
252 731
450 1060
1243 1390
1187 1215
292 1156
181 966
774 1508
446 1067
877 1201
1241 1317
1281 1513
616 1567
624 1134
184 1241
670 937
114 1377
169 1288
270 1515
87 1485
420 1403
545 1253
10 1010
1091 1182
338 1121
721 958
454 514
585 1489
429 1362
754 1297
602 787
193 988
434 1575
182 376
712 1138
680 700
138 1500
555 940
506 918
649 651
322 846
189 1590
861 1237
305 564
274 1593
1026 1331
28 484
268 1529
690 1026
1163 1314
969 1000
327 1053
528 623
95 760
721 1316
942 1049
82 1302
287 1018
563 1428
388 546
291 1395
1072 1401
553 1133
29 1200
381 980
69 502
785 1038
483 912
166 1590
423 485
561 1239
113 325
392 1357
183 629
1274 1521
723 1198
944 1256
522 931
74 1106
232 1482
1342 1589
247 1083
33 663
89 1261
1122 1508
334 1010
233 883
745 1557
351 1440
862 1460
347 1505
128 889
133 637
822 1542
715 1299
963 1030
171 978
520 996
1283 1383
520 1368
643 1160
357 372
1383 1579
280 1311
544 791
757 1049
1038 1484
80 991
1190 1226
672 1488
11 552
1161 1202
492 776
1353 1388
54 740
494 1403
85 833
1349 1418
91 847
428 474
1077 1304
379 1496
681 1305
927 1207
583 648
1346 1467
913 1166
77 1277
974 1097
81 1518
236 1255
501 1056
400 844
410 899
720 1306
1154 1419
135 1119
225 481
811 817
709 1237
3 800
437 748
356 999
560 666
199 1317
717 1295
607 771
536 952
615 1174
293 507
1146 1368
813 1093
182 939
814 1279
879 1185
817 1141
490 1309
314 1126
451 699
1043 1292
1303 1534
149 1102
160 354
22 1119
757 1475
628 1454
244 395
452 1158
430 759
668 1222
347 520
742 990
648 946
1076 1464
487 1196
1301 1554
555 1456
1140 1263
523 577
924 1501
1306 1454
45 737
547 1293
190 1291
849 1595
568 876
495 716
481 853
567 1232
125 866
95 510
86 1286
133 222
196 862
278 653
394 1038
18 274
1100 1496
693 1282
421 780
472 1102
353 488
230 406
634 1003
664 1522
424 1028
1177 1585
922 1126
134 385
787 1018
372 382
490 843
714 1367
350 547
525 986
1168 1282
53 1458
35 905
1562 1597
15 673
288 891
264 1526
346 1527
26 1206
957 1002
676 1036
450 1159
203 809
399 1411
1338 1372
940 1224
787 1358
208 527
1028 1520
871 1139
94 936
143 1345
538 599
971 1293
574 892
536 785
330 452
1094 1577
422 1180
961 1035
108 1148
765 1032
950 1198
749 836
71 1013
102 1528
241 277
630 1518
141 375
355 529
136 860
99 1504
1278 1599
60 1152
393 761
666 1130
1291 1438
294 1565
793 1155
1425 1576
44 707
1041 1409
56 1209
336 1571
154 837
504 1167
1108 1536
999 1534
152 1164
30 925
341 1398
250 688
428 1152
477 805
1048 1424
108 634
676 932
1 1443
898 1549
436 948
645 890
882 1279
5 607
34 1061
1229 1351
36 550
151 684
437 635
164 1150
630 860
289 1445
686 902
987 1516
486 1151
359 608
1442 1448
628 1559
447 799
1043 1441
384 1146
1007 1093
26 320
439 1368
449 512
964 1010
1287 1517
748 1535
661 995
588 1057
4 1020
788 935
1062 1502
187 237
388 1490
834 894
61 1371
1464 1509
214 320
709 715
402 491
104 932
1313 1378
516 1531
902 1549
791 1570
865 976
1107 1512
204 461
878 1033
141 458
567 1525
818 1489
650 1052
1145 1259
1079 1585
364 783
7 1249
453 747
191 1591
593 763
674 991
1165 1231
191 772
12 928
92 1277
1 564
1051 1427
644 1599
1090 1214
297 1381
710 974
781 1154
101 683
1115 1481
893 1463
378 1202
458 1409
636 828
811 1548
609 1527
615 794
8 606
160 289
935 954
87 446
513 980
755 1201
1258 1457
78 1567
1075 1298
576 645
232 895
188 797
1076 1192
646 1004
59 297
157 1353
680 1391
589 1396
946 1269
106 137
340 1109
323 728
276 669
191 532
979 1256
373 657
193 319
245 917
145 618
487 850
389 903
247 950
287 961
192 1391
995 1242
1195 1419
936 960
586 1583
358 1514
901 1367
543 929
414 1022
172 760
27 1107
205 831
1183 1587
296 1472
293 920
1408 1588
900 983
368 926
17 365
931 1465
394 823
536 783
1437 1565
14 1521
1360 1512
836 962
1021 1423
294 1513
217 283
608 1322
544 1493
17 1436
1375 1457
1491 1580
802 1228
1069 1378
566 1364
360 868
188 746
273 1447
479 1384
393 1031
717 1222
33 326
827 1079
848 937
107 1381
693 918
1235 1312
1503 1506
716 1104
200 324
642 1480
524 789
660 687
619 1166
792 1236
28 579
324 933
1034 1385
1075 1237
157 1515
203 509
257 936
912 1144
453 1112
625 808
20 1216
473 965
514 562
62 859
1176 1454
476 1443
130 294
266 1448
1212 1515
257 979
1250 1559
100 863
1430 1544
538 846
117 417
406 1299
133 514
1487 1563
283 918
97 517
535 1136
1311 1559
164 342
65 880
463 1261
425 671
336 1463
985 1084
542 631
768 1086
702 1149
121 787
1496 1510
366 969
122 428
371 1392
1403 1440
300 1425
997 1189
893 1347
360 1151
123 1518
1460 1476
354 1346
158 678
157 1047
909 1360
115 357
833 1068
425 973
298 1098
698 1244
714 1475
13 1249
83 1568
1197 1274
777 1541
308 397
436 658
496 733
1064 1070
419 946
49 348
619 970
119 603
677 1215
418 889
376 1288
911 1356
339 825
502 1278
53 540
1562 1586
540 932
295 1302
331 1082
116 212
662 872
728 1442
623 1189
86 549
225 1304
396 1208
146 693
120 1186
66 1139
85 561
239 909
1374 1589
515 890
205 293
956 1275
721 1540
575 616
848 1547
51 1524
1297 1412
924 1518
957 1481
204 671
1015 1142
578 774
68 875
407 1146
146 726
1283 1298
477 1475
176 459
273 368
986 1431
798 1016
131 760
363 1443
67 942
671 707
500 883
301 327
608 1252
367 887
1323 1387
856 1273
175 1137
253 1047
322 1246
1180 1561
458 486
681 955
124 1551
27 958
232 747
799 1134
173 740
210 565
329 454
1452 1566
272 830
227 310
134 1110
480 1297
12 668
958 1008
884 1256
475 1171
591 622
307 790
435 1558
1342 1460
170 217
916 1100
892 1102
147 478
614 1402
382 384
829 879
1057 1490
74 1312
796 964
131 872
98 1501
489 524
1235 1240
414 1416
603 1592
346 379
421 1063
675 1046
830 1021
983 1578
131 1346
121 1396
309 353
1484 1536
874 1016
168 647
117 842
603 954
496 1063
571 781
1114 1285
971 1416
1239 1245
201 684
230 1076
114 485
988 1159
354 735
167 550
585 1251
805 1500
609 661
1328 1432
533 1481
838 1061
481 599
162 1308
353 552
1080 1454
321 1001
899 1393
420 1366
750 1472
92 380
84 1334
1025 1289
968 1400
1023 1062
1353 1559
723 821
629 666
252 1133
257 402
784 944
773 1314
1065 1420
315 734
178 1587
277 297
312 868
556 1393
1058 1192
1 480
899 1237
689 979
136 634
419 1152
206 496
765 1050
1125 1293
694 1276
1018 1547
418 500
298 691
845 1131
35 500
1394 1594
94 1500
1490 1593
368 1268
482 1466
655 937
370 677
23 1294
772 1420
218 1180
1027 1541
31 1090
373 1530
114 1300
128 810
619 994
733 918
806 1289
74 1022
539 1486
484 731
212 1035
243 1277
779 1244
45 91
539 1468
1003 1147
1266 1283
445 1218
164 953
247 377
694 1589
1045 1194
385 450
175 1542
76 627
144 511
440 1308
1192 1444
971 1028
49 1027
1263 1272
808 1099
731 1038
1437 1553
716 945
756 1469
668 1254
234 1354
1154 1572
321 1594
922 965
1177 1459
388 1114
1053 1303
930 1037
235 617
304 725
960 1116
493 1320
685 1491
120 985
180 1030
52 682
409 1202
145 711
464 615
75 782
541 1531
339 1136
679 1436
635 982
69 78
258 1404
389 1429
346 1179
1005 1224
1123 1583
1088 1270
302 1332
825 1234
696 1096
629 1225
440 735
609 1036
44 215
478 1070
1068 1401
330 1453
129 1466
159 515
800 1267
556 1537
332 486
311 1338
998 1011
334 823
52 1288
1028 1142
455 909
1016 1499
318 900
178 284
1412 1576
1071 1404
772 1341
601 1247
915 1238
444 1314
1073 1253
1132 1217
1122 1483
697 758
57 464
809 916
138 275
575 1365
665 1557
1105 1538
185 1198
91 1225
505 572
552 1261
235 1356
103 171
1413 1484
269 534
69 323
444 1083
194 620
147 529
1063 1245
231 1137
57 653
885 1576
387 775
656 870
1190 1199
735 829
19 852
880 1343
444 1500
306 901
163 1211
639 1314
241 1486
913 1337
41 700
751 1093
300 1236
780 852
66 1321
551 1200
842 1510
409 895
75 1387
529 597
1397 1489
711 1073
1366 1561
998 1322
522 1069
405 1001
357 646
306 1539
198 1593
610 658
550 1109
28 1581
290 924
340 1301
32 213
234 1433
994 1089
211 738
177 329
864 1173
286 948
327 1116
645 1322
770 1274
151 1496
648 1497
1288 1569
394 1229
874 1109
21 652
245 427
104 789
596 843
162 165
565 1413
606 977
326 1272
120 172
567 1189
640 816
906 1014
1396 1597
815 1304
10 495
530 534
226 601
571 676
425 885
405 1055
453 1546
233 1378
682 1351
554 1013
1009 1048
637 1013
625 1498
413 1458
858 864
149 904
282 1497
489 534
706 1184
431 1194
310 1011
52 347
63 966
663 1365
1115 1515
997 1175
244 1118
657 969
489 667
498 762
388 1231
111 528
281 617
422 682
151 613
697 959
295 1449
468 492
451 560
744 902
246 1160
597 876
610 1262
997 1066
493 519
82 1051
350 354
558 688
351 516
158 1110
127 345
574 1467
578 593
375 735
263 328
441 513
9 679
1445 1573
404 959
1341 1350
138 490
209 329
612 1376
273 850
109 1022
377 1297
17 886
412 579
109 909
368 1135
777 1503
352 842
873 1170
1096 1445
742 881
357 859
3 1078
223 464
439 1343
215 742
254 399
75 1142
931 1478
629 1317
136 355
5 1590
318 625
1289 1300
568 1480
1081 1266
821 1264
855 1431
719 1310
160 1328
1056 1449
984 1261
1377 1523
339 1385
479 1299
819 1569
118 1104
252 1301
531 1592
962 1564
898 1155
1030 1179
558 1169
55 592
1031 1222
93 652
199 1092
283 1596
