741 550
203 266
355 391
492 616
423 544
205 294
588 602
520 696
53 178
144 436
77 108
136 194
160 399
18 733
206 375
56 350
5 223
56 597
34 695
138 267
517 672
600 688
249 363
482 723
101 632
352 452
192 323
266 699
488 721
284 317
118 532
142 660
284 335
446 495
258 444
315 411
297 372
272 635
92 250
277 323
107 409
66 130
49 59
417 553
363 591
54 659
311 571
26 695
261 332
33 712
538 726
229 367
156 401
125 157
121 303
324 375
166 692
280 296
321 724
495 620
142 511
192 201
649 696
451 461
66 610
253 616
122 380
391 684
90 189
183 228
427 616
47 642
109 306
261 583
14 56
292 409
106 557
523 589
386 425
275 347
446 714
204 305
131 321
543 674
412 492
109 580
335 654
282 727
443 461
267 375
139 702
14 707
131 307
5 91
597 640
67 569
59 705
145 470
386 694
74 199
258 685
123 222
63 693
156 503
229 487
346 505
148 660
29 569
115 483
188 315
367 457
453 460
87 659
275 728
288 658
336 478
226 701
243 543
77 483
23 94
484 578
28 209
289 339
468 490
249 275
186 664
382 548
38 357
85 200
516 557
590 735
150 283
487 633
73 90
5 72
328 716
171 342
466 677
141 490
239 653
236 727
459 665
34 629
76 217
94 652
69 339
375 540
190 476
113 122
72 606
273 358
416 577
268 270
456 479
349 514
528 656
101 269
119 317
183 329
102 493
325 431
209 476
227 283
283 681
356 522
441 471
120 147
165 536
43 309
275 695
578 705
314 534
456 636
74 543
140 488
514 586
285 336
201 513
109 119
239 634
348 559
379 626
470 646
516 524
158 389
110 111
111 695
32 411
374 449
282 702
10 518
95 467
175 725
64 80
169 663
627 733
41 514
297 440
225 433
84 323
143 647
371 654
7 121
30 599
25 255
66 692
98 486
68 482
129 739
548 561
245 532
398 473
199 681
444 607
117 639
469 551
203 562
271 526
172 175
16 156
254 473
254 491
211 520
155 616
239 359
385 422
636 669
57 727
122 466
176 257
7 637
64 452
249 506
337 628
24 406
598 669
183 579
279 516
33 393
12 32
53 460
264 671
179 456
106 472
32 257
125 494
64 573
152 420
378 494
452 718
31 130
546 734
320 669
377 404
376 588
66 264
89 266
331 684
267 690
628 669
207 648
625 645
247 550
247 321
161 388
406 741
123 672
259 542
174 327
337 452
432 622
308 663
126 552
327 551
289 686
15 37
16 429
96 538
604 697
52 104
45 172
2 112
10 80
402 604
260 520
239 308
721 738
313 355
293 297
151 204
206 238
96 277
81 377
544 562
362 405
118 319
528 693
369 566
94 599
495 614
96 389
136 196
574 678
260 497
12 502
599 627
246 445
15 36
480 621
469 490
616 661
103 414
357 568
124 455
211 612
81 731
80 525
205 556
434 653
8 630
44 58
152 247
110 287
133 679
211 580
583 708
42 161
384 517
344 728
210 648
319 564
357 392
37 329
376 698
417 559
52 210
85 253
376 536
60 663
76 113
342 412
237 457
280 437
55 575
511 626
59 447
238 705
257 718
262 644
368 424
37 544
197 533
67 414
43 740
187 259
418 528
183 207
105 553
181 710
76 526
315 533
305 507
192 310
72 403
15 497
172 728
189 579
401 587
132 691
40 437
147 298
167 276
84 736
427 590
223 665
347 481
115 732
363 434
353 649
413 520
194 225
286 726
492 593
126 216
228 474
146 194
442 583
49 261
124 273
462 677
318 413
270 336
134 741
37 143
510 592
116 296
423 444
62 563
150 685
578 717
207 563
522 584
112 411
3 275
108 715
403 721
54 326
156 639
226 545
313 711
43 698
6 294
534 679
74 685
92 721
299 367
231 498
88 440
367 440
98 633
217 343
39 593
556 712
559 717
693 717
563 598
263 584
308 317
501 641
350 719
678 701
282 426
41 638
121 347
309 556
200 411
255 356
278 321
560 574
223 623
362 729
510 573
105 524
53 724
507 656
252 305
105 106
102 598
188 549
7 110
132 141
148 485
274 481
382 670
38 479
504 543
478 643
35 568
167 211
323 715
135 277
21 404
270 721
124 258
229 460
429 723
470 495
390 661
216 359
296 486
579 667
51 148
109 516
239 604
372 728
229 581
35 60
143 487
288 487
450 647
183 312
233 569
95 428
5 144
134 276
40 421
181 635
458 507
521 545
71 107
74 670
448 579
41 75
167 736
56 630
466 614
53 314
384 679
299 464
132 625
79 470
30 605
105 617
101 238
54 544
666 684
445 685
468 696
79 88
236 282
49 56
475 582
24 408
188 260
100 385
484 658
59 533
399 443
243 452
11 465
108 416
332 371
92 148
223 491
168 314
112 651
9 397
167 178
248 261
194 680
104 158
222 379
669 699
268 355
242 455
319 577
280 320
103 269
24 641
369 425
9 271
456 591
292 321
193 446
8 144
215 604
161 493
79 451
205 447
259 665
73 129
