1600 4000
9 325
737 1308
850 990
364 1501
159 1368
212 1045
765 1449
65 823
638 1121
1076 1088
4 1469
746 1424
1141 1393
248 1173
13 1085
21 40
246 746
158 1215
1033 1407
221 596
1023 1347
260 866
389 866
818 952
736 1138
532 1272
516 717
8 332
777 1242
270 276
308 1320
122 1030
679 1514
801 1522
296 418
1139 1515
672 1268
704 1531
556 1102
369 1522
625 1140
662 1599
528 1105
707 1465
1280 1582
166 271
960 1064
147 1365
194 599
674 1458
504 694
1394 1411
266 625
454 1244
57 683
1147 1447
76 1326
313 1341
229 879
291 345
747 1440
297 1452
1357 1528
306 980
128 1471
109 1491
392 1107
197 1141
238 243
612 960
642 924
315 906
251 894
519 699
459 704
1098 1297
749 1425
1406 1440
253 377
180 1340
318 1384
959 964
1106 1252
399 1082
376 1102
896 1420
175 275
64 665
1508 1535
212 1460
61 1487
140 800
697 1283
49 531
1385 1440
931 1169
40 559
51 1146
351 995
550 1331
1142 1417
262 575
416 762
704 1272
1383 1573
221 1260
188 1039
101 1510
88 1152
728 1339
338 499
137 256
871 1506
94 1277
1345 1399
639 1268
210 454
52 254
721 1219
1308 1518
797 1221
327 1227
939 1446
375 600
150 1526
711 831
340 846
1362 1468
1360 1540
765 1192
565 975
1015 1484
368 1379
344 720
811 1093
526 1465
1273 1536
1380 1484
926 1478
291 949
1409 1536
231 449
965 996
413 1402
559 1179
543 999
6 976
901 1143
589 802
21 1324
470 1441
214 696
1085 1087
772 1293
118 285
851 899
563 1299
493 760
12 1259
38 1056
1120 1191
609 1298
42 65
292 516
220 1439
741 1190
901 1572
181 1074
599 1333
4 1224
106 197
582 826
34 1144
1333 1363
373 1261
425 957
333 1502
453 907
598 988
349 628
56 1433
27 996
58 491
970 1048
753 784
106 1438
387 591
890 915
547 1481
986 1398
168 946
879 1279
586 763
12 1045
270 502
84 505
354 877
1359 1398
280 425
205 299
192 535
1139 1291
835 1509
444 1191
291 690
191 1087
666 758
1063 1134
1209 1289
88 1221
74 1059
1228 1278
34 766
136 1386
818 1393
316 1328
653 1349
354 1541
7 542
864 1560
794 862
380 785
939 1374
542 999
360 996
1141 1324
705 990
276 1214
517 1033
992 1227
1271 1443
163 1576
572 852
126 1536
1085 1295
678 942
92 914
366 1573
432 666
712 783
308 575
155 1196
608 682
442 1595
1351 1363
793 873
1399 1504
1042 1133
151 488
627 1132
50 116
609 669
2 320
314 1083
725 1399
687 692
223 679
355 1294
211 1252
963 1027
837 1592
136 407
42 432
242 1054
757 1004
853 1228
348 1041
24 536
24 312
563 1198
720 1188
1004 1114
681 795
637 895
488 844
182 1173
801 1288
146 780
144 180
321 478
333 1018
450 1396
72 266
445 1372
739 1192
846 1310
951 1065
159 165
1104 1434
98 345
987 1486
10 270
438 1291
292 693
153 766
500 1208
1178 1243
1086 1288
3 494
338 1112
648 1514
18 792
1067 1095
820 986
290 1169
135 617
1293 1596
792 1483
1112 1235
474 1550
367 619
1101 1269
347 379
1199 1300
896 1014
868 1400
634 1599
115 979
131 560
1147 1581
486 782
870 1472
708 768
880 1385
1150 1349
557 933
172 798
16 86
891 1220
484 923
532 958
469 1521
786 1445
473 1241
160 1314
478 1442
816 1436
331 656
148 877
144 1560
118 1555
163 734
807 1167
306 583
1216 1249
74 1277
181 1157
810 1402
929 1096
220 857
97 1553
1061 1258
894 1071
556 1081
186 718
422 724
333 1109
781 1582
574 1251
335 787
201 218
250 1148
191 1175
927 1079
1280 1587
510 729
259 701
112 758
1225 1287
546 615
573 634
49 1119
1049 1558
1026 1474
1084 1466
244 1195
45 1127
544 608
317 382
1210 1276
107 629
1136 1447
37 648
759 1082
344 550
129 1513
429 1555
360 548
166 330
102 1220
134 1486
673 986
40 736
603 831
574 936
741 1076
903 1244
811 1311
205 605
651 1153
69 194
820 1421
303 408
85 397
1205 1409
242 620
183 915
15 478
1001 1159
456 713
549 627
1423 1516
784 1046
593 867
425 672
660 1080
299 728
90 163
174 229
52 1465
82 1217
880 992
1214 1233
1145 1313
228 726
514 1547
630 948
293 724
1298 1309
333 994
58 815
286 360
445 1334
876 974
198 1586
585 1249
491 860
402 994
157 175
219 975
1425 1448
550 646
990 1138
1428 1564
1292 1519
455 1369
762 1365
667 939
327 1251
547 1209
548 1212
428 1081
961 1068
402 1595
954 1523
165 1006
267 361
235 596
1473 1505
404 1461
300 674
599 1304
97 1158
511 1168
352 470
155 235
69 1506
27 269
459 481
318 446
644 778
380 1190
425 1481
688 1192
477 531
790 1060
29 831
1249 1492
863 1057
664 1525
1481 1576
564 1542
1435 1517
1230 1559
769 1397
639 1226
1 1545
57 732
968 1490
41 394
945 1377
779 1002
331 694
2 200
1247 1563
592 1552
300 1384
20 1562
676 1470
1032 1266
997 1160
76 155
704 843
936 946
300 1019
420 618
1363 1414
955 1143
850 1484
107 865
132 457
59 896
403 1196
1160 1432
989 1248
1396 1440
640 1320
740 780
621 1073
39 1171
346 1495
1385 1434
254 956
353 670
173 828
833 1164
912 1028
298 987
158 1248
93 1578
139 813
917 1426
1173 1254
856 1087
247 1372
396 754
626 960
34 399
52 309
808 857
388 774
702 922
248 571
462 1430
1033 1052
710 1327
348 1161
55 403
378 1015
830 1267
451 1502
381 752
8 911
212 908
808 1536
948 1326
199 449
367 468
819 1113
506 1579
142 1040
14 715
53 1529
981 1231
755 1309
552 615
324 991
648 1493
35 1149
362 497
502 748
202 1005
394 803
387 1364
619 1576
470 1245
13 108
401 949
563 839
633 726
123 1559
134 352
1188 1408
179 658
19 729
186 663
595 681
689 966
519 1071
1265 1449
185 1511
289 558
159 236
388 1381
307 505
26 342
1225 1457
890 940
259 1442
578 683
497 739
723 1054
602 1357
1087 1285
133 1212
101 230
101 1053
72 1193
672 906
431 1396
133 261
700 1172
374 1162
441 601
725 1191
510 1575
463 959
588 1275
605 982
521 1148
23 706
12 747
109 591
917 1565
76 826
296 955
106 805
177 561
1067 1575
93 954
762 809
606 1333
405 1549
64 240
513 1467
379 924
503 1022
719 1382
319 320
938 1096
375 460
269 815
658 1189
11 41
369 1586
791 849
381 645
1081 1097
885 1262
987 1078
943 1258
105 501
958 1455
911 1071
200 1428
252 849
667 1336
253 667
411 1314
1072 1140
123 941
245 527
482 1312
858 1483
1544 1565
391 565
1229 1579
317 1464
146 419
1052 1236
1008 1190
951 1333
285 1448
367 521
545 874
104 1141
1243 1291
677 738
224 1027
2 925
659 1571
623 655
348 974
589 1539
781 1028
707 1260
650 1533
495 1001
550 1197
469 830
578 1177
804 1113
243 449
1116 1241
259 855
53 1577
1366 1394
734 1010
980 1566
738 1298
13 229
173 1208
1193 1540
109 124
742 1070
73 529
336 1318
973 1128
1214 1342
1180 1368
650 883
1246 1430
525 1113
810 1439
383 1073
1345 1398
742 809
876 1245
523 884
139 796
405 594
37 723
383 638
62 1139
1032 1235
1074 1418
1176 1261
1428 1490
322 1361
165 522
529 1299
228 1406
1279 1537
330 1416
573 1137
417 428
484 1036
45 1159
1319 1594
603 904
706 959
514 1517
160 648
824 954
226 636
682 786
1233 1283
141 1079
164 676
168 868
6 1500
452 607
308 1166
1180 1494
566 1209
231 1110
734 972
131 1454
329 656
120 756
498 1414
533 917
1356 1507
1116 1507
471 748
783 919
972 1077
465 838
406 1347
603 1441
581 1275
83 1373
480 1026
196 827
148 1505
1075 1321
406 1065
382 1056
1152 1508
290 1340
29 1005
558 1118
485 543
303 1414
127 561
509 923
603 1303
449 655
967 1051
592 1044
195 1069
25 100
370 1548
837 1020
320 1471
230 252
186 772
340 841
817 1579
231 293
1110 1115
847 1234
989 1053
564 1512
101 908
146 620
187 977
1371 1439
730 1111
290 1278
1326 1445
27 474
314 1407
362 1526
134 985
124 129
434 1369
392 1078
665 1079
273 310
329 1304
721 975
949 1569
664 740
1225 1524
26 1039
1191 1371
669 969
511 1336
1134 1435
544 879
1089 1266
457 1597
200 364
1126 1320
1414 1530
861 980
1215 1273
798 988
226 602
633 778
532 1397
473 696
401 745
360 507
963 1043
115 307
795 1322
146 621
430 613
1003 1290
1436 1544
113 647
263 527
535 549
774 1111
731 1485
168 1236
109 1015
1279 1451
764 1184
1097 1508
383 1469
370 478
161 289
698 1118
1218 1235
1148 1381
5 1070
1225 1246
1124 1443
262 1422
105 833
102 1201
490 1353
143 171
410 1057
995 1149
253 805
721 1337
408 624
1416 1569
678 1114
111 1206
435 1281
440 507
544 1538
1422 1473
306 1390
464 918
840 915
479 1472
222 1375
388 1077
10 1328
289 1523
512 1051
249 745
976 1278
449 1007
568 1026
331 526
54 1571
490 1338
359 1534
241 1380
445 1012
432 930
634 1048
562 1580
859 1165
250 893
1224 1347
385 554
994 1597
476 518
130 1505
277 1122
750 1149
315 644
112 1123
573 1533
41 151
188 776
1088 1321
445 1193
266 984
956 1210
522 824
756 1329
922 1108
1011 1223
142 909
80 313
823 1569
1317 1495
1060 1076
800 946
1092 1574
809 1182
39 1382
1125 1381
103 505
400 1212
156 1377
84 247
923 953
493 1056
695 1568
920 1381
992 1038
160 327
421 761
466 1119
415 587
119 1533
121 246
846 1009
128 719
1370 1551
1184 1434
1 840
1146 1223
394 485
836 1496
87 1006
165 496
203 1143
467 782
93 703
74 891
969 1542
395 1014
490 547
861 903
590 1339
1304 1467
848 914
540 1420
145 907
1421 1509
703 838
337 870
641 1066
176 644
498 588
46 1598
275 354
469 884
364 638
1091 1516
465 981
564 892
292 921
727 1118
500 844
699 1473
184 1095
104 1208
353 482
30 634
243 412
92 919
188 697
257 1543
633 1419
49 513
827 922
1272 1350
225 1080
336 790
928 1378
102 1131
895 1331
33 199
508 713
539 696
317 1439
938 966
815 1460
390 1055
656 1582
547 660
133 134
380 835
1197 1596
628 1187
830 1090
1183 1233
463 1389
302 1418
60 1042
684 1073
1038 1554
75 1450
427 1302
1268 1489
483 799
310 667
234 613
1272 1541
56 605
29 213
551 1546
901 1284
270 608
279 1382
225 1028
186 1213
1208 1497
1216 1353
358 536
408 819
567 1462
930 1401
399 1507
144 759
1021 1070
213 813
112 295
1042 1294
248 976
199 1544
309 586
932 971
584 722
131 884
147 577
194 464
279 398
259 814
407 1476
206 301
324 1164
959 1594
1133 1488
1545 1585
152 1163
227 694
5 1135
942 1252
296 1598
12 758
223 468
325 1181
323 1330
1014 1164
833 1500
9 204
575 709
508 788
27 1557
334 1507
666 1206
459 1146
1159 1278
554 1417
301 745
359 857
891 1285
1047 1600
22 84
393 1351
700 1308
858 1424
130 808
368 1100
310 1171
302 653
27 170
1 124
1234 1239
684 1476
725 788
270 1049
724 1591
356 1012
604 1404
517 707
148 1305
120 967
1210 1258
571 601
296 661
733 828
202 594
1201 1299
814 1138
578 1241
17 76
795 896
1289 1462
539 926
410 1344
1006 1200
54 329
1524 1596
795 1181
1049 1392
653 1250
723 749
1162 1296
85 778
552 710
597 675
135 293
897 1120
782 1122
701 1262
141 1199
69 1080
560 1504
94 287
110 1292
54 588
1119 1519
396 1485
1423 1487
204 1259
117 1463
384 556
649 1285
110 1432
551 828
549 1165
363 1563
811 1174
749 959
140 553
155 1414
812 1379
1452 1584
1119 1460
617 1169
510 865
164 1297
351 1419
701 1342
1175 1336
618 877
639 1105
1344 1349
865 1286
280 1264
412 1006
415 851
938 1388
647 1022
306 810
970 1317
863 893
489 563
629 645
162 1004
1017 1230
183 1450
126 1290
411 924
1342 1592
614 1223
198 714
90 234
859 1526
341 652
329 918
975 1131
268 1276
925 1546
365 469
652 698
1289 1411
850 1016
26 127
1284 1366
1478 1536
203 857
145 332
390 726
86 338
865 1143
323 1469
524 1047
83 1211
137 816
447 1200
203 229
89 674
227 861
176 1306
1024 1038
99 183
308 810
707 1355
494 606
148 1314
1334 1459
649 881
1292 1386
70 195
731 1118
353 1297
181 1402
33 1322
1104 1313
595 903
312 583
104 348
1008 1553
81 1502
222 829
71 1402
845 863
778 1482
284 666
398 1050
787 989
217 1171
97 1477
125 432
519 776
946 1079
525 708
1039 1590
748 1374
17 1580
129 1487
801 904
661 939
121 945
1210 1246
369 1263
528 1510
259 941
303 432
374 1189
95 1009
911 1306
376 651
311 630
906 1179
513 1512
297 1076
294 732
492 862
118 280
659 1051
272 570
1251 1415
888 1515
199 385
94 1492
51 878
829 1495
641 1288
427 659
456 896
1176 1311
327 1358
1209 1274
211 787
320 346
349 1544
363 1094
1303 1467
1140 1435
1353 1551
33 1364
209 315
802 981
489 1263
1176 1548
846 922
460 760
141 374
277 1196
621 1125
25 256
294 716
227 1456
420 1215
464 1117
769 1583
396 1387
925 1555
645 1256
571 1202
1055 1073
34 1532
1221 1344
966 1221
521 1025
832 872
42 1056
64 769
74 594
612 718
49 1415
363 1497
783 1387
501 670
1178 1406
162 1290
1107 1379
437 520
225 1300
59 855
952 1067
187 316
567 1486
942 1368
376 938
31 216
1167 1223
336 417
476 662
517 576
204 1562
309 1379
953 1199
1129 1377
222 1176
507 668
476 1466
818 996
807 1413
100 583
217 944
112 310
421 1531
19 933
458 1069
595 1260
404 1053
774 1165
824 1326
443 524
743 1297
178 1344
779 1229
768 1320
530 1205
149 1513
70 1029
559 1063
455 1115
323 1265
45 1273
897 932
590 1083
622 1556
574 1236
450 639
899 1561
527 1367
1291 1346
948 1094
37 587
60 170
689 827
43 80
631 1086
190 1535
190 859
180 439
47 701
591 1045
126 1293
802 1427
339 530
69 1282
324 1339
120 824
265 1482
713 793
54 278
906 1412
1009 1083
178 454
427 503
23 171
524 1479
795 1499
277 804
841 1427
224 586
125 1027
375 565
775 1004
58 492
420 1575
233 282
676 1350
897 1032
60 1083
932 1224
317 883
192 1205
401 1330
429 1480
368 1058
356 767
263 1274
205 1070
38 1497
143 1325
316 452
1307 1372
540 1557
493 1011
871 1475
153 1361
147 1567
52 671
600 1155
175 1046
322 1480
716 1387
210 839
7 1514
197 644
426 923
455 1518
1381 1485
1380 1549
433 1333
567 1162
104 196
626 1370
343 1345
909 1508
944 1444
479 771
1016 1448
6 46
612 1368
78 254
325 802
782 1184
47 785
664 1288
560 1408
407 577
269 1451
262 634
372 1422
468 999
427 947
182 565
62 182
802 1105
184 1177
966 1438
889 1041
488 1464
381 386
499 1403
24 114
209 604
14 610
245 925
566 969
1065 1341
624 647
423 444
55 382
486 1271
171 414
219 1532
262 1403
953 988
138 760
266 1090
1118 1578
828 1148
596 675
702 1035
400 825
242 570
515 518
295 588
61 352
376 403
733 1586
726 1147
633 884
422 554
184 774
50 929
261 295
538 1242
477 812
237 1245
400 1455
247 288
302 899
1153 1232
623 1175
195 435
33 1453
1050 1494
461 1166
284 1566
57 240
305 1207
95 438
600 1236
177 597
428 1107
1421 1423
142 928
392 1583
237 905
298 1075
130 885
1207 1493
247 261
867 1354
321 1408
480 1126
258 264
414 745
29 1298
446 678
179 644
395 655
1445 1598
68 911
1314 1375
562 1200
1493 1509
12 832
143 241
584 712
7 1584
88 1360
366 1418
365 525
836 1538
784 1201
35 1026
535 986
720 856
548 860
172 186
412 1371
51 776
63 322
1130 1548
274 873
370 729
268 486
646 1289
252 263
765 1541
302 1395
1329 1421
203 892
16 897
685 1516
7 1303
568 1577
489 1521
40 1179
549 1204
1205 1580
1191 1366
1172 1356
228 1108
1066 1475
1021 1052
426 447
110 1142
50 1515
282 933
170 711
940 1591
961 1061
1098 1332
165 182
272 1115
103 1354
438 1241
208 1226
391 886
145 791
218 441
720 1402
98 533
708 1034
1011 1093
572 821
547 1356
548 1330
236 1407
1513 1540
1203 1307
78 389
208 409
816 898
424 1045
128 561
623 1593
225 812
239 1454
777 955
244 480
940 1442
1197 1488
1032 1450
768 967
20 1125
537 1390
236 1563
114 643
1160 1287
147 761
554 853
378 757
457 675
900 1110
56 1136
10 32
534 1117
15 258
150 797
213 450
556 958
975 1028
934 955
646 1077
228 928
940 1025
881 1526
471 870
631 1369
528 990
262 930
822 1583
624 1313
998 1383
562 679
372 1347
609 1060
963 1088
435 1206
1292 1362
477 1348
463 621
872 1177
474 905
196 1111
826 1545
1218 1231
833 1258
520 1165
8 1466
424 1320
293 1131
917 1595
912 1284
804 1133
196 1240
781 1527
304 947
325 723
251 378
767 914
746 1037
121 1060
1027 1269
856 1208
286 1388
122 974
423 871
902 1461
191 1053
24 1193
223 1472
311 1583
50 278
849 1250
1112 1276
979 1187
335 735
568 1538
668 1520
598 1146
458 1134
898 1419
116 149
89 466
683 1577
1456 1573
440 945
540 1561
325 1283
1323 1445
217 260
909 1194
83 858
357 668
556 1325
304 384
38 602
268 1041
482 937
1034 1256
412 419
108 393
162 1581
172 1449
388 1058
603 671
1107 1501
1075 1242
341 1426
1156 1207
1025 1036
299 806
337 1225
275 1104
656 1351
106 777
81 604
676 1391
893 1411
468 855
836 1593
1306 1550
907 1545
4 1245
668 1240
936 1572
1121 1587
353 606
742 1029
765 1521
1217 1570
1145 1311
64 776
1298 1307
874 1057
430 465
190 711
77 973
761 887
576 914
1174 1312
476 727
382 1480
568 1356
622 1449
635 1276
1124 1344
140 854
852 1541
319 688
1005 1073
288 1337
831 875
461 1064
7 351
111 742
26 1597
737 1178
837 1378
529 1350
36 172
133 1405
691 982
219 983
406 642
1215 1287
1161 1458
384 767
70 806
748 1111
486 864
365 1157
607 1560
536 1456
467 675
495 633
527 712
515 717
1091 1523
319 825
67 719
33 1528
446 483
14 373
196 1137
534 1570
319 625
207 1360
642 1021
298 1493
392 1014
1016 1515
118 626
792 944
96 1307
1013 1523
195 1432
1084 1153
437 1214
950 1415
444 665
288 1332
936 1406
80 1103
393 431
779 1052
122 786
910 1206
1301 1596
513 610
631 1600
817 1205
430 1476
221 610
356 615
537 1564
869 1181
39 1185
85 691
825 948
94 929
1174 1355
1453 1577
213 616
956 1354
337 1149
32 998
125 1383
544 793
937 1557
680 780
968 1553
743 1499
281 564
541 910
149 1502
238 1093
1319 1593
1170 1218
1185 1396
55 1100
1019 1089
190 842
214 1485
75 538
51 773
1058 1392
648 1098
658 1564
821 1341
502 1512
43 94
390 1237
1042 1459
526 1008
1040 1284
492 1281
466 652
276 755
1068 1189
431 1369
107 584
163 205
568 824
132 985
340 807
978 1186
232 1313
488 1150
255 727
65 654
1088 1226
435 1279
965 1177
180 1582
985 1431
680 1250
183 397
146 1415
452 658
775 843
751 931
334 817
713 1077
891 1041
207 1206
780 1302
396 994
97 255
274 1281
552 1586
335 866
161 681
192 1448
451 678
628 1230
614 1435
56 194
287 1115
109 1024
226 1253
661 1316
1257 1474
423 1178
439 1271
185 836
1347 1584
378 1388
181 698
111 1412
730 1539
916 1525
571 998
284 328
758 1556
935 1410
923 1132
493 1465
136 1547
754 1492
611 653
714 1159
1038 1266
380 1255
339 1486
72 1248
840 927
464 1187
1135 1337
770 1227
901 1281
767 1254
739 979
654 1390
89 281
456 1048
318 1463
722 1274
711 1340
935 1500
878 978
699 788
472 1102
800 1503
585 721
509 701
426 929
962 1309
3 722
409 660
500 904
592 1051
487 857
1565 1578
63 169
1325 1503
1253 1348
447 1548
1329 1554
471 1099
23 484
358 1562
801 1296
535 1569
499 1588
752 1358
417 445
439 1504
1020 1471
15 1294
1053 1578
57 859
167 638
227 300
245 455
778 1437
1279 1522
1276 1424
700 947
162 1167
1277 1321
114 1454
609 1083
50 1006
1115 1337
210 1280
243 868
152 268
21 693
694 1508
150 625
821 873
586 1469
751 1197
874 1204
1089 1438
403 579
537 1270
931 1310
499 788
561 699
16 591
307 654
55 208
303 1277
743 1361
572 1102
1101 1361
688 756
841 1383
732 838
1043 1326
184 1264
520 1063
848 1001
375 555
168 1185
943 1490
672 695
497 1450
1187 1582
632 1056
898 1529
763 1013
752 1204
193 217
224 442
258 577
185 1322
476 1047
422 1252
885 950
591 751
1097 1297
103 1061
240 980
970 1255
1216 1457
45 1099
1372 1376
79 1282
459 1466
37 932
607 1291
390 863
601 789
373 1418
844 1000
934 1561
355 961
372 437
1109 1338
458 635
731 1203
439 902
289 854
118 129
232 235
937 1458
861 1218
193 1316
360 773
1054 1080
1473 1499
510 1100
910 1328
319 1002
61 1186
1163 1367
893 982
1117 1597
112 846
580 877
9 1354
894 1123
170 583
205 1301
794 1109
289 1546
343 1287
958 1286
754 1091
1085 1160
760 835
82 835
371 663
150 1468
689 733
1082 1552
20 428
1023 1470
985 1059
1164 1285
469 971
1217 1305
387 1409
1033 1354
431 1535
244 1420
908 1080
166 646
3 638
531 637
128 420
361 643
251 593
418 1150
666 1226
505 1129
265 512
234 1594
997 1383
1192 1442
59 674
453 1435
367 1417
37 111
444 1547
715 941
838 1468
895 1431
621 750
4 718
1335 1519
111 1404
143 1179
153 1527
1042 1600
218 562
344 437
324 515
117 461
43 174
175 981
280 546
148 1498
212 503
358 641
534 1155
763 943
462 1558
154 910
1170 1227
1036 1195
592 801
434 1259
576 771
19 1119
315 1485
822 922
402 1471
110 328
307 363
421 728
742 805
1050 1490
150 779
1446 1464
288 1085
415 1202
738 1087
563 702
35 514
1429 1521
557 604
965 1521
900 1002
364 1182
1232 1528
57 392
271 566
51 243
271 1034
1194 1219
248 1000
611 932
62 1422
472 977
95 1437
425 1257
385 1222
132 1420
950 1270
513 597
30 1281
422 572
86 1010
571 1003
355 441
181 1259
768 920
393 598
110 1348
1284 1599
287 1457
305 1598
106 1479
130 566
744 1447
237 254
211 281
945 1429
867 1478
330 1549
312 1062
551 683
70 1102
156 219
739 1220
48 519
74 1419
928 1459
71 343
214 1216
882 926
473 1579
231 1269
579 1136
1204 1345
282 1244
643 821
868 968
303 755
338 1310
705 1017
1138 1547
735 1112
726 750
627 1389
714 1591
1224 1570
1 408
736 882
646 837
161 1081
369 1145
827 1257
466 1096
1049 1430
254 326
827 1409
517 1422
518 930
200 1363
417 740
1187 1384
1161 1295
622 659
336 461
9 418
137 301
124 1431
1308 1339
659 832
458 1094
1059 1452
44 657
1082 1554
232 903
582 1237
75 179
58 345
442 548
797 1530
372 1534
115 785
201 383
423 880
481 1417
1364 1590
668 767
829 1040
844 902
590 1514
735 1090
116 935
305 834
350 1251
451 661
1057 1455
552 1374
764 985
434 1413
133 1434
113 1577
335 602
499 1572
856 1423
240 757
535 1020
291 916
673 1532
710 1055
740 1503
468 1410
28 1529
1098 1409
670 1261
632 1248
581 1364
264 888
781 1129
863 1348
1043 1261
1237 1429
1037 1570
690 1035
283 458
456 1567
512 747
605 1551
291 1589
907 1489
968 984
670 1559
71 1106
197 453
105 1010
421 971
89 236
590 876
47 884
166 491
690 873
565 1171
48 706
312 1277
361 631
912 1169
1108 1567
418 1537
53 1295
352 523
1031 1170
1132 1439
234 622
78 453
96 487
327 1054
1194 1305
326 941
99 699
246 960
1122 1150
1172 1482
88 375
1265 1280
538 1312
1117 1213
878 892
685 865
541 1012
117 991
387 1318
119 1288
733 1257
1152 1416
273 1411
119 330
957 1374
615 1031
790 1184
809 1180
1416 1513
206 955
1058 1207
1358 1373
151 433
8 470
447 664
178 1530
523 703
437 460
416 1585
366 1317
1048 1529
293 1367
245 1587
969 1316
741 1125
358 799
1194 1267
1247 1568
889 972
507 1029
274 453
947 1306
290 635
960 1195
108 1600
11 1446
103 126
91 545
829 1421
67 669
193 984
35 284
274 1463
964 1585
714 1384
353 1095
209 1501
1322 1461
817 1463
1069 1506
315 1564
879 1447
249 1579
173 404
151 586
953 1140
611 974
839 887
1090 1273
278 1170
1389 1589
46 304
463 1405
678 1156
584 695
1200 1434
114 1171
108 1255
862 1207
1556 1557
443 751
379 496
189 1036
657 1376
819 1055
30 913
1025 1590
1126 1387
1430 1520
22 1562
993 1467
47 304
1286 1487
176 484
191 1270
1074 1222
549 1059
404 1592
494 1062
529 1427
306 1477
407 1446
294 773
105 1000
2 479
792 1151
934 1237
305 806
15 1152
348 1044
647 989
926 1534
664 1366
1432 1593
66 224
933 1008
861 1240
525 1040
637 1166
851 1099
1072 1246
605 1385
256 1000
187 269
645 755
626 1103
620 1097
585 1531
285 515
5 533
1129 1467
346 1451
73 636
793 1561
39 1081
839 1269
570 1319
233 897
77 1324
654 1305
818 1583
574 619
1258 1568
583 1228
475 1036
539 1498
82 1048
672 1166
500 1024
317 1097
149 1090
763 1144
608 684
283 1405
632 840
100 1034
459 769
92 1490
936 1531
29 1370
261 1154
623 1591
322 1311
829 1443
1356 1559
208 1197
66 997
436 1202
377 1405
405 1158
267 283
104 873
14 415
68 876
98 301
526 1348
522 718
709 913
1468 1556
266 970
582 874
1155 1339
532 1361
862 1486
997 1282
509 1554
528 1489
915 1182
404 1417
503 889
724 991
343 1013
734 1462
761 1134
157 1343
87 257
1071 1166
3 799
217 870
1030 1464
207 1233
812 830
68 961
581 1247
222 752
820 1340
73 501
977 1478
368 580
215 628
658 1531
82 1378
545 1159
606 1141
64 1128
784 1105
355 841
1238 1504
759 892
1009 1135
1174 1558
822 1301
236 1296
1341 1436
886 1123
440 1198
1061 1104
20 1183
35 1072
1268 1375
954 1526
87 411
1072 1590
507 1025
454 1086
202 680
211 1161
1341 1570
830 1463
419 1195
212 1302
738 890
350 974
141 929
347 848
67 198
53 682
239 529
101 1494
868 1196
232 1229
140 1428
1005 1293
995 1599
581 1024
1137 1186
286 1063
286 606
433 1430
451 598
552 887
629 1202
1011 1156
265 580
1286 1412
602 1453
517 962
819 1429
477 1131
523 616
238 1369
1511 1541
221 1304
115 1245
294 534
108 1283
1459 1522
87 1528
625 872
671 735
280 530
159 1029
158 1239
117 1455
423 543
673 1106
810 1137
555 1149
92 814
55 991
1232 1449
397 1027
1275 1470
574 832
297 1453
92 1563
595 1388
684 1565
877 972
1216 1355
6 1103
465 715
400 1239
748 1594
489 864
203 913
206 762
147 993
362 438
1001 1158
429 1544
727 1496
44 545
1498 1595
675 1331
237 436
498 1395
569 671
123 853
63 788
460 1517
704 1336
1321 1542
1516 1574
483 1532
313 1530
247 1589
470 1323
379 1031
220 1436
391 697
973 1313
419 1589
546 1510
387 683
13 709
219 383
1426 1549
1030 1525
636 686
479 1175
142 275
1331 1552
893 918
290 1343
395 883
1121 1264
416 1061
573 971
368 1533
442 1401
538 1330
1015 1476
942 1157
399 1477
127 882
1393 1412
855 1481
206 1135
940 965
798 920
600 1368
1374 1484
199 722
812 1211
1378 1589
237 833
628 1394
239 1282
102 1355
448 1359
521 842
1044 1188
276 448
839 1404
13 789
539 1373
91 1378
297 504
398 1095
582 1186
854 983
385 456
125 1213
439 1431
753 1034
686 1432
631 1444
61 680
514 1210
414 1238
123 1373
17 475
926 1479
515 813
1154 1223
193 1424
58 211
342 475
541 553
553 1154
925 1163
978 1518
756 1316
127 1035
1322 1517
42 1484
1122 1527
261 523
23 1535
691 1262
773 1302
198 1451
1005 1476
122 1371
662 841
771 845
326 715
744 1327
24 1534
322 935
22 1028
847 1420
36 1506
1255 1377
1022 1559
188 1350
970 1127
1397 1425
471 1393
359 1198
38 773
264 828
66 1293
156 373
1068 1226
154 693
314 580
168 731
657 1123
23 1229
919 1047
1479 1519
358 1318
886 1186
139 1096
613 1128
21 84
1104 1460
872 1518
509 938
100 1010
1164 1215
692 952
567 1057
390 545
272 287
543 1299
804 1037
610 1592
878 1311
149 1587
842 1391
764 1242
980 1158
1000 1129
739 820
665 1185
1183 1395
674 951
136 1321
43 1569
771 1062
401 1241
54 328
803 1074
190 1217
617 1496
770 1123
516 1204
407 931
1047 1265
488 1482
20 791
1 691
886 1023
491 1135
302 1394
122 248
1089 1232
405 1091
361 560
19 685
570 1387
214 1598
448 1522
796 1575
443 1012
703 1317
347 961
822 834
249 1011
135 1516
255 413
202 1502
69 930
235 1007
71 1256
357 790
183 842
661 1131
557 1568
630 1256
273 1067
860 1588
1007 1550
643 1016
1398 1548
1359 1492
424 1108
374 1457
685 966
138 640
93 1553
860 1243
424 693
614 657
510 1496
252 452
858 919
944 1301
593 794
320 1157
345 347
167 1124
934 947
677 691
162 191
618 875
341 698
697 1359
919 979
721 834
137 541
59 1363
687 1470
798 1424
1092 1462
120 479
349 1013
994 1469
345 1112
123 977
835 1194
8 255
608 869
869 1232
1228 1240
232 337
755 1375
301 1433
1154 1190
935 1400
119 496
363 899
687 998
965 1510
25 1019
495 1433
204 562
1031 1578
61 793
415 1458
316 686
792 1261
257 1176
934 1124
612 616
283 1332
845 1533
264 551
15 1342
533 1263
997 1108
169 361
436 844
531 761
99 389
527 1410
698 1433
1130 1535
593 692
398 448
409 1568
887 1401
969 1458
553 1547
11 1395
1453 1511
221 310
481 1094
473 1338
585 847
260 1518
379 818
167 1219
509 1193
11 1560
159 1555
413 553
885 1238
642 988
56 1018
607 1590
116 677
426 694
1068 1342
324 593
53 1509
251 1060
538 1275
614 1353
636 1571
673 1111
635 1243
16 440
1302 1543
215 573
66 343
1310 1441
991 1323
331 988
173 1423
493 1335
1252 1588
711 1389
230 1451
1195 1558
216 342
918 1271
218 998
754 971
328 1586
587 1400
1196 1457
847 1044
1079 1501
135 346
81 1380
22 789
371 1040
1086 1474
246 444
1441 1475
1110 1312
492 710
1113 1373
1411 1470
1264 1323
75 233
790 1099
113 1367
582 692
255 1148
1376 1415
209 1448
569 1545
1017 1103
350 1101
14 652
480 1128
332 933
185 1328
229 1274
487 725
252 546
673 973
62 972
119 1565
1065 1499
540 797
902 1532
1220 1524
585 1218
709 1349
1002 1227
1062 1388
1075 1352
241 823
1389 1497
286 1566
157 179
164 747
1189 1262
511 753
76 485
504 1406
730 1239
25 1017
728 881
216 395
956 1114
462 1466
657 1370
554 1314
9 1003
216 756
187 1052
276 457
194 753
242 1309
386 734
249 1173
96 1105
409 749
757 895
441 1084
189 744
95 287
418 842
676 870
498 898
140 496
31 169
44 1198
570 875
292 506
85 594
60 1160
815 1121
589 1267
686 1257
139 1054
1343 1520
1139 1401
799 1566
849 1268
649 1576
374 1211
599 840
144 1550
508 1134
152 989
79 682
163 852
811 888
292 1391
1351 1585
1113 1524
78 1567
406 1004
48 581
864 1479
249 272
540 1066
641 1528
712 904
299 803
1138 1483
1352 1494
77 269
41 309
65 1418
373 963
136 800
502 1573
32 894
942 1070
32 814
36 794
100 1542
316 992
1309 1327
391 490
241 764
825 1203
564 1345
414 1317
380 1147
68 537
1043 1254
366 451
1403 1594
1041 1305
171 1165
294 1201
1346 1455
862 1010
1192 1539
850 1517
411 1096
258 796
208 1274
381 1366
1114 1494
376 377
1282 1336
213 905
520 905
46 867
569 1360
1222 1445
650 1289
278 794
342 1146
669 916
587 783
173 850
622 1550
809 1230
189 647
577 1202
905 1491
663 901
908 1175
1404 1592
1116 1390
245 267
365 1153
215 1365
569 1050
32 723
121 1001
1235 1246
1280 1395
705 953
771 900
235 902
99 182
344 1151
346 804
736 913
304 434
732 1294
155 1459
1155 1460
772 1153
332 826
968 1169
153 962
263 597
1003 1426
1074 1078
808 967
687 1221
152 641
741 1136
170 1267
394 1507
99 128
300 433
589 1295
849 1329
370 695
797 1199
1491 1501
744 1394
546 1295
21 617
339 1249
59 364
1136 1555
329 889
677 1046
610 1065
1016 1597
1014 1103
516 1211
278 737
1031 1184
578 1416
47 1412
395 1093
132 1212
49 1009
192 1170
351 398
40 1046
28 411
154 982
482 869
434 587
508 1365
702 1413
627 903
402 530
1220 1403
77 1150
528 881
1120 1512
311 651
447 1600
117 775
313 1151
765 1540
406 924
807 1346
617 949
231 567
743 1007
192 1213
483 506
41 339
1525 1537
67 309
138 702
318 1371
228 241
706 1357
18 371
386 1219
1179 1308
967 1325
340 1046
267 921
750 928
532 743
30 671
352 1444
838 1560
268 530
1334 1474
745 1251
1099 1158
692 718
555 1352
17 344
314 957
798 1162
1035 1312
193 422
72 1433
504 1538
158 1253
180 450
201 983
28 796
847 1505
10 265
656 1178
741 982
11 250
880 1495
174 285
156 660
757 1546
1290 1487
81 561
852 1162
342 1552
201 1084
141 1290
426 800
471 630
321 430
107 799
803 832
986 1519
253 823
177 962
616 1173
195 1386
430 643
359 1300
341 1142
349 1331
156 781
1076 1398
489 852
611 1440
39 716
222 442
596 848
157 1253
466 615
416 1380
70 1286
428 976
5 1238
132 1116
890 1511
941 1304
1023 1551
1199 1266
1181 1310
514 636
394 806
612 1468
537 1089
79 1233
5 706
946 1021
284 1140
209 667
413 1571
463 911
239 1316
1325 1401
420 823
238 1030
189 889
504 803
482 1315
34 979
550 1022
184 518
337 1269
854 1489
775 785
260 1095
1109 1234
1063 1323
297 1349
1018 1360
462 1167
662 1441
153 506
948 1121
144 460
354 377
786 1346
875 983
351 772
987 1353
576 866
660 1022
693 1454
277 483
580 1498
472 620
230 1480
623 834
927 1035
867 1357
185 851
920 1554
97 1450
389 594
227 1012
472 1572
86 389
512 560
918 1239
44 130
388 1438
355 1133
443 1163
640 859
890 1403
435 776
1198 1272
569 1350
1285 1483
1021 1296
38 645
225 1303
279 1334
700 1480
516 1488
927 1243
116 158
635 1126
607 1384
145 688
1127 1332
91 1181
334 951
544 1492
750 1114
1109 1549
1020 1372
6 65
3 1072
637 1529
167 1525
566 1335
604 843
174 1599
63 230
474 1397
138 240
341 1400
281 441
531 779
785 1143
36 716
427 695
120 215
655 1444
950 1391
1250 1396
402 1267
197 520
845 1180
314 1064
22 1127
686 914
1106 1362
2 1358
475 821
198 685
234 1413
618 760
223 690
312 1130
96 1591
1240 1456
414 649
892 1382
157 501
382 731
1256 1574
396 524
83 200
600 1247
477 1287
362 1452
751 1488
789 1062
25 1270
349 883
853 1161
226 654
1315 1386
467 762
579 1107
260 492
1327 1329
555 1300
1137 1145
981 1370
256 858
688 864
371 1437
323 1229
551 1124
251 732
31 642
467 555
127 1575
475 978
207 1082
629 1515
733 1231
653 937
497 1092
68 1473
125 1407
424 1091
640 1478
399 1324
457 1474
1003 1335
1067 1438
413 816
1050 1596
90 1558
746 1130
43 945
1231 1489
766 999
179 1472
883 1101
973 1538
446 717
632 1352
1024 1443
512 1510
273 576
579 770
223 640
687 1183
28 952
614 769
908 1482
498 534
176 1271
1017 1503
176 1491
350 1023
98 774
880 1263
283 753
907 1203
533 1032
84 1408
819 1500
410 1542
1254 1527
497 1110
575 1142
233 780
848 995
811 1562
172 542
503 978
79 443
233 1075
1128 1139
384 737
619 1393
1332 1496
557 1595
85 1168
506 888
202 1500
596 663
145 619
461 1183
464 662
242 485
1498 1513
169 1043
296 1543
651 1390
806 996
717 856
318 502
238 391
759 1066
462 1260
126 511
160 1481
214 378
436 1168
618 649
166 505
1064 1338
712 1157
326 904
1299 1566
1431 1567
450 1512
1120 1337
357 1524
1156 1429
224 1259
805 1019
1066 1228
716 1078
88 624
246 869
336 1523
313 807
1201 1571
1130 1315
161 1407
855 900
187 543
589 1270
80 178
357 577
481 1077
954 1392
578 1058
370 1362
274 377
1254 1392
559 724
81 1217
10 1499
78 1039
107 151
105 1260
1132 1168
518 1552
72 920
154 393
536 650
670 921
331 494
44 709
448 882
73 729
501 1154
433 777
189 1116
250 1444
220 1367
481 1581
275 1537
754 993
36 359
834 1465
86 924
598 1262
473 681
298 1248
480 782
465 993
96 1244
142 681
663 1427
478 1144
1029 1211
637 899
542 722
18 813
697 1527
46 705
1236 1454
624 1167
816 1483
717 1045
952 1244
601 1561
815 1068
787 820
45 121
455 599
137 1539
472 796
239 937
178 752
154 770
949 1446
650 696
766 1019
931 1163
616 744
558 1400
878 1142
188 590
705 1180
708 720
1392 1413
511 1461
282 1351
138 876
253 882
1069 1497
1008 1376
1399 1584
784 1385
747 1263
597 1253
412 1391
655 886
164 912
431 1145
167 429
326 495
1092 1581
17 1188
201 1234
719 1249
139 1238
689 1093
1230 1376
454 1222
719 1078
558 1472
679 813
175 417
206 826
409 1364
277 1152
385 1301
328 766
87 879
48 73
1359 1408
1185 1493
728 843
690 909
1214 1296
26 83
90 369
1071 1346
494 680
135 1051
1026 1033
639 1126
651 1044
62 1125
888 1358
1319 1580
75 1037
620 951
474 495
18 710
330 895
485 1456
1443 1530
177 397
1327 1491
1209 1382
244 822
1015 1426
632 725
67 866
89 267
419 1574
161 1511
335 1488
915 1098
66 82
18 490
171 1151
957 1557
730 992
575 1237
831 1100
299 588
115 906
1224 1540
257 1477
912 1319
410 500
93 250
204 1461
964 1144
16 103
164 1425
817 1352
950 1573
321 1386
91 1410
79 737
272 308
1156 1242
403 684
491 885
281 787
881 1283
789 1504
19 1030
362 791
572 984
913 916
400 958
354 1172
524 1452
279 837
408 1539
226 993
113 999
216 584
487 1168
333 1155
218 397
1399 1543
677 1177
52 210
557 1585
1212 1303
401 1182
519 874
1188 1546
273 1330
486 1300
1020 1094
295 1064
298 689
134 215
177 210
143 174
805 894
917 1200
943 1338
713 1355
282 1265
263 939
339 764
446 1447
536 1172
977 1088
990 1182
772 1377
265 1328
279 592
1101 1475
1464 1537
95 1564
42 542
429 1273
522 1335
98 871
735 1318
525 1247
295 729
256 1471
91 956
976 1174
854 921
746 909
579 995
421 1266
80 957
1037 1410
609 629
601 1334
60 860
682 1588
944 1495
1278 1477
452 1018
526 1275
31 152
271 652
1307 1419
416 467
1013 1520
541 1404
207 1059
410 853
871 1405
244 1563
791 1324
288 1038
539 1357
438 740
1144 1231
872 1588
271 730
334 630
63 356
48 1147
1437 1576
1213 1365
332 987
131 1572
311 962
558 783
367 1084
613 1343
496 708
129 1581
887 1292
759 1427
825 1428
983 1509
669 749
843 1436
386 875
264 1069
1222 1534
347 1397
323 963
114 436
307 921
613 1100
340 1543
1055 1127
311 1520
1306 1343
77 665
71 1250
916 964
371 559
386 1340
305 365
768 1437
627 1086
334 350
1294 1375
357 758
707 777
220 775
1315 1442
4 964
160 770
28 1132
487 679
522 1117
258 1106
405 714
366 700
808 1039
356 1122
595 1551
169 1203
131 898
285 508
1219 1580
30 900
715 1133
703 1255
124 1362
440 727
1049 1574
696 927
321 1151
738 1318
257 338
814 1007
626 1379
1018 1505
1514 1587
736 984
90 611
1425 1553
943 1315
384 1503
102 1506
836 1190
786 891
31 1234
851 1264
910 1462
372 1120
484 521
1092 1235
381 845
763 1584
1475 1593
1002 1556
113 1189
