1600 4000
306 1324
23 858
686 758
766 1512
1382 1516
1362 1598
873 1559
437 593
178 396
579 1292
1142 1154
1095 1464
754 1460
977 1476
392 741
861 1096
548 1552
273 885
232 1157
415 905
1013 1410
49 1584
68 1155
416 1122
705 1487
507 822
184 867
523 664
898 1540
933 1564
1525 1547
44 1150
423 430
592 1492
842 1354
93 706
226 790
155 862
540 779
1152 1364
168 1109
666 996
199 1472
26 756
539 1479
390 486
888 1303
786 1284
310 921
776 1520
1153 1541
245 714
994 1088
40 1180
709 1016
1080 1085
112 1158
436 457
644 931
765 1257
323 1431
461 863
1228 1267
792 1352
144 828
85 944
1531 1580
173 1330
391 1592
167 455
397 1078
250 763
602 1438
47 652
380 705
344 1098
705 1405
856 945
75 133
733 871
732 1295
650 1516
758 1503
709 1167
185 1543
90 1559
59 195
717 949
145 703
442 934
182 1107
658 1269
753 841
379 540
1436 1497
414 1555
1375 1521
783 999
23 1337
1147 1174
372 1294
790 1103
869 1163
546 1209
547 594
592 693
73 641
948 1543
896 1031
1049 1319
183 1412
418 716
1065 1080
1243 1303
152 461
716 1358
313 1058
857 1531
599 1550
31 1194
965 1129
421 1359
238 1562
67 348
281 1436
689 1075
1465 1472
761 1244
445 859
388 571
149 1009
441 1015
1452 1454
964 1102
739 1537
56 1571
228 573
451 1110
351 403
91 1243
882 1349
824 1100
131 545
6 86
41 1528
792 1253
59 661
385 879
296 1438
764 904
1015 1200
1064 1090
71 1062
1098 1124
596 1138
1349 1436
657 731
419 1308
1227 1432
1162 1413
1108 1281
96 1486
626 854
83 1597
154 944
1498 1568
275 1364
399 791
649 1254
710 744
883 1386
460 1390
168 1222
78 1561
5 726
155 958
181 1239
1061 1269
385 1283
216 1044
1342 1508
60 166
589 937
370 1448
580 1206
360 364
430 1102
156 422
788 1522
1324 1345
445 891
1068 1188
428 1546
1033 1411
716 1539
647 819
395 1402
270 534
572 1112
457 1286
137 857
1110 1456
269 1464
400 866
427 941
770 1164
655 1012
964 1232
743 1390
930 1575
960 1313
419 1286
818 936
64 1432
910 1530
1259 1557
168 1117
3 755
1026 1387
413 1044
1337 1561
21 1231
834 1392
551 1011
104 837
890 1483
238 1396
437 1095
22 1040
119 478
177 1360
1450 1455
845 1134
1171 1564
161 617
18 1507
360 1188
197 715
633 1342
60 974
1217 1309
1116 1299
161 231
555 1334
663 1348
514 639
149 1451
493 851
324 1021
1402 1446
873 876
1365 1400
8 1336
567 1109
913 1070
1424 1570
60 404
519 727
175 1214
389 580
657 1295
370 1489
59 359
608 1554
1427 1429
197 873
1091 1490
435 827
567 1003
3 608
77 598
1568 1570
234 943
69 1050
475 1367
431 531
832 1039
667 1404
1342 1416
859 1533
326 1288
1105 1328
527 638
285 1449
246 384
845 862
952 1051
11 140
747 1474
711 1098
45 584
1428 1493
498 1197
712 732
642 1520
706 731
929 1198
383 1224
26 1277
382 405
460 1373
88 371
325 789
917 1513
614 954
466 708
625 849
1066 1106
697 778
867 1192
692 747
650 1064
825 990
1203 1263
1212 1440
145 943
919 1538
482 1066
619 1223
186 1403
862 1440
1164 1360
1074 1369
12 254
877 1316
1187 1554
207 808
816 1466
18 38
570 763
1026 1268
244 1176
684 1524
483 665
803 1094
2 552
151 1183
1026 1172
1053 1121
1157 1357
594 1512
261 290
1152 1291
610 1400
311 420
620 971
687 1473
228 910
202 1360
1175 1289
614 920
344 664
1184 1472
406 1449
517 1597
526 1462
963 1251
915 1202
886 1219
37 568
279 692
524 1250
321 808
51 565
630 1524
124 755
865 1215
577 1581
188 283
88 267
311 906
812 950
908 921
117 442
310 809
744 1063
1526 1591
1047 1333
302 865
67 636
936 1441
587 797
747 1109
1375 1524
725 875
576 832
1001 1267
2 211
1141 1330
873 1160
748 1168
540 1103
251 1029
36 726
725 934
795 1072
1281 1294
680 928
328 898
781 1215
467 528
280 1417
176 1067
362 780
902 1235
183 780
1053 1105
66 1481
114 392
1274 1324
730 852
695 1521
550 1285
756 844
1051 1560
867 1363
778 961
730 1217
1435 1516
1119 1260
149 736
20 549
664 1476
639 916
394 1405
266 1359
123 290
1184 1221
786 1415
563 1120
121 1418
799 1582
12 436
110 1144
1001 1222
497 1220
71 1420
489 939
342 566
896 1208
470 1208
130 159
1233 1308
1033 1556
89 441
447 987
1114 1501
553 1512
155 1585
609 940
30 443
590 830
499 959
150 191
50 373
913 1340
285 303
69 1301
711 906
439 964
87 402
410 1153
73 897
1160 1516
215 1375
754 1182
637 1187
722 1237
298 1115
226 961
1371 1576
500 1080
57 264
377 975
3 1153
44 134
1247 1352
167 232
299 1101
384 888
83 148
172 1055
394 1587
155 1350
955 1069
325 864
146 287
632 645
401 536
347 1171
186 1476
272 1340
565 1443
28 147
555 1470
1094 1333
1439 1544
659 1174
217 1577
212 1575
60 1071
172 508
620 1132
503 1073
179 1148
1537 1542
995 1435
913 1095
358 1558
630 1237
817 1119
210 469
402 1561
820 1191
371 655
281 961
1006 1364
1201 1567
855 1322
793 1147
919 1112
789 1114
643 863
706 1367
271 525
204 894
258 305
66 634
772 1006
938 1220
14 1153
485 1223
872 1600
98 602
220 1382
240 980
860 1059
375 441
358 644
7 836
727 1210
187 207
883 1469
113 464
194 610
9 1116
741 925
507 1118
35 276
1191 1425
196 1100
621 1591
795 1226
711 1215
15 1240
393 513
382 1569
975 1056
764 1383
61 909
299 845
376 799
490 1059
41 350
565 1332
757 827
104 1075
307 967
265 583
680 787
102 1519
724 838
1051 1515
229 1534
810 1314
370 626
21 1179
508 797
367 1011
132 321
588 1217
722 1099
800 1528
669 967
375 896
397 1270
507 735
798 1346
674 752
1408 1518
975 1376
119 194
517 1081
1221 1339
715 1468
406 541
397 1137
181 719
333 1217
221 767
510 847
761 1037
393 634
449 1387
392 905
299 1558
314 1397
141 177
408 448
821 1515
847 1303
281 691
616 1239
389 408
125 537
553 1089
1405 1581
868 970
256 837
597 1485
413 776
137 551
266 933
79 1312
949 1414
1426 1437
1073 1539
77 892
517 1381
1219 1230
254 1141
643 1167
13 990
236 530
96 944
196 489
1048 1161
722 1574
57 1246
1273 1523
365 604
105 1374
189 375
997 1589
128 382
456 1087
487 932
516 1409
690 826
184 1368
734 1148
307 1089
34 1096
42 226
68 1307
90 517
508 630
520 746
986 1325
1216 1567
110 1580
205 431
362 1413
387 1288
262 1256
274 1178
324 491
109 1497
1134 1430
750 1595
1549 1573
250 788
585 603
375 1552
869 974
243 1478
67 361
933 1069
458 743
778 1132
206 1305
956 972
836 1271
1162 1483
596 1140
99 391
409 829
268 787
244 1254
23 1521
11 1212
994 1249
562 1594
519 608
294 1470
205 533
981 1331
1027 1424
523 1461
288 536
977 1577
1331 1500
513 1331
399 724
345 1293
497 1319
473 1297
1034 1564
18 49
1347 1541
1251 1511
209 1052
312 1584
15 1484
124 497
309 1434
159 925
58 1181
838 872
615 1296
185 1434
123 125
485 1121
231 776
654 1574
620 693
1281 1318
147 923
243 612
556 1237
969 1444
875 1216
211 1011
23 1445
1322 1325
473 494
577 1257
28 1183
1261 1531
401 628
359 627
499 1530
1301 1483
317 1294
1418 1576
405 745
663 866
192 538
647 866
255 265
921 1572
1131 1316
379 1019
417 1565
402 540
45 849
339 1218
137 170
1170 1317
1353 1457
613 1522
476 1159
762 1370
1333 1596
201 957
1031 1537
298 1019
468 1321
123 289
529 637
790 892
92 1004
134 1381
1198 1306
203 259
670 681
160 814
401 1107
835 1335
353 919
144 1169
332 951
180 1042
308 1044
125 497
1204 1361
75 1179
385 462
16 651
671 738
16 422
275 562
118 1069
1530 1562
911 1256
1091 1419
172 249
308 370
443 678
75 541
6 369
1055 1398
119 1367
31 464
328 1552
434 1337
722 924
1059 1568
486 1254
1118 1454
357 698
118 146
824 1194
989 1482
842 1062
57 885
148 734
287 966
225 470
594 1478
15 46
1039 1055
109 1559
83 228
293 550
306 794
173 200
1284 1558
407 484
773 936
336 1497
668 683
919 1293
223 1207
183 1193
249 508
525 1323
63 395
243 1058
186 1056
916 1169
476 1262
1148 1279
603 1579
532 706
6 1120
655 1565
99 675
39 1431
227 1536
629 1467
951 1411
263 738
49 851
405 1083
996 1557
278 1166
624 995
550 1043
652 962
256 696
421 1377
785 1109
201 1120
812 1568
646 1097
790 989
672 1201
560 1225
554 1084
203 1151
145 1493
603 1487
1162 1595
806 1337
230 1329
602 1382
143 715
316 1461
1006 1467
283 1218
337 646
7 1255
125 968
94 1547
707 1354
63 314
156 480
1242 1460
1478 1535
212 917
733 1445
282 444
667 1519
959 1054
644 732
380 629
1300 1582
464 479
1080 1272
468 574
232 1339
927 1243
144 215
443 728
34 1515
352 1561
67 642
176 680
1170 1257
1113 1209
231 460
280 1459
22 1402
892 931
264 391
757 1012
129 815
815 927
683 1147
575 729
174 304
1034 1052
1133 1278
1086 1420
218 1265
1034 1351
894 1390
953 1463
349 487
572 1468
47 689
337 1367
443 566
634 893
689 1300
1306 1588
27 531
583 1575
95 222
298 453
556 687
33 296
303 1237
572 780
514 965
415 845
135 936
284 446
880 1463
381 1276
331 1229
729 1535
1350 1423
232 1515
196 597
68 671
601 1523
916 1211
680 1429
696 1589
617 976
224 1343
254 450
116 538
84 612
301 1586
926 1551
758 1159
887 1210
566 1541
28 1407
530 1317
1163 1304
1020 1294
832 855
124 1534
63 591
138 234
1101 1320
1225 1575
527 967
710 802
176 267
775 1129
198 520
82 1341
270 438
984 1140
221 908
162 1354
16 911
703 779
826 1592
372 808
629 1177
962 1205
523 828
95 1409
679 694
512 1028
749 806
11 1229
182 203
980 1002
341 1413
333 476
326 455
871 1291
37 471
199 1556
175 326
800 1374
409 1101
527 1305
249 251
126 1494
55 109
863 1418
589 1163
106 351
591 748
30 42
201 685
1057 1393
482 577
280 1425
723 1383
163 627
205 618
207 498
450 451
233 1439
1509 1560
61 317
840 1428
795 1081
729 1596
12 1579
79 575
880 1047
474 907
1426 1576
1404 1552
1140 1345
1190 1216
688 836
1213 1529
805 1444
53 1564
742 1409
383 1298
859 1471
98 411
1193 1501
171 531
368 863
204 1478
397 893
833 1024
221 1548
1406 1431
224 258
21 271
683 1261
981 1327
146 953
399 403
521 1166
58 362
495 1543
38 1277
601 1448
763 1518
239 912
355 1405
170 427
579 1249
289 600
297 1439
596 1516
43 619
103 1151
803 1572
1086 1240
446 1204
105 1320
1460 1548
1500 1536
536 1471
103 346
289 1333
259 952
829 1470
1214 1351
543 1591
505 1250
268 1005
1389 1566
563 1247
89 1475
103 449
425 954
755 982
1029 1332
669 1433
25 295
554 1169
210 1535
763 843
548 683
365 1138
576 1355
592 605
332 1078
103 248
614 673
1117 1425
327 1369
154 1255
64 1286
258 1393
366 762
417 973
793 1336
1424 1475
40 1203
83 1018
72 1252
284 1259
246 755
673 815
383 1238
570 920
399 1095
976 1463
945 1430
162 174
1132 1287
884 1167
322 440
380 1289
5 1203
465 1309
607 1021
932 962
265 1478
340 713
300 1020
221 1058
111 1161
454 563
41 823
438 720
331 1511
475 1558
886 1437
35 463
759 1258
102 486
315 640
217 1469
2 821
329 1204
189 540
993 1390
1287 1494
365 1387
559 666
1 570
480 554
609 1129
62 272
362 1099
1090 1526
51 719
273 401
463 778
551 1392
1087 1433
311 635
657 1395
1155 1248
135 1490
108 842
543 1159
399 1554
152 157
717 841
102 313
502 1184
1432 1519
166 452
394 1245
626 1083
29 556
283 1524
509 956
636 1116
804 882
1538 1556
302 1317
173 1094
343 446
292 942
799 1156
90 625
123 291
1329 1414
307 647
1061 1223
241 267
573 1259
390 1391
384 1561
882 1384
104 1222
111 1503
139 458
533 745
887 1362
72 93
531 955
770 1452
814 1097
543 693
342 1088
1205 1553
409 1173
65 1442
140 1320
189 1093
300 1312
271 533
48 1484
538 658
1148 1429
113 354
139 481
676 1088
155 501
796 1526
1074 1134
1186 1507
147 973
792 1152
822 1349
381 1467
731 1002
82 1510
414 1185
571 1065
524 681
532 1362
422 1540
43 1498
456 701
278 757
526 1511
982 1440
284 992
542 661
45 1528
323 976
471 1539
459 1238
238 1523
903 950
642 1266
260 971
475 568
230 1352
507 1315
220 539
484 904
482 1098
341 546
938 1408
9 1507
744 846
176 1558
944 1581
577 665
228 1005
1009 1211
130 562
200 1345
694 947
1289 1508
539 1400
38 978
20 217
222 306
864 1138
748 1453
696 1022
348 627
104 1300
1062 1529
918 1145
103 629
797 1143
1139 1181
181 212
511 759
280 1014
1224 1363
444 931
909 1141
191 496
704 1123
29 320
582 1096
553 1232
412 1103
489 911
1150 1347
515 1427
707 999
250 1506
396 1461
301 1043
852 1509
41 1319
590 1251
94 541
880 1396
1094 1446
768 852
931 1353
480 1485
615 1276
801 1401
54 269
458 1420
701 900
1089 1239
780 856
277 1307
388 613
473 1221
625 1168
209 1271
157 1380
582 648
854 1528
942 1490
17 1448
663 1284
79 668
52 1089
246 547
1022 1133
80 850
272 1310
491 1004
447 1023
89 1467
1404 1591
265 1104
85 853
685 1142
654 791
77 1123
511 877
131 202
381 522
416 1329
105 1036
1007 1138
311 961
122 1190
101 295
1131 1171
327 379
558 1423
690 1046
1298 1542
113 968
457 1030
796 812
574 667
26 193
983 1244
645 878
483 600
746 932
108 115
1008 1438
178 251
877 1078
223 354
1086 1214
132 991
453 635
830 1048
195 1531
610 1366
1133 1481
817 910
50 1135
207 308
1198 1422
710 1060
355 561
181 648
425 1380
57 254
622 1551
342 1442
357 1527
1083 1085
612 1426
217 767
222 671
492 520
318 425
991 1260
578 1146
1209 1311
876 1016
769 1353
831 1293
518 708
23 64
117 1283
62 322
359 1267
673 784
449 455
644 904
797 1046
915 989
518 887
48 957
214 1204
858 1592
1058 1079
568 1477
55 1156
272 618
440 503
26 66
742 805
801 1342
777 1016
1172 1551
721 1468
160 1570
1085 1318
1059 1445
1037 1222
356 1433
823 1586
36 56
1068 1443
1063 1437
1143 1282
980 1401
632 799
637 1553
295 699
542 1391
1064 1259
188 541
656 1285
126 145
1076 1190
351 1344
723 826
122 913
711 1221
150 1386
904 1578
590 871
433 1276
233 801
187 674
1049 1130
609 1328
288 1347
888 1359
83 1296
1275 1599
778 959
239 1092
695 975
844 973
43 1375
143 742
575 718
1081 1475
242 736
434 510
1010 1173
536 875
314 1482
546 1481
1114 1465
605 1447
1196 1580
39 1541
946 965
1056 1574
714 1255
78 1373
1381 1586
699 1207
925 1484
275 818
57 1357
278 1461
526 1583
125 1107
232 1106
1047 1460
661 1047
733 1117
434 1262
834 992
216 1197
653 772
800 1443
971 1311
245 830
117 1017
676 851
198 1425
263 746
303 1261
831 1377
381 602
627 1100
868 1022
858 1070
293 881
312 561
417 1419
350 1048
827 1182
953 1295
915 1434
1154 1532
1219 1278
424 928
1006 1187
191 895
807 1521
88 963
396 1424
1 192
850 964
360 794
37 352
623 1160
346 837
129 1173
1171 1206
768 1419
987 1466
199 655
906 914
1039 1328
1235 1467
502 1250
737 1471
605 760
373 570
166 481
307 1410
456 675
158 751
601 1003
358 674
285 1078
269 635
118 1274
178 1229
503 1295
702 1115
888 1052
505 1208
537 1556
38 1255
407 430
164 1149
948 1544
301 672
825 1249
121 305
269 1280
617 1409
188 497
612 1571
610 1538
102 1429
135 659
454 1365
929 1011
686 958
590 893
387 1264
6 545
44 1398
621 1183
1302 1577
861 1358
12 500
787 870
167 1572
638 1137
1440 1518
891 1529
187 966
92 506
823 943
1130 1495
372 1046
382 1403
426 698
94 252
204 1197
247 1414
216 894
593 1507
196 585
72 1437
182 1310
709 920
637 1270
520 1470
498 766
861 1489
903 1590
14 469
990 1376
87 418
566 1426
443 1238
682 1307
390 734
1025 1376
318 1282
735 1188
1072 1154
472 769
865 1387
439 504
302 1024
467 762
352 731
430 1312
912 1246
215 1265
202 440
120 475
330 730
287 712
509 969
424 774
46 957
633 735
1287 1491
571 1448
1108 1518
1338 1588
385 608
211 1379
425 657
484 1090
136 488
972 1252
799 1384
431 502
588 1548
472 935
172 855
533 1280
279 1244
969 1043
334 1439
247 988
959 1201
90 419
81 509
1009 1215
76 1555
323 1268
712 767
1046 1142
1311 1545
476 606
288 1199
1301 1406
1100 1496
1038 1507
999 1442
158 1341
35 1501
705 1137
227 1410
353 943
578 1189
412 500
1264 1549
51 545
120 214
160 905
584 1023
357 1000
21 1559
1344 1373
280 1401
812 1043
361 1332
870 1192
359 1299
344 1288
455 921
54 1000
973 1057
525 577
356 653
74 1544
1083 1565
38 765
834 1035
467 750
723 1271
993 1120
1352 1566
894 1079
749 1562
1058 1494
10 693
177 1574
658 1254
96 1149
1234 1571
53 65
1416 1519
937 1184
771 1545
240 1082
1202 1593
213 991
558 1124
410 1132
386 1381
130 900
401 1014
138 1496
752 783
1388 1395
213 429
5 861
1365 1386
438 488
870 1338
1015 1408
1035 1128
986 1027
624 1488
1032 1053
632 1303
1397 1519
113 1553
332 510
1157 1418
369 398
108 1057
54 1077
415 1569
902 1233
721 1220
852 987
54 605
639 1265
168 538
116 490
91 766
75 1326
274 1185
565 1106
570 1051
165 704
374 1505
300 1252
1456 1546
173 1353
499 929
124 917
324 1299
634 1535
24 150
133 1450
552 1019
100 510
393 960
1427 1569
575 770
270 1020
1202 1213
30 1433
978 1415
68 1139
1009 1398
741 760
922 1236
315 1046
522 1200
164 186
411 515
321 1413
97 764
221 1180
383 1292
684 1102
187 1588
30 1304
189 1554
1119 1514
92 1545
835 1022
588 1318
774 897
175 1455
1219 1290
622 1297
488 1396
371 903
550 769
224 1348
759 1001
1157 1235
555 1070
560 587
1104 1494
191 677
448 566
1234 1331
1028 1449
1209 1261
849 1411
753 1131
316 717
326 432
108 1116
78 474
376 445
563 1242
514 1003
1004 1317
914 1127
1192 1269
81 494
19 1144
1001 1086
352 1345
426 448
8 1033
524 1335
781 1365
98 208
505 641
330 1036
174 1241
751 1231
428 1136
242 1483
453 1493
679 1044
223 613
985 1155
1087 1237
477 1010
235 796
629 1187
387 445
1309 1506
234 455
376 811
859 1239
81 993
878 901
467 518
309 1458
165 278
542 1527
1113 1569
754 1056
671 1164
249 288
43 1489
28 451
245 1598
33 649
454 1522
968 1310
638 1401
687 1562
294 1200
549 669
104 1017
1165 1355
33 202
47 1271
633 1419
1136 1202
1369 1492
1593 1595
156 606
800 1588
472 496
134 525
633 1584
275 1244
268 753
396 740
1248 1251
335 844
10 542
752 1121
213 1368
245 1253
1515 1551
111 534
470 974
1179 1182
136 967
304 713
534 1389
984 1315
750 1509
544 1110
179 412
1011 1273
346 777
386 912
1253 1416
836 1085
133 194
98 1230
627 1245
100 724
27 971
151 219
867 1550
319 578
170 180
2 229
353 1506
349 1395
117 127
315 776
76 119
593 1574
133 660
416 1166
145 1066
748 786
1255 1455
76 1525
389 929
126 1576
424 977
678 1064
850 1550
960 1560
452 1410
1109 1492
338 775
238 688
347 367
53 1599
793 1537
248 418
994 1170
855 1380
105 838
448 803
338 494
1072 1309
1372 1491
324 438
1053 1286
421 620
287 1070
120 489
1088 1334
190 1554
97 282
678 1363
355 623
264 569
431 703
223 1466
191 1590
616 1502
491 1218
377 1227
872 1149
407 1371
1322 1372
716 821
331 1456
167 1057
356 1045
952 1236
257 672
474 821
1108 1475
856 881
903 952
200 1285
1286 1482
958 1438
114 245
576 1236
320 820
298 404
864 1075
783 1563
117 1366
981 1164
765 1144
330 1264
84 515
1104 1378
148 1210
1489 1546
436 1298
560 822
369 1116
281 1511
140 911
528 555
441 1174
580 1160
734 1091
390 675
1207 1447
490 1538
881 1262
509 1068
206 1186
359 782
147 180
262 1428
427 1091
391 817
581 920
444 1214
313 1258
899 1032
568 599
786 851
679 681
846 1033
779 1502
31 162
61 1031
173 842
85 1110
25 1013
376 1141
364 843
252 1201
1356 1488
816 911
22 141
286 1246
535 1053
543 1444
768 1283
1260 1421
1346 1569
764 1289
676 1377
849 1082
224 323
339 1128
65 754
600 1545
447 749
408 1394
728 777
141 1459
141 927
998 1495
591 715
463 527
1509 1523
30 101
237 1029
17 914
93 169
848 1057
352 492
107 1112
789 1238
259 682
518 1411
228 1320
61 1248
938 1074
893 1598
1159 1379
478 1566
585 1223
678 752
1315 1594
154 1341
1366 1402
91 820
239 313
804 1371
53 823
604 985
426 1091
101 902
208 246
1504 1521
1300 1421
415 996
252 1576
432 1118
47 1298
10 62
742 940
1077 1250
240 534
677 1168
860 1031
473 1211
640 1460
781 1510
719 878
1031 1098
594 1233
626 954
95 1432
1082 1590
273 1454
741 1481
1010 1458
340 635
743 898
379 1423
581 934
1151 1491
1378 1474
151 985
1334 1414
137 197
424 1535
366 803
17 586
951 1135
71 72
804 940
379 595
860 1503
408 954
1072 1158
510 1393
1041 1290
444 795
366 824
1457 1522
363 1596
583 847
243 1413
1013 1474
499 878
722 1049
692 736
1037 1504
587 689
17 1505
504 1394
377 1364
735 1268
706 932
340 607
284 710
562 1006
406 1005
498 1066
943 1111
188 631
1145 1346
263 641
138 716
651 1499
235 1263
165 1272
195 1331
49 347
1142 1240
565 791
870 1325
599 798
70 456
20 486
899 949
782 1032
39 286
284 903
260 605
65 1565
339 1510
163 1461
34 713
976 1097
828 1534
142 1081
1304 1464
323 403
423 1128
684 924
918 1306
606 772
487 923
31 1404
607 1388
631 1600
230 1290
648 1472
997 1578
569 582
66 110
72 465
704 737
304 1021
53 135
579 609
530 1051
414 785
817 1446
378 1473
619 749
33 718
588 791
24 377
171 199
209 587
827 1043
372 549
1105 1564
209 1517
559 795
341 1000
941 1486
461 1123
354 690
1097 1337
591 760
585 1168
279 838
535 1469
788 1412
392 1186
529 1305
283 653
69 325
349 721
478 555
771 1102
127 963
521 1497
1007 1511
490 1334
48 491
420 1379
947 1240
469 656
180 449
237 688
46 1073
559 1071
548 701
186 244
802 1313
442 1272
32 980
19 1162
226 1236
429 1181
29 1105
367 1487
322 891
153 1416
170 948
142 751
248 708
1108 1441
761 1220
116 337
992 1327
690 720
767 1092
1032 1543
424 587
350 422
682 1289
632 1505
1108 1315
948 1041
636 1314
1027 1191
623 693
578 649
86 1188
1282 1379
470 809
747 1375
106 361
348 1067
439 1163
750 1126
74 1550
183 299
1232 1595
654 997
4 942
681 890
1230 1459
1076 1451
1082 1385
607 1390
436 753
13 50
426 887
1208 1422
1 1419
1446 1582
292 1586
1479 1508
682 1399
650 1388
501 936
1092 1370
1548 1583
270 1176
77 198
242 805
1275 1542
157 537
286 1065
1181 1343
916 1234
820 997
1034 1155
681 1282
857 1324
719 1431
308 1178
501 563
1025 1500
955 1441
216 1517
46 253
261 1271
483 1178
512 692
825 1482
1169 1351
138 595
1530 1538
984 1384
5 1451
1018 1517
157 1084
885 949
535 965
1093 1155
416 1123
1038 1079
1248 1290
207 742
489 1533
445 895
205 1246
312 553
889 1562
204 1079
3 868
42 1205
947 1242
612 1223
477 640
1272 1274
294 1339
267 338
252 1506
464 1589
745 923
124 672
334 396
295 782
800 1149
488 793
924 1400
58 1065
1128 1206
429 1215
25 948
1150 1474
336 1383
525 609
315 761
843 1457
382 1550
853 1317
953 1596
850 1283
879 1336
214 625
340 495
907 1525
356 753
150 479
213 583
1112 1499
483 1229
552 999
840 917
1170 1557
200 760
728 1332
111 794
839 909
928 1163
501 1582
345 596
564 1350
1396 1577
1122 1600
251 1319
29 190
316 1551
648 1096
1380 1573
69 732
1134 1514
129 774
462 875
34 1591
349 386
493 993
886 933
378 1495
700 1041
633 1041
142 1464
81 235
355 586
1187 1298
413 798
1211 1587
18 1054
956 1560
42 669
434 1348
100 1371
76 879
615 684
131 1479
1067 1456
907 1250
900 1596
1099 1439
247 1476
216 1111
15 1239
428 487
771 998
68 92
439 581
1196 1247
266 1067
979 1395
600 1470
927 1052
477 1025
829 950
669 902
394 872
40 579
1052 1389
1307 1377
739 801
512 1193
113 465
132 338
65 897
718 1429
548 1146
639 1539
1142 1251
624 1517
1422 1503
901 1211
300 755
94 1126
1314 1472
393 1428
699 1090
616 1050
616 1313
717 1549
986 1427
476 841
995 1146
833 835
595 1022
571 738
703 1585
17 725
482 1372
44 149
374 1205
575 1338
6 512
227 1141
1263 1370
231 982
1326 1449
247 1139
321 1453
7 816
945 969
347 824
375 1343
959 1340
16 377
1503 1540
700 737
884 1061
519 1555
1019 1344
227 611
529 1361
97 1162
131 360
819 1384
303 437
744 892
129 810
80 1273
598 1545
256 1338
984 1559
1214 1241
1010 1327
554 909
459 468
219 1532
416 1197
56 1066
1118 1180
702 1227
197 876
182 771
407 564
901 1471
177 179
801 1257
196 1196
193 589
466 894
73 1447
475 1303
129 344
428 1104
305 893
452 1191
334 676
289 1276
578 1501
704 1599
630 1477
786 1463
779 1496
208 1336
686 1182
1327 1357
39 1466
763 1455
491 1597
567 631
94 212
668 988
328 423
660 1145
576 1302
84 1436
803 1475
775 798
750 1287
1167 1409
1111 1310
504 675
1208 1274
63 1154
463 1291
626 1124
190 811
342 1265
333 806
822 1498
16 1127
856 1498
293 1362
268 1195
304 700
1060 1297
229 854
1135 1438
1312 1536
707 879
1097 1494
176 1238
33 1177
640 1270
353 1040
1036 1579
95 715
1423 1458
339 1040
1189 1454
845 1038
44 1012
230 916
490 687
908 1583
121 1042
242 326
289 1323
472 1181
1351 1368
257 1442
996 1355
130 641
1224 1533
208 1007
152 1335
432 650
427 485
767 1590
64 930
1009 1432
386 688
880 1505
451 1549
158 438
2 1170
169 973
198 317
407 848
636 1530
282 1563
116 611
1115 1314
1014 1477
616 1038
309 567
514 726
1144 1226
589 1005
1123 1146
433 792
864 1391
411 1492
154 381
1090 1115
860 1394
682 1115
969 1127
789 1434
976 1477
152 397
461 846
982 1096
253 337
730 1073
965 1362
348 819
1222 1406
808 1354
495 951
1266 1329
756 1586
171 1016
964 1143
1124 1403
384 915
43 1426
1055 1580
881 1490
150 621
7 725
939 1304
1044 1492
496 1177
524 1003
958 1083
665 1335
1121 1463
622 910
650 979
434 687
409 783
864 930
7 1570
1092 1284
122 435
321 658
468 1227
1499 1589
1070 1480
825 883
430 1348
1364 1502
831 1400
793 843
97 1452
670 1193
267 1315
471 1050
645 1452
664 1391
257 1002
875 1202
169 990
607 754
825 1166
1139 1546
408 1325
119 881
29 1544
595 1381
661 1573
86 533
292 652
235 1235
369 1192
78 757
564 573
818 1401
765 1075
604 1024
112 968
183 447
136 311
648 1060
49 374
255 257
787 1513
504 1528
149 1542
1221 1383
738 1186
214 1092
314 504
261 843
210 447
478 854
888 922
851 1393
935 1297
24 319
837 1045
983 1152
95 810
226 262
327 1127
677 1543
1473 1532
469 1594
988 1553
1061 1459
233 617
318 452
263 1104
36 158
114 164
468 471
93 512
276 773
297 1527
201 1196
699 1256
550 1189
691 1228
956 1567
106 949
194 1020
521 766
70 880
92 503
300 986
523 622
371 1165
668 1421
388 815
169 777
544 709
350 731
308 617
368 581
320 457
1175 1373
244 310
905 1003
318 1346
361 1311
1048 1190
649 1450
662 817
1127 1415
78 1308
470 1480
318 792
840 1321
557 1147
24 1392
548 645
316 829
519 1488
628 1319
122 1129
260 1504
123 704
46 1506
36 1357
1151 1471
400 1488
208 895
848 1269
128 1045
185 1394
521 1479
1125 1598
42 710
212 454
653 1565
1484 1517
161 454
203 1499
236 839
963 1212
218 926
388 865
781 1527
596 1458
107 652
934 1137
367 1110
111 1279
868 981
159 184
290 1231
696 1335
241 807
157 1549
423 1532
20 594
270 1213
1462 1481
1 93
417 743
662 1486
48 479
266 1288
85 1041
296 1069
723 931
271 608
1323 1371
1004 1143
171 1593
140 597
899 1028
770 1063
839 994
80 1383
4 51
220 584
655 989
1195 1385
946 1584
35 1242
66 1169
50 357
409 697
781 1056
230 1154
410 1278
246 316
826 946
87 1111
64 236
120 599
1366 1380
259 506
41 1356
291 728
502 833
153 1196
192 663
177 1158
354 415
81 979
1491 1496
558 1076
265 1060
426 500
638 1219
368 1547
13 1256
1201 1547
143 603
746 1197
528 1185
294 1130
71 1234
1296 1350
268 734
82 1175
374 703
112 1465
511 1000
714 1326
279 643
332 832
853 1417
252 505
694 1207
414 1320
136 373
174 862
939 1192
200 457
1276 1469
70 1415
4 805
937 1595
392 873
271 1378
1316 1360
1017 1421
1525 1593
914 963
879 1358
918 1173
968 1385
545 1417
272 1536
432 662
421 1573
756 1578
364 756
422 1344
320 1005
586 1236
305 1209
52 522
1014 1055
561 739
328 1220
966 1508
1120 1514
52 641
583 618
371 1487
344 571
771 1379
1245 1425
1167 1571
60 604
428 654
747 1039
1411 1548
317 947
306 1133
713 992
994 1277
638 649
1358 1444
907 1206
54 1391
884 1300
1012 1349
398 1029
91 341
1451 1508
496 1414
281 433
319 707
664 1365
513 1529
223 1434
486 560
79 698
343 890
900 1441
175 1462
56 479
692 866
70 307
1035 1156
574 1301
225 883
404 1125
437 741
814 935
412 1273
413 720
360 494
329 721
474 665
211 1195
890 1263
410 1165
58 1165
1392 1403
233 611
532 1241
995 1323
452 1135
884 933
917 1054
127 974
199 856
506 906
154 730
58 773
975 1340
1412 1594
276 343
651 1382
665 1073
997 1131
151 1389
260 961
319 1042
1007 1275
179 606
779 860
278 708
100 378
556 1520
774 1505
285 784
184 197
498 918
785 1281
937 1367
325 678
241 1166
685 1302
852 1071
253 908
369 1514
925 1312
787 1136
516 1190
809 1587
345 355
105 1189
809 1256
502 858
1048 1173
1024 1529
350 1007
675 814
773 935
202 1349
107 146
166 714
598 940
242 1068
11 471
835 1019
210 558
234 977
410 1566
413 656
376 420
218 644
1180 1261
955 1267
225 1441
295 647
162 1299
363 841
499 547
460 740
551 1279
353 1493
727 1326
259 885
37 131
572 1144
298 630
549 937
857 955
506 878
987 1344
643 1270
709 985
1290 1309
187 333
635 1138
791 938
1035 1230
427 970
569 611
309 702
439 450
62 606
277 1431
1081 1308
362 1182
509 1324
895 1372
305 1231
1125 1573
13 229
844 1114
806 1212
334 492
485 601
1244 1579
237 746
1293 1447
481 1473
9 1174
1062 1087
394 797
1018 1198
159 240
218 501
340 775
862 1578
492 547
9 1378
73 1291
1225 1258
1093 1137
812 908
435 505
277 1013
192 255
264 351
671 1257
286 1318
8 1225
1330 1484
309 582
258 448
992 1329
998 1021
926 1512
835 1585
248 1408
273 472
1321 1407
367 1240
896 1086
889 1185
1465 1485
599 1033
115 1370
1392 1597
637 1258
227 442
76 661
1330 1575
589 1351
1 243
292 912
645 1356
846 1191
193 889
28 646
47 285
402 1049
794 1233
513 942
299 1398
1026 1433
1504 1570
71 647
478 652
1316 1525
102 816
523 1161
171 1302
10 1129
136 1140
1557 1597
138 970
358 841
507 834
440 1045
985 1464
686 1599
474 1343
788 1131
163 758
423 444
215 981
262 1266
241 1218
40 179
132 863
1118 1133
286 625
88 695
1101 1347
920 1243
168 848
912 1307
516 628
51 219
623 1524
398 930
839 1488
951 1275
659 1374
356 1546
554 891
544 928
420 1010
86 697
31 972
417 672
727 811
378 643
62 335
653 990
288 725
194 1176
214 1539
537 1002
1065 1316
496 524
276 1072
1241 1361
651 1363
153 1465
940 1252
492 1275
26 595
91 1322
20 195
115 1103
276 815
219 776
184 1136
303 1089
290 1075
624 822
87 107
580 586
258 695
395 1128
694 1130
684 1368
520 624
237 1178
585 1018
418 729
180 640
139 673
623 1174
224 1017
330 574
156 248
1172 1247
175 998
89 621
185 1061
55 537
291 368
697 1059
871 1385
462 1495
1054 1446
128 342
1077 1466
868 1457
729 853
1443 1572
557 1266
411 848
679 685
436 1442
666 837
158 178
772 804
1183 1427
378 1453
419 1093
1159 1313
1377 1397
480 702
27 824
830 1305
518 727
8 690
134 1157
597 1350
766 1577
874 1588
11 1113
193 726
12 25
784 1180
484 1161
613 1421
450 1268
458 573
590 1493
558 1177
36 277
52 902
928 1021
1013 1101
327 1587
593 829
541 840
14 576
488 1557
752 1078
1077 1147
127 677
728 1496
80 218
393 1412
484 1600
662 1541
466 889
420 1292
25 1136
169 192
782 1369
37 846
1348 1578
209 302
222 745
1264 1572
611 1499
487 854
642 1203
768 1126
500 1445
151 677
128 132
1229 1325
302 820
274 1285
255 1253
572 1355
310 493
389 783
14 27
477 1420
858 1353
804 1580
823 1497
631 656
217 1087
322 1387
275 380
421 544
1023 1241
833 1338
979 1034
55 1216
128 739
1204 1305
1415 1420
1064 1199
522 838
4 1313
210 782
670 1292
220 666
98 993
989 1592
1282 1480
1389 1456
140 164
1025 1063
866 1082
290 921
978 1283
466 535
726 1164
547 1037
720 775
253 389
143 1552
1032 1306
18 101
139 1226
310 660
882 1345
579 1447
813 1567
1339 1567
165 593
958 1243
142 1444
306 1213
1254 1417
163 567
451 1458
918 1322
685 807
324 358
74 405
134 1117
941 1555
297 1359
141 160
115 667
400 559
425 618
332 610
101 1178
453 922
531 999
32 152
82 872
568 1200
1258 1321
296 813
215 1321
1259 1281
110 978
107 236
1547 1582
603 1177
264 1376
601 1112
80 225
1228 1485
1105 1273
153 1479
182 582
133 811
659 1175
764 1510
99 1026
372 1341
249 884
52 584
480 1186
760 926
634 1280
203 1206
807 1404
819 1417
1278 1523
395 700
586 1450
460 889
988 1194
865 1107
983 1231
139 1218
642 913
143 1117
87 744
598 770
1326 1373
515 1406
19 714
297 1328
702 1560
802 915
341 1260
597 1226
1023 1532
348 1199
250 1134
495 1025
181 1015
521 996
941 1374
1347 1388
304 1027
877 1590
433 1501
225 857
621 1306
373 814
414 796
957 1027
166 1287
1176 1563
153 836
412 1412
273 622
86 1028
995 1513
297 982
364 542
1394 1397
75 559
27 241
345 780
748 774
296 1423
1126 1249
708 1199
357 619
261 1122
536 1242
1050 1430
126 1094
100 883
479 784
526 680
291 819
679 960
515 711
411 925
170 762
1436 1534
615 1369
950 1327
662 1035
882 1017
689 1399
135 551
1263 1581
45 740
614 651
1230 1399
250 450
569 1533
385 899
386 1340
1445 1520
810 874
99 733
528 535
859 1343
156 869
580 1486
247 1084
1179 1355
96 561
112 923
178 1328
256 363
453 1477
588 1308
48 813
440 907
35 1023
584 1502
632 1284
962 1295
333 620
1040 1339
834 1270
1074 1084
528 1145
697 1280
737 1360
896 1225
229 274
32 1430
1063 1489
40 1598
32 343
614 998
493 867
293 628
1368 1416
190 816
514 1396
77 174
398 1296
942 1314
1193 1378
10 1107
573 1398
201 335
660 1008
724 850
188 929
67 1228
1311 1330
148 364
1132 1372
463 1500
809 1593
1333 1435
699 926
805 899
768 1198
400 1079
919 1579
1449 1491
897 983
1297 1376
9 1399
388 1102
656 673
600 1397
330 761
844 1071
946 1563
346 980
758 935
952 1205
14 749
1124 1406
847 1485
765 1113
751 1537
363 1403
239 972
1171 1354
390 618
485 833
713 910
114 944
974 1527
562 700
481 785
84 557
69 1245
636 1509
658 769
55 939
190 698
331 732
244 552
109 1030
885 1015
126 1122
966 1495
88 144
670 740
336 1217
939 1594
941 970
712 1599
405 1172
85 869
431 1234
696 871
400 1407
465 1424
325 1228
1264 1448
435 1522
204 1310
118 493
798 1008
1483 1540
1179 1210
162 1020
206 1513
233 366
900 1047
160 953
688 1363
957 1498
313 469
442 1076
532 1556
118 818
219 1302
459 1453
1285 1468
979 1040
395 1224
927 1583
530 1294
292 477
1135 1555
351 914
890 1054
4 106
517 1366
840 904
789 906
99 1151
473 1370
1500 1585
991 1247
526 546
1158 1395
615 1077
482 506
251 1246
1272 1544
335 529
1279 1536
516 1585
1111 1266
757 956
529 1352
1487 1533
403 538
222 1323
253 668
365 380
762 1233
462 602
433 832
237 1200
165 1153
773 1462
1248 1346
146 1194
374 660
870 891
527 695
1122 1542
294 429
707 1030
552 1301
402 759
808 1114
261 511
343 923
674 1165
97 712
592 701
464 513
231 886
346 456
1260 1408
195 1113
1185 1213
34 1039
683 1299
646 1526
462 1125
327 1106
1050 1454
312 930
522 1037
1103 1393
336 458
736 972
1440 1584
137 1062
322 813
189 739
1085 1504
161 561
441 723
1106 1148
516 1195
432 1462
116 1216
954 991
130 1407
511 733
1268 1269
1513 1587
1125 1486
329 418
544 1253
383 777
830 971
148 874
1008 1172
291 406
874 1277
483 966
738 831
437 1004
354 549
686 1430
1088 1227
691 1296
569 1049
406 1292
1014 1468
238 853
315 1245
877 1318
61 1149
63 435
670 1161
1249 1476
983 1156
1262 1280
142 519
121 336
370 1279
676 691
842 1265
256 1293
646 1150
718 869
821 1045
82 1459
1093 1437
366 1210
1262 1274
788 1156
90 1069
114 950
1207 1267
694 1160
1042 1405
446 745
539 772
3 235
329 898
59 945
404 1583
70 1060
960 1099
301 807
277 1067
391 557
1278 1435
115 1203
717 1386
163 932
466 892
945 1252
122 387
988 1341
84 1016
861 1080
213 924
905 1189
363 1518
257 1291
112 1422
1076 1188
339 1452
59 986
74 736
56 1418
45 335
345 1018
1028 1235
1410 1480
121 1482
977 1357
274 1140
106 349
591 769
206 574
50 164
657 1226
654 898
13 365
185 384
334 459
674 802
751 1036
205 1119
32 720
337 1531
1030 1358
144 1176
167 262
161 1571
198 1068
459 557
503 628
108 1183
743 901
19 663
147 1212
839 847
1304 1514
301 398
543 1386
827 1450
89 659
236 320
279 1534
1036 1474
328 1008
403 740
240 1443
1099 1332
922 946
545 1232
613 1356
724 790
293 1158
159 317
283 1453
22 361
564 811
1361 1469
109 1074
387 1150
21 1100
260 855
897 1402
1126 1526
784 1195
287 1145
604 735
667 849
5 1001
564 1012
24 796
74 1502
1000 1288
282 718
828 1374
120 1084
234 886
1388 1428
1038 1568
368 947
876 1002
1168 1581
1121 1224
810 1490
446 461
329 938
831 1342
813 978
721 1143
1071 1356
419 1199
481 1277
828 1473
534 705
794 1407
79 1563
691 1119
701 1382
619 1399
220 263
984 1600
922 1139
1334 1566
530 1385
874 901
556 1361
876 1146
1030 1480
598 1336
639 802
211 1457
1451 1520
465 467
254 1589
269 314
331 631
172 338
895 1152
39 546
818 987
110 206
282 1175
508 1592
759 1422
312 404
1024 1455
19 255
909 1194
15 22
495 737
560 887
373 494
666 785
967 1130
1095 1384
239 539
553 1184
8 319
1029 1435
193 1359
429 581
73 347
934 962
1232 1553
449 970
592 806
532 1510
127 1512
266 924
698 1042
719 1540
96 826
