991 1982
498 653
581 844
154 926
587 737
78 654
16 72
367 931
45 155
850 881
247 681
170 494
36 546
780 942
261 884
442 530
362 972
59 496
88 377
812 886
680 897
676 848
378 922
165 906
138 852
419 845
250 445
181 361
285 549
785 791
307 649
137 228
107 164
366 844
529 738
463 732
36 540
235 897
44 474
153 572
110 759
469 498
176 523
67 263
204 320
8 333
323 902
145 406
361 528
311 837
39 947
73 89
691 825
101 218
193 978
117 679
347 350
597 662
286 765
124 526
199 500
621 988
284 441
409 451
260 334
802 883
310 435
457 893
98 281
256 850
280 635
502 504
72 423
268 499
386 978
56 91
791 912
374 441
939 953
562 888
760 815
585 759
726 977
800 858
389 974
684 714
245 628
790 808
633 767
213 742
16 18
83 909
183 678
79 181
550 777
489 696
565 916
4 483
21 422
227 805
608 964
368 824
909 943
121 708
417 504
218 904
258 658
19 642
266 859
268 863
235 504
288 483
653 812
527 624
196 371
107 917
142 306
776 806
779 806
42 232
450 615
480 869
412 980
600 755
101 314
83 853
434 814
296 546
376 664
472 753
146 953
290 645
462 881
271 669
87 968
542 828
688 865
391 424
680 958
158 574
836 968
518 618
482 781
304 929
719 780
471 784
455 668
190 576
93 820
157 401
67 655
673 984
240 832
626 745
20 80
666 706
529 555
494 969
709 740
414 427
380 840
420 544
568 900
198 728
113 235
508 782
28 64
163 627
167 725
95 407
123 870
252 669
159 436
98 822
52 901
13 475
905 911
382 991
119 270
722 911
109 709
447 790
126 710
416 534
126 375
325 742
132 445
28 140
100 856
692 974
139 188
204 915
1 743
453 679
379 822
354 617
327 794
49 721
47 557
809 823
720 794
807 976
370 945
102 711
463 867
538 644
115 334
505 556
387 407
160 231
119 704
70 954
37 429
65 318
347 460
748 831
448 922
92 293
87 964
628 920
276 849
156 469
329 952
285 623
11 524
464 933
284 817
92 757
606 819
503 735
410 942
638 847
150 173
408 642
216 894
160 612
400 921
670 966
95 914
322 443
552 783
319 503
32 682
59 868
229 741
569 871
173 952
382 737
608 939
35 525
556 808
222 890
272 726
746 912
169 587
444 961
48 100
759 857
183 615
643 738
131 467
478 957
297 349
22 564
118 605
792 975
32 56
73 202
176 295
68 223
491 816
71 668
261 267
549 591
177 670
400 917
271 487
940 990
399 601
809 976
380 810
769 874
374 413
17 587
368 726
147 484
317 355
257 451
466 659
534 763
47 751
337 477
135 680
423 438
20 254
100 244
26 690
80 421
419 874
156 484
86 505
533 563
493 604
626 971
350 603
592 970
236 863
73 707
159 253
487 560
860 908
417 622
294 805
15 506
418 520
92 471
864 932
142 580
701 949
384 464
419 643
702 907
177 601
285 527
158 969
638 985
411 486
76 981
327 974
443 566
62 120
410 573
46 617
50 778
529 586
903 922
83 265
292 814
164 884
104 762
160 861
420 573
261 947
128 705
147 308
30 103
613 872
43 283
309 738
126 351
403 842
195 854
149 331
278 751
79 457
175 707
274 947
184 974
332 548
208 648
619 858
196 977
316 341
691 718
632 846
276 880
129 548
480 971
11 943
116 675
5 464
409 420
706 903
383 647
237 282
273 829
556 713
61 472
225 693
221 523
439 795
363 716
491 629
508 525
346 941
52 821
725 818
506 760
724 806
288 782
225 569
497 688
171 442
500 701
206 785
33 218
136 448
96 162
303 737
872 905
765 982
204 786
42 391
307 373
84 853
28 787
31 659
842 931
358 664
151 951
635 802
440 492
197 868
329 636
25 764
116 677
76 768
26 595
821 918
229 983
9 971
81 551
575 855
3 634
571 753
613 627
134 796
625 867
723 778
53 322
781 912
318 363
263 296
82 297
825 928
686 852
846 958
308 937
24 42
200 359
215 621
310 419
164 830
37 603
497 746
35 795
5 889
659 949
511 740
536 837
158 315
211 432
239 456
65 935
41 453
29 488
188 279
465 911
403 580
170 899
581 772
209 383
485 921
333 620
53 435
398 812
772 934
422 823
632 836
175 647
458 689
289 743
533 980
34 628
248 505
251 496
770 945
389 783
396 829
839 856
687 826
729 739
316 372
131 341
279 326
182 623
243 420
41 751
15 237
703 924
552 883
447 936
607 691
458 487
615 841
596 864
196 440
177 742
514 700
685 755
722 758
60 279
365 402
209 916
397 495
773 893
494 689
317 674
36 114
165 561
202 214
409 963
30 949
397 813
287 511
866 877
344 824
474 885
369 946
551 877
444 865
384 699
5 374
40 644
17 835
199 695
192 422
121 186
401 461
79 548
85 328
182 188
29 214
2 148
463 608
222 485
339 439
882 891
254 779
880 941
40 236
259 337
22 750
231 672
195 938
242 599
148 311
404 960
800 964
56 774
801 882
573 612
66 648
275 673
595 636
132 396
153 530
671 838
537 762
245 889
392 897
227 410
191 789
700 978
120 679
238 425
142 600
578 876
547 772
211 387
660 739
194 639
524 546
322 700
467 895
555 835
779 842
479 902
566 713
316 966
665 674
150 838
542 788
502 574
362 408
57 509
119 330
293 516
314 517
405 428
146 266
274 985
799 943
881 900
194 269
611 623
197 527
300 569
137 989
348 539
431 935
110 483
35 80
156 762
133 683
26 940
156 168
455 841
91 602
253 804
171 577
307 566
547 656
88 898
636 918
393 515
535 730
50 530
157 948
183 347
264 353
112 144
169 334
47 843
55 465
282 360
216 946
330 947
190 627
312 572
205 562
180 318
119 792
346 433
677 715
54 146
91 800
109 801
550 757
598 734
260 443
245 545
306 507
233 496
634 790
163 842
808 987
301 821
605 837
205 319
274 435
51 629
17 123
240 244
766 986
321 727
369 566
540 816
343 455
39 991
29 668
15 412
64 153
198 407
45 429
466 675
340 557
441 610
15 814
686 822
699 869
147 811
601 683
135 203
705 848
583 661
368 899
427 804
141 575
4 342
221 256
240 543
133 979
96 167
40 856
385 698
750 752
109 918
511 519
108 644
149 191
565 989
11 531
357 568
291 415
127 515
167 581
661 952
399 869
588 607
304 721
178 509
194 377
635 925
143 461
215 257
386 802
320 534
576 901
103 261
436 633
250 896
81 411
150 681
228 757
159 680
48 668
318 329
575 833
512 875
754 879
324 948
14 878
89 338
500 645
713 970
97 527
101 277
414 421
512 602
577 924
62 234
30 924
37 609
112 661
183 444
540 990
49 712
286 341
145 224
267 294
309 687
25 899
720 724
182 349
278 860
415 544
704 986
617 686
59 747
137 804
542 878
344 660
430 767
16 141
554 925
388 988
349 358
367 368
63 593
209 498
113 141
549 872
242 928
372 770
455 805
134 640
148 752
105 518
397 852
280 760
839 972
233 752
174 708
99 587
33 404
28 975
8 728
4 395
545 570
766 984
81 144
282 773
291 690
64 84
391 930
57 715
41 357
669 896
18 762
352 517
224 920
562 673
553 652
647 693
736 868
698 769
62 499
565 636
308 747
3 761
551 890
238 510
189 400
258 896
52 757
716 914
222 973
797 817
24 180
233 550
121 459
304 877
77 950
348 655
48 254
314 592
21 259
70 241
109 591
745 876
155 862
55 829
128 767
498 960
8 778
798 951
6 138
203 590
287 932
705 901
493 986
171 698
180 251
220 410
512 962
136 941
187 735
277 780
110 638
662 729
46 736
393 975
544 949
789 846
551 663
269 798
423 520
210 446
57 553
641 867
232 696
582 780
475 532
66 873
302 973
963 968
297 533
452 670
141 536
869 956
130 251
106 944
740 899
44 283
634 818
458 497
382 495
643 692
351 954
246 541
425 820
207 888
437 717
415 819
127 761
203 919
189 352
151 903
12 476
454 505
53 300
672 843
277 473
571 981
685 955
14 834
555 913
184 275
659 892
449 504
847 969
437 983
243 251
541 579
360 481
122 777
431 558
174 376
162 919
142 793
124 725
122 299
125 429
339 470
50 86
276 840
78 531
689 704
281 717
220 589
412 475
324 783
185 276
39 929
187 365
210 585
622 955
90 437
386 722
615 894
49 186
597 878
594 813
486 739
629 676
4 482
243 404
380 799
95 408
343 631
417 744
360 650
189 664
295 521
202 853
753 965
252 697
379 886
287 539
782 920
383 558
558 761
143 239
103 457
688 867
635 820
55 362
697 888
94 522
232 892
375 707
14 104
409 769
211 939
362 662
265 862
749 862
343 733
110 212
125 206
432 688
1 507
27 679
102 114
379 655
51 753
298 351
297 684
383 729
205 559
184 915
190 990
210 543
365 508
226 479
68 470
63 927
524 539
117 299
61 791
66 983
687 960
201 667
465 549
272 555
169 775
563 770
378 827
146 649
722 829
32 313
443 938
289 389
180 761
112 476
792 855
19 114
617 765
598 967
268 977
104 219
241 925
176 384
102 111
364 906
629 664
10 90
493 538
213 774
284 521
468 690
538 988
47 469
278 514
520 618
299 431
395 889
124 807
249 724
388 712
326 424
546 731
51 459
657 946
347 706
37 572
207 841
292 910
514 598
20 187
91 826
631 732
40 774
6 125
211 620
692 805
667 824
176 328
198 414
313 477
583 640
820 953
884 946
33 70
651 887
286 723
801 876
65 151
700 744
351 787
38 570
381 663
385 734
136 162
44 586
106 846
363 584
7 803
61 139
512 784
393 699
479 602
275 644
154 885
133 665
334 519
285 833
107 161
718 954
165 740
831 876
265 593
280 513
226 671
393 786
371 490
22 467
345 885
340 516
531 794
234 515
64 227
418 646
331 460
732 777
260 726
604 982
192 883
225 364
356 441
933 987
823 856
292 436
595 666
361 372
471 917
454 710
610 976
270 859
428 570
158 434
135 577
79 990
9 556
545 665
128 395
834 967
72 331
20 714
642 898
381 490
273 686
866 906
128 385
19 118
588 821
115 727
169 576
197 768
537 746
58 685
625 898
385 589
308 733
567 865
120 866
310 622
89 886
46 536
735 775
139 310
375 883
307 955
620 633
199 288
97 244
214 928
966 967
143 673
152 777
428 967
295 894
379 838
488 730
771 861
328 553
273 583
219 438
195 258
96 312
27 782
114 602
513 567
89 898
122 532
470 826
250 983
434 957
703 936
413 875
66 919
233 295
671 879
528 579
612 871
508 975
259 926
309 352
305 454
433 712
585 818
405 959
99 435
326 470
77 336
407 462
234 563
560 593
458 850
678 709
311 336
353 950
453 786
399 488
217 852
249 489
425 657
33 159
258 402
78 561
181 760
813 935
580 681
246 973
179 343
456 613
540 859
610 891
683 851
727 854
460 795
202 963
175 589
155 320
511 671
321 773
166 582
108 860
507 720
703 749
315 871
676 786
599 667
56 594
684 988
117 191
320 619
247 284
178 887
473 482
564 785
305 714
653 845
49 604
116 591
388 702
115 301
127 956
63 787
416 789
690 730
122 514
292 356
353 897
559 565
38 492
145 708
499 845
298 302
2 531
319 704
574 677
296 951
224 930
357 797
406 588
65 793
344 763
324 605
140 719
7 784
509 826
154 646
392 651
526 893
528 624
239 450
54 304
637 694
50 926
746 836
90 614
695 712
570 911
426 885
210 834
432 693
401 736
329 934
178 456
200 474
763 785
442 698
733 793
3 991
157 725
43 727
17 136
336 756
479 607
73 880
794 802
111 174
516 652
646 816
526 632
193 828
375 804
921 942
205 270
641 939
390 755
532 730
247 439
467 796
390 929
283 591
67 71
696 888
45 303
835 923
238 845
87 989
52 454
718 991
341 406
200 257
724 954
230 854
294 522
126 948
560 914
544 723
123 459
327 466
7 522
445 678
306 758
186 521
38 745
173 426
412 878
481 916
138 772
273 747
784 797
447 491
13 796
25 747
46 557
236 313
132 588
218 880
606 985
12 140
910 973
95 905
654 818
232 440
278 862
597 652
268 713
808 833
776 847
332 811
21 667
152 506
501 890
459 516
402 966
235 654
611 844
339 387
186 543
177 337
219 577
240 358
149 672
12 547
69 257
923 984
631 962
446 528
82 703
502 609
173 424
1 721
651 694
621 841
103 693
269 394
129 896
581 849
322 576
187 655
264 931
172 965
461 767
134 921
372 585
254 293
76 855
457 734
354 557
219 428
628 639
112 277
54 253
29 452
231 985
236 452
380 792
448 930
31 241
262 381
282 620
31 909
444 825
208 922
253 830
748 901
478 718
803 979
170 449
501 626
645 807
819 920
579 674
206 348
589 716
48 937
301 500
359 891
669 981
84 864
43 909
352 520
312 945
2 405
321 446
76 965
200 373
163 543
574 675
619 774
386 861
266 594
613 806
711 781
291 365
188 894
490 596
116 209
152 697
616 755
172 430
132 940
287 857
416 637
676 892
460 787
353 501
349 584
394 656
288 477
68 756
216 399
750 866
212 662
567 916
301 366
330 809
338 962
302 754
26 870
554 640
486 895
702 972
42 832
241 618
74 217
729 815
8 108
86 810
130 571
361 541
77 221
195 882
501 873
24 105
357 433
634 731
509 682
31 817
568 584
537 824
100 346
299 887
259 790
303 868
580 748
125 884
616 838
687 694
354 473
828 964
27 616
468 625
88 875
356 648
572 891
220 255
13 927
376 938
94 956
476 624
623 738
305 427
97 895
530 622
239 833
416 720
81 161
61 957
151 463
199 705
87 788
30 936
255 535
828 951
323 982
290 970
539 934
223 627
174 231
204 562
23 82
450 914
262 471
377 674
130 488
345 979
392 495
120 313
165 345
643 701
140 874
298 355
348 526
323 689
649 823
364 692
135 212
394 606
590 941
366 403
749 754
890 961
107 925
1 982
472 849
552 764
723 908
797 971
10 464
69 449
466 489
41 652
290 350
71 586
497 770
716 910
366 781
58 475
201 267
486 573
9 319
229 928
80 637
215 645
905 944
264 648
131 272
590 702
398 639
113 559
469 812
5 223
157 571
78 923
172 754
94 803
338 360
597 657
93 582
108 229
411 706
600 708
242 376
510 586
25 609
206 390
94 532
93 638
450 748
43 166
394 961
68 934
144 558
340 959
270 654
133 429
51 863
384 710
106 554
411 425
340 625
171 281
178 564
495 610
336 476
6 732
143 262
860 874
12 13
144 397
224 518
433 626
355 402
63 815
22 685
714 908
32 741
390 979
127 965
456 800
325 326
649 711
226 369
123 323
339 583
744 881
327 882
518 980
414 825
758 863
418 482
90 462
325 502
105 969
373 715
192 950
306 333
303 521
255 367
207 913
670 801
2 798
927 943
448 937
179 406
227 910
599 734
317 452
296 472
300 741
575 933
468 578
106 578
238 907
474 519
354 816
148 908
550 745
449 917
446 599
315 523
198 480
356 451
647 682
153 719
280 665
608 837
264 756
660 795
105 517
115 279
641 870
208 603
426 903
162 621
104 163
737 956
494 681
193 547
358 989
118 609
350 915
317 893
538 840
481 810
595 895
666 756
335 590
124 864
23 247
541 584
396 421
97 902
776 814
248 335
111 113
23 843
389 485
477 976
62 137
683 811
335 594
16 427
111 561
763 849
44 815
563 598
388 392
579 809
600 850
98 315
36 212
185 641
568 942
189 611
85 719
226 605
461 658
266 651
93 986
192 503
569 663
138 149
525 933
387 403
324 848
523 524
96 717
788 955
321 382
807 810
682 904
391 953
630 695
796 915
491 987
742 944
332 496
35 873
559 843
74 614
506 715
300 359
271 473
640 913
743 977
283 631
244 430
633 958
490 513
256 778
168 630
900 945
201 728
121 721
533 743
60 699
398 483
451 799
582 963
371 972
481 959
267 364
57 139
71 962
672 798
769 819
513 616
84 759
58 535
355 861
741 844
250 592
118 839
739 936
172 468
344 944
256 377
312 618
19 958
657 940
67 86
82 426
535 851
155 840
160 413
831 857
228 345
363 432
612 851
263 656
10 611
536 788
378 892
378 926
517 560
332 342
370 519
733 887
6 923
289 847
166 889
661 830
150 839
369 853
484 766
75 260
333 932
53 548
77 929
74 182
650 697
21 735
102 537
430 614
181 370
596 709
293 445
677 952
145 194
701 771
771 872
223 424
827 835
650 653
208 791
55 695
338 487
75 758
34 413
237 752
217 931
191 750
342 431
69 561
249 440
275 875
175 335
691 768
154 731
415 822
404 434
130 564
70 907
72 510
207 213
75 744
164 230
59 492
10 489
328 656
147 346
214 592
168 190
18 262
422 793
252 935
83 836
271 305
401 707
660 731
7 286
242 904
230 710
222 248
423 857
88 272
170 255
290 930
552 950
69 289
129 225
228 606
374 938
438 534
179 302
515 642
220 230
131 728
871 927
101 775
294 639
462 765
553 799
637 968
243 442
248 578
400 879
34 783
478 879
39 98
58 900
197 314
117 249
85 161
373 493
34 246
478 554
217 858
129 854
27 848
184 851
311 751
630 764
269 678
252 948
185 396
92 736
45 886
221 405
395 601
603 830
75 337
439 859
161 902
316 696
331 906
421 937
168 213
291 632
166 179
367 858
246 658
764 978
666 776
418 832
23 960
789 970
3 134
99 932
398 607
245 779
484 630
203 215
918 980
342 957
510 545
381 717
436 646
14 865
38 749
507 827
167 711
831 961
24 913
152 480
185 330
60 485
663 870
11 447
768 904
265 624
525 803
18 522
309 811
614 766
298 370
492 817
237 650
274 855
675 981
54 694
281 907
567 912
465 604
359 771
438 503
201 593
234 959
196 984
85 873
9 813
827 987
216 417
325 832
263 453
74 437
596 919
542 775
371 499
684 834
193 619
773 877
60 529
99 658
408 924
