452 1130
5 381
193 232
5 142
117 189
336 412
8 90
107 276
29 410
333 424
11 314
361 446
7 180
185 364
128 304
85 380
56 85
366 408
306 425
132 288
137 320
120 237
288 383
126 355
237 252
161 372
144 312
139 278
89 316
330 436
421 435
18 436
130 338
98 219
242 378
44 278
53 174
62 173
80 109
51 200
106 260
1 297
150 203
159 321
112 429
284 383
156 244
293 397
40 386
304 378
146 423
7 364
18 409
139 321
173 267
306 382
404 431
53 168
223 314
278 417
161 424
16 107
228 258
3 451
347 419
75 266
77 129
149 361
40 233
170 364
111 121
53 142
40 317
5 86
330 389
144 270
167 333
128 419
181 214
1 140
38 59
53 105
393 409
32 287
263 380
44 246
70 250
89 328
271 452
61 348
280 422
131 295
329 441
157 286
288 403
290 397
191 241
51 206
287 334
177 198
186 374
282 294
339 381
144 234
259 451
107 352
271 339
14 211
30 108
147 164
215 387
205 307
88 282
68 139
21 93
343 442
352 397
37 325
34 350
144 239
413 420
183 312
143 348
142 332
78 375
60 105
220 354
446 449
35 375
87 439
70 305
41 371
25 254
266 298
58 308
128 280
180 401
20 137
135 211
2 12
238 419
166 206
310 391
32 116
52 263
14 125
249 373
168 227
194 224
173 218
309 377
9 452
287 370
165 227
200 225
251 274
86 450
393 395
37 108
30 304
253 357
149 185
223 318
418 437
199 229
264 426
222 392
156 289
197 429
136 271
275 353
137 175
187 429
204 373
1 431
351 376
87 428
308 442
79 107
97 336
178 205
158 440
42 440
99 360
11 56
79 122
298 308
203 229
198 448
145 358
83 172
138 218
50 51
106 270
176 243
109 356
197 354
256 438
89 408
68 78
181 403
80 433
69 314
115 175
210 254
85 427
43 139
180 255
110 266
375 407
157 221
107 438
6 351
30 188
115 183
224 362
37 129
305 357
274 281
81 395
138 245
33 208
260 298
156 352
230 373
94 199
171 358
148 199
140 146
228 349
35 285
343 431
13 29
195 233
62 96
3 352
1 231
23 142
204 429
240 440
103 253
67 297
295 374
68 273
16 362
125 452
196 396
64 271
36 185
133 143
197 284
19 281
32 401
113 384
119 437
210 255
388 402
278 379
92 289
145 261
339 387
14 219
22 178
334 439
231 326
154 375
6 403
161 301
162 434
21 445
436 437
61 398
228 441
12 135
43 368
63 402
75 158
268 384
124 169
7 422
166 251
174 448
84 356
24 31
344 434
335 449
415 451
122 285
281 395
337 430
4 16
99 164
387 432
63 252
191 238
147 353
60 100
145 247
236 384
63 216
77 246
186 284
104 292
5 150
232 259
31 292
70 93
272 291
261 446
13 196
281 346
2 68
253 391
18 261
86 134
13 147
72 118
54 167
388 447
48 264
74 118
405 411
83 387
2 37
305 307
256 358
102 204
195 306
317 448
228 363
269 376
4 374
42 351
127 379
11 410
303 322
12 369
274 409
156 400
225 299
244 329
15 220
183 416
116 164
33 123
78 100
292 345
94 187
103 421
206 435
159 340
97 356
106 412
11 394
244 379
130 349
296 309
56 363
151 349
254 327
57 148
121 391
125 390
54 240
102 257
4 442
141 264
320 376
319 381
167 178
218 220
44 260
305 338
236 243
78 225
160 363
10 399
309 416
23 146
303 441
20 82
207 250
44 413
241 439
430 450
298 313
383 401
401 430
159 395
85 123
196 202
308 322
320 414
263 302
272 400
147 305
186 275
117 187
326 344
50 176
88 412
163 432
33 62
27 42
246 320
193 342
190 447
80 418
24 216
192 372
92 300
186 360
90 334
154 420
42 360
34 443
100 283
198 240
210 285
68 411
3 118
202 415
260 396
53 167
122 410
104 251
46 79
379 417
344 424
69 436
327 428
57 90
31 173
103 245
163 420
49 112
252 262
336 379
239 364
179 203
114 252
256 431
289 324
78 124
87 130
232 418
373 425
227 427
103 447
141 343
97 182
210 288
117 388
200 258
195 440
288 378
191 217
14 347
348 355
325 333
315 404
130 291
41 116
94 185
93 222
4 389
26 38
64 293
95 290
289 381
229 320
83 312
169 404
39 449
66 158
126 383
76 370
12 141
69 347
67 272
345 355
199 414
104 105
279 426
328 367
104 170
95 166
297 392
95 399
76 328
88 414
83 230
160 360
10 331
47 265
110 247
29 332
202 385
45 120
205 446
101 407
323 341
190 241
98 405
19 154
97 274
307 310
224 442
10 26
203 296
277 386
60 119
216 370
109 366
90 104
157 362
259 428
84 431
149 190
22 182
222 321
33 101
26 358
169 294
35 177
98 361
109 381
123 177
113 422
253 255
230 249
27 219
155 432
290 443
139 218
19 415
34 62
155 279
72 423
2 43
25 133
194 245
151 369
248 306
30 366
198 393
167 418
21 61
25 115
338 425
164 207
99 145
321 396
96 412
331 363
398 415
230 433
56 134
12 37
201 370
211 268
77 346
114 164
216 359
247 397
179 240
154 193
168 393
73 272
188 451
325 404
322 380
39 181
128 326
226 388
154 211
134 253
116 324
172 184
17 52
111 131
249 261
331 342
38 273
49 140
21 212
316 403
114 406
96 242
71 410
191 264
143 340
35 202
296 348
312 420
48 311
238 351
131 433
8 354
22 76
111 295
234 408
138 342
55 79
81 213
163 243
313 410
237 297
390 405
8 392
413 445
17 135
218 275
41 112
192 291
165 357
6 323
162 213
221 234
140 302
136 226
51 136
141 277
94 412
161 171
114 176
73 169
58 80
77 170
276 369
129 356
280 318
33 71
89 151
29 93
143 174
353 433
101 374
149 408
112 243
128 184
67 160
155 186
118 340
91 407
46 124
208 311
110 284
311 392
5 127
302 316
92 187
87 242
67 409
174 341
99 286
45 190
315 350
212 402
324 365
277 366
246 331
108 157
342 445
182 361
223 238
93 231
271 344
15 148
114 159
287 289
28 368
272 301
102 219
22 119
132 175
54 105
26 368
49 55
276 357
315 411
50 262
49 299
256 434
72 377
314 382
11 311
31 178
24 88
402 408
194 423
19 263
102 404
62 351
36 83
203 248
180 350
332 413
127 263
155 367
181 287
110 215
229 423
273 295
286 339
279 319
19 333
163 378
27 148
215 436
162 335
95 317
179 359
337 346
277 392
354 406
254 279
398 406
98 111
8 311
313 341
101 141
318 321
84 326
81 282
148 217
59 428
152 234
162 165
267 450
376 393
327 440
301 421
38 443
65 212
302 406
182 395
49 329
136 330
106 427
51 285
39 73
143 437
343 424
65 270
133 220
75 286
313 411
226 236
28 432
100 291
190 353
58 90
230 367
198 234
201 449
105 331
182 323
4 76
82 389
170 231
220 359
216 326
366 418
121 325
61 359
81 275
173 341
214 237
192 211
110 225
25 205
23 45
322 359
188 398
299 439
124 310
349 389
36 368
250 389
50 367
38 303
137 294
269 390
89 447
34 394
191 212
92 419
45 371
34 300
32 242
304 371
59 100
52 235
149 197
260 413
189 372
27 283
96 352
134 195
91 229
266 310
3 248
67 243
231 308
179 189
74 367
357 450
22 421
126 283
197 293
344 377
192 338
133 228
26 242
205 438
32 245
91 354
66 115
189 245
84 120
13 199
2 300
1 221
76 127
176 387
47 290
64 276
233 355
16 98
210 239
95 286
337 409
315 358
39 225
101 172
59 146
316 382
23 437
214 278
168 183
183 417
71 221
147 396
82 156
16 181
177 422
97 202
61 151
226 434
39 177
96 241
377 444
17 74
24 150
48 194
65 445
13 257
44 369
74 159
385 450
15 370
150 257
108 282
345 433
17 325
227 424
130 378
171 315
145 306
57 293
309 422
201 385
206 256
69 363
75 372
165 235
71 84
55 132
20 57
345 435
138 160
82 435
255 346
168 332
172 221
9 212
374 426
28 301
92 365
416 439
36 391
161 292
152 399
29 174
193 283
252 353
244 330
30 365
9 265
217 452
9 319
201 405
341 441
77 281
46 209
47 112
232 401
3 28
103 282
72 266
257 420
73 175
60 194
47 322
162 329
187 258
72 153
15 131
45 119
43 400
59 188
165 171
79 313
217 279
384 394
126 171
292 390
324 444
178 398
63 376
204 275
54 117
87 192
64 285
300 350
75 441
111 314
7 127
121 262
56 417
66 415
239 448
113 382
176 430
334 445
290 339
201 265
18 365
52 319
55 371
372 385
184 449
64 362
136 153
262 265
200 443
142 214
58 316
342 425
248 296
166 219
41 144
368 432
46 261
119 310
335 343
180 273
40 257
347 447
273 337
36 277
360 435
135 340
122 209
120 235
195 400
152 303
233 402
102 411
153 407
41 179
264 327
258 446
81 380
299 349
391 425
9 85
258 303
347 451
284 298
146 427
223 309
57 152
23 324
121 386
170 302
66 247
10 17
246 307
208 426
151 438
267 414
35 434
24 184
6 248
318 383
123 345
133 215
58 330
18 120
7 157
88 327
6 426
280 336
48 135
153 323
109 429
328 335
207 291
137 329
274 380
196 427
238 294
152 259
63 448
116 138
207 338
80 132
31 69
42 185
169 270
209 296
50 189
207 294
40 270
70 208
43 184
223 385
268 400
336 350
106 129
241 297
91 239
213 233
318 443
307 421
115 200
235 377
125 267
333 384
213 300
323 444
124 299
46 293
54 91
48 405
132 317
65 259
108 255
217 254
8 21
356 417
249 442
94 397
155 251
269 399
188 244
15 99
20 172
206 340
117 123
237 386
232 304
113 373
227 267
163 396
14 355
312 365
153 265
361 423
444 452
337 388
160 251
27 371
150 332
126 269
125 317
214 348
118 158
222 416
113 406
82 158
407 414
140 362
65 386
235 319
295 399
222 430
283 390
129 236
335 346
60 369
134 236
249 269
224 394
20 250
47 262
209 247
215 444
122 193
86 208
175 382
52 334
166 226
131 276
10 71
280 301
209 438
70 375
73 213
86 268
55 394
66 364
28 328
25 428
403 416
196 250
74 419
204 268
224 240
