473 946
250 414
63 171
255 400
77 300
215 441
328 395
153 196
175 254
178 191
6 403
42 218
94 390
189 423
156 290
313 314
121 358
28 346
81 224
27 135
174 183
191 468
29 429
185 432
205 398
265 339
334 425
131 208
41 385
21 219
180 236
33 201
55 150
35 123
18 145
234 392
40 303
280 416
242 405
76 356
240 312
197 469
95 126
113 299
117 329
345 401
161 348
330 470
302 471
102 138
16 94
40 327
105 107
87 131
341 455
58 425
364 411
256 329
151 227
157 300
184 377
280 366
220 389
122 297
204 215
20 44
308 336
33 261
293 471
73 209
384 426
37 287
249 323
292 389
400 412
260 306
235 246
92 442
139 184
198 335
140 458
314 454
316 467
30 37
49 61
309 327
67 329
206 445
242 295
265 277
47 126
89 447
29 182
16 413
52 99
45 417
12 192
261 271
28 90
346 406
207 255
36 445
135 317
268 359
351 394
14 119
22 407
24 239
440 470
170 341
202 247
275 370
88 404
154 178
197 227
50 280
102 104
203 380
34 339
111 382
229 266
213 388
378 379
1 291
133 387
299 309
205 403
115 390
206 368
60 376
265 318
108 466
172 299
4 340
240 429
104 332
50 169
20 375
231 444
14 205
176 419
221 380
13 260
336 459
93 415
167 187
279 397
381 451
109 251
74 86
216 433
162 408
236 430
148 194
47 459
40 204
216 359
257 380
237 439
417 454
160 412
15 19
8 133
129 326
111 149
275 332
115 386
172 322
197 214
238 297
14 469
11 465
37 402
100 165
32 44
123 192
289 368
147 208
170 395
374 445
199 340
212 300
155 426
25 221
58 359
282 363
357 473
61 374
123 473
220 427
110 326
62 140
243 334
180 202
119 471
298 458
64 435
194 428
270 281
230 426
269 384
13 186
143 400
303 325
229 457
57 451
120 236
271 353
36 315
38 193
194 292
308 319
122 312
39 339
141 298
40 446
88 113
103 468
100 336
155 180
74 430
154 229
52 433
133 315
63 166
28 73
134 243
19 367
312 376
54 321
69 288
393 409
104 423
25 322
289 454
80 84
43 107
3 143
271 357
137 370
136 390
167 443
91 345
36 354
351 386
72 269
272 406
302 439
45 350
87 284
79 286
69 315
184 185
139 306
159 305
29 60
161 437
105 442
39 230
177 373
189 196
70 387
53 106
234 307
277 332
148 186
366 399
297 459
95 318
7 365
32 136
245 419
130 151
268 441
349 381
183 224
186 216
88 316
31 169
24 39
6 226
34 96
408 464
57 139
65 172
270 337
99 202
141 157
65 438
199 399
105 304
267 362
139 395
182 312
252 403
281 351
18 450
101 166
241 466
130 435
179 278
354 411
220 295
110 264
108 146
9 223
12 106
158 449
434 463
159 368
69 379
163 389
6 325
43 66
47 209
189 263
7 201
11 262
81 276
378 456
203 453
437 460
233 465
93 462
33 349
71 113
105 382
173 210
255 390
53 369
34 460
97 114
376 436
5 294
23 42
103 467
156 463
257 288
51 172
16 378
12 371
57 210
132 404
212 449
59 180
116 438
243 311
92 316
146 200
12 31
239 287
435 448
263 320
112 415
91 158
162 409
18 311
19 422
338 392
76 394
315 335
116 128
251 410
296 300
67 443
323 385
121 296
93 149
237 373
194 384
66 256
59 282
15 176
115 191
342 450
170 373
249 439
173 324
196 465
272 307
24 127
22 138
169 268
303 338
115 370
137 423
124 135
65 309
51 296
154 356
21 257
260 452
1 208
45 118
418 448
135 388
22 387
190 395
266 299
25 126
266 301
4 32
27 232
4 466
9 344
355 409
17 355
421 439
273 334
101 364
228 372
32 119
243 361
429 453
53 394
324 386
248 277
28 294
92 210
69 361
151 209
56 130
231 342
341 347
58 342
164 227
95 217
290 453
2 464
149 328
281 352
85 154
260 290
187 304
182 461
212 237
1 321
7 427
46 448
226 432
24 201
253 340
259 449
111 376
21 251
223 367
179 324
265 356
255 283
10 143
244 301
307 333
306 314
212 421
82 226
242 396
77 221
17 347
137 402
91 252
26 263
177 305
213 432
138 371
330 348
381 418
26 60
96 423
75 454
338 355
55 286
152 289
369 399
59 311
63 431
253 391
176 331
92 237
8 373
258 397
7 431
198 317
43 248
33 411
78 168
38 233
155 209
122 447
22 278
187 319
291 424
91 362
362 427
225 356
211 441
231 360
217 412
26 464
128 130
114 248
353 379
48 145
62 195
10 114
283 364
192 222
310 397
258 452
292 462
148 331
117 354
67 245
85 292
420 438
106 381
221 326
87 219
66 118
418 425
244 382
148 274
36 127
188 345
2 318
392 472
261 433
190 306
116 276
304 398
46 301
222 447
242 436
16 82
86 259
111 330
167 436
64 121
138 337
107 333
93 238
206 302
72 124
175 360
372 434
98 341
170 405
166 232
19 23
81 285
55 125
90 168
228 290
15 112
108 459
29 396
150 446
195 391
144 284
122 331
264 365
35 190
218 231
60 317
98 246
155 224
234 256
48 386
54 410
347 361
3 347
264 412
336 407
132 397
75 262
123 150
214 249
55 236
322 407
211 319
269 408
230 411
74 444
11 52
467 468
235 258
217 240
30 455
128 132
34 359
254 335
131 307
179 456
49 277
430 450
192 343
17 232
421 472
267 311
320 401
291 451
143 422
102 218
84 187
72 340
5 383
31 246
81 147
272 391
112 235
175 250
89 472
276 407
79 159
186 264
113 125
220 233
239 297
118 267
41 78
13 53
173 344
179 333
160 211
30 204
10 305
127 178
171 267
253 472
228 282
171 417
320 414
133 370
54 436
342 343
274 319
15 46
225 279
375 467
38 239
75 419
51 415
195 465
176 434
45 84
61 388
3 56
416 446
163 424
262 281
163 207
64 283
153 188
238 369
101 441
101 471
1 223
361 444
134 324
134 142
35 469
42 214
210 468
23 451
142 327
27 452
322 401
282 448
354 396
164 241
445 452
103 293
259 350
124 403
200 258
218 244
109 238
127 233
350 415
79 293
23 321
156 420
181 374
225 469
56 229
99 116
99 392
97 174
43 120
188 352
406 431
6 124
109 228
276 295
152 337
78 270
8 464
234 305
74 455
62 78
247 303
26 455
183 393
67 262
338 362
121 273
185 404
41 413
363 458
193 327
141 168
422 430
230 363
125 145
298 330
157 371
5 198
37 214
280 349
385 460
86 405
203 383
51 357
77 216
160 240
70 161
77 337
313 350
120 197
94 177
44 159
358 414
169 317
4 310
358 360
391 444
152 447
301 329
68 320
225 402
232 461
89 413
76 174
2 96
70 368
117 146
191 248
72 351
47 353
129 200
98 295
189 372
131 241
289 294
41 213
283 443
352 473
44 417
95 162
21 38
156 456
88 286
56 150
211 352
167 318
278 321
161 314
206 367
250 457
249 284
166 328
118 251
207 344
175 470
80 401
35 398
126 132
68 245
83 413
250 424
310 382
9 153
348 385
457 462
79 259
393 428
50 366
296 378
428 432
46 331
110 466
219 369
208 473
213 278
144 435
106 434
20 323
136 215
75 112
9 80
273 304
274 332
171 344
110 200
109 419
61 94
149 437
107 399
100 375
288 421
86 420
102 287
202 429
164 463
215 402
201 364
25 217
151 222
63 358
244 335
222 440
70 83
68 425
437 456
157 257
98 153
346 353
203 308
261 384
294 418
313 377
49 420
48 181
173 207
129 405
58 348
328 346
97 163
408 440
223 263
152 323
50 380
141 144
145 275
119 247
279 366
269 400
374 387
182 333
185 343
357 365
136 165
73 334
309 453
11 360
89 235
114 345
117 147
177 285
83 219
365 462
270 310
65 162
30 410
256 325
2 247
57 291
178 389
108 284
224 457
164 383
85 160
8 355
82 388
165 394
188 302
226 288
10 428
196 274
181 190
104 414
158 326
87 134
204 252
66 313
146 443
254 416
142 193
71 158
367 406
120 460
48 371
142 241
268 285
64 254
17 90
271 272
90 461
273 375
39 279
54 285
100 410
3 287
68 433
199 286
13 73
199 339
252 275
97 424
103 227
31 71
174 253
293 409
183 427
422 440
27 379
83 184
62 181
82 416
193 377
245 246
59 363
85 205
195 449
383 396
14 165
349 426
144 442
393 404
198 438
80 308
137 266
168 316
129 461
147 442
298 398
128 450
140 377
49 431
76 125
18 372
140 463
446 470
42 458
325 343
52 71
5 96
20 84
