1 2
1 9
1 16
1 23
1 30
1 37
1 44
1 51
1 58
1 65
1 72
1 79
1 86
1 93
4 2
4 9
4 16
4 23
4 30
4 37
4 44
4 51
4 58
4 65
4 72
4 79
4 86
4 93
7 2
7 9
7 16
7 23
7 30
7 37
7 44
7 51
7 58
7 65
7 72
7 79
7 86
7 93
10 2
10 9
10 16
10 23
10 30
10 37
10 44
10 51
10 58
10 65
10 72
10 79
10 86
10 93
13 2
13 9
13 16
13 23
13 30
13 37
13 44
13 51
13 58
13 65
13 72
13 79
13 86
13 93
16 2
16 9
16 16
16 23
16 30
16 37
16 44
16 51
16 58
16 65
16 72
16 79
16 86
16 93
19 2
19 9
19 16
19 23
19 30
19 37
19 44
19 51
19 58
19 65
19 72
19 79
19 86
19 93
22 2
22 9
22 16
22 23
22 30
22 37
22 44
22 51
22 58
22 65
22 72
22 79
22 86
22 93
25 2
25 9
25 16
25 23
25 30
25 37
25 44
25 51
25 58
25 65
25 72
25 79
25 86
25 93
28 2
28 9
28 16
28 23
28 30
28 37
28 44
28 51
28 58
28 65
28 72
28 79
28 86
28 93
31 2
31 9
31 16
31 23
31 30
31 37
31 44
31 51
31 58
31 65
31 72
31 79
31 86
31 93
34 2
34 9
34 16
34 23
34 30
34 37
34 44
34 51
34 58
34 65
34 72
34 79
34 86
34 93
37 2
37 9
37 16
37 23
37 30
37 37
37 44
37 51
37 58
37 65
37 72
37 79
37 86
37 93
40 2
40 9
40 16
40 23
40 30
40 37
40 44
40 51
40 58
40 65
40 72
40 79
40 86
40 93
43 2
43 9
43 16
43 23
43 30
43 37
43 44
43 51
43 58
43 65
43 72
43 79
43 86
43 93
46 2
46 9
46 16
46 23
46 30
46 37
46 44
46 51
46 58
46 65
46 72
46 79
46 86
46 93
49 2
49 9
49 16
49 23
49 30
49 37
49 44
49 51
49 58
49 65
49 72
49 79
49 86
49 93
52 2
52 9
52 16
52 23
52 30
52 37
52 44
52 51
52 58
52 65
52 72
52 79
52 86
52 93
55 2
55 9
55 16
55 23
55 30
55 37
55 44
55 51
55 58
55 65
55 72
55 79
55 86
55 93
58 2
58 9
58 16
58 23
58 30
58 37
58 44
58 51
58 58
58 65
58 72
58 79
58 86
58 93
61 2
61 9
61 16
61 23
61 30
61 37
61 44
61 51
61 58
61 65
61 72
61 79
61 86
61 93
64 2
64 9
64 16
64 23
64 30
64 37
64 44
64 51
64 58
64 65
64 72
64 79
64 86
64 93
67 2
67 9
67 16
67 23
67 30
67 37
67 44
67 51
67 58
67 65
67 72
67 79
67 86
67 93
70 2
70 9
70 16
70 23
70 30
70 37
70 44
70 51
70 58
70 65
70 72
70 79
70 86
70 93
73 2
73 9
73 16
73 23
73 30
73 37
73 44
12 58 23 0 58 23 1 58 23 2 57 23 2 57 99 2 57 99 3 72 99 3 72 99 2 72 9 2 73 9 2 73 9 1 73 9 0
12 25 58 0 25 58 1 25 58 2 24 58 2 24 100 2 24 100 3 36 100 3 36 100 2 36 30 2 37 30 2 37 30 1 37 30 0
12 10 86 0 10 86 1 10 86 2 9 86 2 9 101 2 9 101 3 60 101 3 60 101 2 60 58 2 61 58 2 61 58 1 61 58 0
12 37 2 0 37 2 1 37 2 4 36 2 4 36 99 4 36 99 5 69 99 5 69 99 4 69 65 4 70 65 4 70 65 1 70 65 0
12 10 72 0 10 72 1 10 72 4 9 72 4 9 100 4 9 100 5 66 100 5 66 100 4 66 9 4 67 9 4 67 9 1 67 9 0
12 31 2 0 31 2 1 31 2 4 30 2 4 30 101 4 30 101 5 57 101 5 57 101 4 57 16 4 58 16 4 58 16 1 58 16 0
12 1 9 0 1 9 1 1 9 2 0 9 2 0 102 2 0 102 3 21 102 3 21 102 2 21 86 2 22 86 2 22 86 1 22 86 0
12 55 23 0 55 23 1 55 23 4 54 23 4 54 102 4 54 102 5 72 102 5 72 102 4 72 2 4 73 2 4 73 2 1 73 2 0
12 64 79 0 64 79 1 64 79 2 63 79 2 63 103 2 63 103 3 69 103 3 69 103 2 69 23 2 70 23 2 70 23 1 70 23 0
12 4 23 0 4 23 1 4 23 2 3 23 2 3 104 2 3 104 3 12 104 3 12 104 2 12 23 2 13 23 2 13 23 1 13 23 0
12 43 51 0 43 51 1 43 51 2 42 51 2 42 105 2 42 105 3 51 105 3 51 105 2 51 30 2 52 30 2 52 30 1 52 30 0
12 46 86 0 46 86 1 46 86 2 45 86 2 45 106 2 45 106 3 48 106 3 48 106 2 48 58 2 49 58 2 49 58 1 49 58 0
12 52 37 0 52 37 1 52 37 4 51 37 4 51 103 4 51 103 5 63 103 5 63 103 4 63 86 4 64 86 4 64 86 1 64 86 0
12 22 37 0 22 37 1 22 37 4 21 37 4 21 104 4 21 104 5 42 104 5 42 104 4 42 9 4 43 9 4 43 9 1 43 9 0
13 43 51 0 43 52 0 43 52 1 43 52 6 42 52 6 42 99 6 42 99 7 63 99 7 63 99 6 63 16 6 64 16 6 64 16 1 64 16 0
12 37 65 0 37 65 1 37 65 6 36 65 6 36 100 6 36 100 7 60 100 7 60 100 6 60 72 6 61 72 6 61 72 1 61 72 0
12 40 37 0 40 37 1 40 37 6 39 37 6 39 101 6 39 101 7 57 101 7 57 101 6 57 2 6 58 2 6 58 2 1 58 2 0
12 7 2 0 7 2 1 7 2 6 6 2 6 6 102 6 6 102 7 21 102 7 21 102 6 21 72 6 22 72 6 22 72 1 22 72 0
12 7 44 0 7 44 1 7 44 4 6 44 4 6 105 4 6 105 5 45 105 5 45 105 4 45 93 4 46 93 4 46 93 1 46 93 0
12 34 16 0 34 16 1 34 16 4 33 16 4 33 106 4 33 106 5 60 106 5 60 106 4 60 86 4 61 86 4 61 86 1 61 86 0
13 31 51 0 31 51 1 31 51 8 30 51 8 30 99 8 30 99 9 63 99 9 63 99 8 63 17 8 64 17 8 64 17 1 64 17 0 64 16 0
12 13 72 0 13 72 1 13 72 4 12 72 4 12 107 4 12 107 5 24 107 5 24 107 4 24 9 4 25 9 4 25 9 1 25 9 0
12 7 93 0 7 93 1 7 93 2 6 93 2 6 107 2 6 107 3 33 107 3 33 107 2 33 9 2 34 9 2 34 9 1 34 9 0
12 46 23 0 46 23 1 46 23 6 45 23 6 45 103 6 45 103 7 69 103 7 69 103 6 69 9 6 70 9 6 70 9 1 70 9 0
12 40 44 0 40 44 1 40 44 8 39 44 8 39 100 8 39 100 9 60 100 9 60 100 8 60 16 8 61 16 8 61 16 1 61 16 0
12 10 79 0 10 79 1 10 79 6 9 79 6 9 104 6 9 104 7 66 104 7 66 104 6 66 93 6 67 93 6 67 93 1 67 93 0
12 7 72 0 7 72 1 7 72 8 6 72 8 6 101 8 6 101 9 21 101 9 21 101 8 21 2 8 22 2 8 22 2 1 22 2 0
12 7 86 0 7 86 1 7 86 10 6 86 10 6 99 10 6 99 11 12 99 11 12 99 10 12 30 10 13 30 10 13 30 1 13 30 0
13 52 65 0 52 65 1 52 65 8 51 65 8 51 102 8 51 102 9 57 102 9 57 102 8 57 3 8 58 3 8 58 3 1 58 3 0 58 2 0
13 19 65 0 19 65 1 19 65 8 18 65 8 18 103 8 18 103 9 45 103 9 45 103 8 45 94 8 46 94 8 46 94 1 46 94 0 46 93 0
12 13 93 0 13 93 1 13 93 6 12 93 6 12 105 6 12 105 7 48 105 7 48 105 6 48 65 6 49 65 6 49 65 1 49 65 0
12 43 86 0 43 86 1 43 86 8 42 86 8 42 104 8 42 104 9 54 104 9 54 104 8 54 93 8 55 93 8 55 93 1 55 93 0
13 1 93 0 1 93 1 1 93 10 0 93 10 0 100 10 0 100 11 60 100 11 60 100 10 60 87 10 61 87 10 61 87 1 61 87 0 61 86 0
12 1 72 0 1 72 1 1 72 6 0 72 6 0 106 6 0 106 7 51 106 7 51 106 6 51 23 6 52 23 6 52 23 1 52 23 0
12 67 16 0 67 16 1 67 16 8 66 16 8 66 105 8 66 105 9 72 105 9 72 105 8 72 23 8 73 23 8 73 23 1 73 23 0
12 19 44 0 19 44 1 19 44 2 18 44 2 18 108 2 18 108 3 39 108 3 39 108 2 39 23 2 40 23 2 40 23 1 40 23 0
12 25 51 0 25 51 1 25 51 10 24 51 10 24 101 10 24 101 11 51 101 11 51 101 10 51 9 10 52 9 10 52 9 1 52 9 0
12 16 93 0 16 93 1 16 93 4 15 93 4 15 108 4 15 108 5 39 108 5 39 108 4 39 51 4 40 51 4 40 51 1 40 51 0
12 13 58 0 13 58 1 13 58 12 12 58 12 12 99 12 12 99 13 57 99 13 57 99 12 57 93 12 58 93 12 58 93 1 58 93 0
12 34 51 0 34 51 1 34 51 10 33 51 10 33 102 10 33 102 11 66 102 11 66 102 10 66 37 10 67 37 10 67 37 1 67 37 0
13 25 79 0 25 79 1 25 79 12 24 79 12 24 100 12 24 100 13 39 100 13 39 100 12 39 45 12 40 45 12 40 45 1 40 45 0 40 44 0
12 22 30 0 22 30 1 22 30 10 21 30 10 21 103 10 21 103 11 36 103 11 36 103 10 36 86 10 37 86 10 37 86 1 37 86 0
13 7 93 0 7 94 0 7 94 1 7 94 14 6 94 14 6 99 14 6 99 15 12 99 15 12 99 14 12 86 14 13 86 14 13 86 1 13 86 0
12 10 93 0 10 93 1 10 93 10 9 93 10 9 104 10 9 104 11 45 104 11 45 104 10 45 58 10 46 58 10 46 58 1 46 58 0
12 4 2 0 4 2 1 4 2 4 3 2 4 3 109 4 3 109 5 18 109 5 18 109 4 18 2 4 19 2 4 19 2 1 19 2 0
12 16 44 0 16 44 1 16 44 6 15 44 6 15 107 6 15 107 7 24 107 7 24 107 6 24 86 6 25 86 6 25 86 1 25 86 0
13 13 30 0 13 31 0 13 31 1 13 31 16 12 31 16 12 99 16 12 99 17 57 99 17 57 99 16 57 37 16 58 37 16 58 37 1 58 37 0
12 28 51 0 28 51 1 28 51 2 27 51 2 27 109 2 27 109 3 66 109 3 66 109 2 66 30 2 67 30 2 67 30 1 67 30 0
12 52 86 0 52 86 1 52 86 12 51 86 12 51 101 12 51 101 13 60 101 13 60 101 12 60 79 12 61 79 12 61 79 1 61 79 0
13 22 23 0 22 23 1 22 23 12 21 23 12 21 102 12 21 102 13 36 102 13 36 102 12 36 31 12 37 31 12 37 31 1 37 31 0 37 30 0
13 16 79 0 16 79 1 16 79 14 15 79 14 15 100 14 15 100 15 51 100 15 51 100 14 51 10 14 52 10 14 52 10 1 52 10 0 52 9 0
13 13 93 0 13 94 0 13 94 1 13 94 8 12 94 8 12 106 8 12 106 9 15 106 9 15 106 8 15 51 8 16 51 8 16 51 1 16 51 0
12 4 51 0 4 51 1 4 51 12 3 51 12 3 103 12 3 103 13 6 103 13 6 103 12 6 79 12 7 79 12 7 79 1 7 79 0
13 1 93 0 1 94 0 1 94 1 1 94 14 0 94 14 0 101 14 0 101 15 57 101 15 57 101 14 57 51 14 58 51 14 58 51 1 58 51 0
12 19 16 0 19 16 1 19 16 10 18 16 10 18 105 10 18 105 11 69 105 11 69 105 10 69 16 10 70 16 10 70 16 1 70 16 0
12 16 23 0 16 23 1 16 23 10 15 23 10 15 106 10 15 106 11 48 106 11 48 106 10 48 16 10 49 16 10 49 16 1 49 16 0
12 4 44 0 4 44 1 4 44 6 3 44 6 3 108 6 3 108 7 27 108 7 27 108 6 27 37 6 28 37 6 28 37 1 28 37 0
16 1 93 0 0 93 0 0 95 0 1 95 0 1 95 1 1 95 8 0 95 8 0 107 8 0 107 9 3 107 9 3 107 8 3 45 8 4 45 8 4 45 1 4 45 0 4 44 0
13 34 65 0 34 65 1 34 65 8 33 65 8 33 108 8 33 108 9 48 108 9 48 108 8 48 66 8 49 66 8 49 66 1 49 66 0 49 65 0
12 4 79 0 4 79 1 4 79 14 3 79 14 3 102 14 3 102 15 33 102 15 33 102 14 33 58 14 34 58 14 34 58 1 34 58 0
12 7 51 0 7 51 1 7 51 16 6 51 16 6 100 16 6 100 17 48 100 17 48 100 16 48 79 16 49 79 16 49 79 1 49 79 0
13 1 72 0 1 73 0 1 73 1 1 73 16 0 73 16 0 101 16 0 101 17 60 101 17 60 101 16 60 44 16 61 44 16 61 44 1 61 44 0
13 16 37 0 16 37 1 16 37 18 15 37 18 15 99 18 15 99 19 60 99 19 60 99 18 60 17 18 61 17 18 61 17 1 61 17 0 61 16 0
13 4 79 0 4 80 0 4 80 1 4 80 16 3 80 16 3 102 16 3 102 17 15 102 17 15 102 16 15 2 16 16 2 16 16 2 1 16 2 0
13 7 44 0 7 45 0 7 45 1 7 45 18 6 45 18 6 100 18 6 100 19 63 100 19 63 100 18 63 23 18 64 23 18 64 23 1 64 23 0
12 22 16 0 22 16 1 22 16 14 21 16 14 21 103 14 21 103 15 54 103 15 54 103 14 54 44 14 55 44 14 55 44 1 55 44 0
12 7 30 0 7 30 1 7 30 20 6 30 20 6 99 20 6 99 21 66 99 21 66 99 20 66 58 20 67 58 20 67 58 1 67 58 0
15 28 72 0 28 72 1 28 72 16 27 72 16 27 103 16 27 103 17 51 103 17 51 103 16 51 11 16 52 11 16 52 11 1 52 11 0 51 11 0 51 9 0 52 9 0
13 31 51 0 31 52 0 31 52 1 31 52 10 30 52 10 30 107 10 30 107 11 39 107 11 39 107 10 39 65 10 40 65 10 40 65 1 40 65 0
12 4 86 0 4 86 1 4 86 20 3 86 20 3 100 20 3 100 21 60 100 21 60 100 20 60 93 20 61 93 20 61 93 1 61 93 0
12 61 30 0 61 30 1 61 30 14 60 30 14 60 104 14 60 104 15 66 104 15 66 104 14 66 72 14 67 72 14 67 72 1 67 72 0
12 10 2 0 10 2 1 10 2 12 9 2 12 9 104 12 9 104 13 30 104 13 30 104 12 30 37 12 31 37 12 31 37 1 31 37 0
13 49 58 0 49 59 0 49 59 1 49 59 22 48 59 22 48 99 22 48 99 23 60 99 23 60 99 22 60 51 22 61 51 22 61 51 1 61 51 0
12 43 72 0 43 72 1 43 72 10 42 72 10 42 108 10 42 108 11 63 108 11 63 108 10 63 30 10 64 30 10 64 30 1 64 30 0
12 22 65 0 22 65 1 22 65 16 21 65 16 21 104 16 21 104 17 30 104 17 30 104 16 30 93 16 31 93 16 31 93 1 31 93 0
12 40 72 0 40 72 1 40 72 14 39 72 14 39 105 14 39 105 15 63 105 15 63 105 14 63 9 14 64 9 14 64 9 1 64 9 0
13 16 79 0 16 80 0 16 80 1 16 80 12 15 80 12 15 105 12 15 105 13 66 105 13 66 105 12 66 23 12 67 23 12 67 23 1 67 23 0
12 1 44 0 1 44 1 1 44 12 0 44 12 0 106 12 0 106 13 54 106 13 54 106 12 54 16 12 55 16 12 55 16 1 55 16 0
12 31 65 0 31 65 1 31 65 14 30 65 14 30 106 14 30 106 15 69 106 15 69 106 14 69 30 14 70 30 14 70 30 1 70 30 0
13 28 23 0 28 23 1 28 23 12 27 23 12 27 107 12 27 107 13 63 107 13 63 107 12 63 10 12 64 10 12 64 10 1 64 10 0 64 9 0
12 28 2 0 28 2 1 28 2 10 27 2 10 27 109 10 27 109 11 57 109 11 57 109 10 57 9 10 58 9 10 58 9 1 58 9 0
12 13 9 0 13 9 1 13 9 20 12 9 20 12 101 20 12 101 21 63 101 21 63 101 20 63 51 20 64 51 20 64 51 1 64 51 0
13 4 2 0 4 3 0 4 3 1 4 3 18 3 3 18 3 101 18 3 101 19 45 101 19 45 101 18 45 16 18 46 16 18 46 16 1 46 16 0
9 22 9 0 22 9 1 22 9 2 23 9 2 23 17 2 22 17 2 22 17 1 22 17 0 22 16 0
16 7 93 0 6 93 0 6 95 0 7 95 0 7 95 1 7 95 22 6 95 22 6 100 22 6 100 23 27 100 23 27 100 22 27 24 22 28 24 22 28 24 1 28 24 0 28 23 0
12 1 37 0 1 37 1 1 37 4 0 37 4 0 110 4 0 110 5 48 110 5 48 110 4 48 72 4 49 72 4 49 72 1 49 72 0
12 31 86 0 31 86 1 31 86 6 30 86 6 30 109 6 30 109 7 33 109 7 33 109 6 33 23 6 34 23 6 34 23 1 34 23 0
12 49 93 0 49 93 1 49 93 18 48 93 18 48 102 18 48 102 19 54 102 19 54 102 18 54 37 18 55 37 18 55 37 1 55 37 0
12 34 79 0 34 79 1 34 79 16 33 79 16 33 105 16 33 105 17 63 105 17 63 105 16 63 65 16 64 65 16 64 65 1 64 65 0
12 1 23 0 1 23 1 1 23 18 0 23 18 0 103 18 0 103 19 24 103 19 24 103 18 24 65 18 25 65 18 25 65 1 25 65 0
14 4 23 0 4 24 0 4 24 1 4 24 22 3 24 22 3 101 22 3 101 23 18 101 23 18 101 22 18 17 22 19 17 22 19 17 1 19 17 0 19 16 0
13 16 37 0 16 38 0 16 38 1 16 38 20 15 38 20 15 102 20 15 102 21 48 102 21 48 102 20 48 23 20 49 23 20 49 23 1 49 23 0
13 61 44 0 61 45 0 61 45 1 61 45 24 60 45 24 60 99 24 60 99 25 69 99 25 69 99 24 69 93 24 70 93 24 70 93 1 70 93 0
13 37 93 0 37 93 1 37 93 14 36 93 14 36 107 14 36 107 15 45 107 15 45 107 14 45 24 14 46 24 14 46 24 1 46 24 0 46 23 0
12 13 44 0 13 44 1 13 44 18 12 44 18 12 104 18 12 104 19 18 104 19 18 104 18 18 58 18 19 58 18 19 58 1 19 58 0
13 1 86 0 1 86 1 1 86 20 0 86 20 0 103 20 0 103 21 9 103 21 9 103 20 9 80 20 10 80 20 10 80 1 10 80 0 10 79 0
13 10 16 0 10 16 1 10 16 14 9 16 14 9 108 14 9 108 15 18 108 15 18 108 14 18 45 14 19 45 14 19 45 1 19 45 0 19 44 0
14 7 79 0 7 80 0 7 80 1 7 80 24 6 80 24 6 100 24 6 100 25 15 100 25 15 100 24 15 52 24 16 52 24 16 52 1 16 52 0 16 51 0
12 19 72 0 19 72 1 19 72 20 18 72 20 18 104 20 18 104 21 21 104 21 21 104 20 21 51 20 22 51 20 22 51 1 22 51 0
12 34 37 0 34 37 1 34 37 18 33 37 18 33 105 18 33 105 19 66 105 19 66 105 18 66 65 18 67 65 18 67 65 1 67 65 0
13 19 58 0 19 59 0 19 59 1 19 59 24 18 59 24 18 101 24 18 101 25 57 101 25 57 101 24 57 58 24 58 58 24 58 58 1 58 58 0
13 16 23 0 16 24 0 16 24 1 16 24 22 15 24 22 15 102 22 15 102 23 39 102 23 39 102 22 39 93 22 40 93 22 40 93 1 40 93 0
15 4 65 0 4 65 1 4 65 26 3 65 26 3 99 26 3 99 27 18 99 27 18 99 26 18 46 26 19 46 26 19 46 1 19 46 0 18 46 0 18 44 0 19 44 0
13 4 86 0 4 87 0 4 87 1 4 87 24 3 87 24 3 102 24 3 102 25 45 102 25 45 102 24 45 9 24 46 9 24 46 9 1 46 9 0
12 4 72 0 4 72 1 4 72 28 3 72 28 3 99 28 3 99 29 45 99 29 45 99 28 45 30 28 46 30 28 46 30 1 46 30 0
14 13 9 0 13 10 0 13 10 1 13 10 22 12 10 22 12 103 22 12 103 23 57 103 23 57 103 22 57 10 22 58 10 22 58 10 1 58 10 0 58 9 0
9 10 2 0 10 3 0 10 3 1 10 3 2 11 3 2 11 44 2 10 44 2 10 44 1 10 44 0
13 19 86 0 19 86 1 19 86 6 18 86 6 18 110 6 18 110 7 54 110 7 54 110 6 54 94 6 55 94 6 55 94 1 55 94 0 55 93 0
12 10 9 0 10 9 1 10 9 8 9 9 8 9 109 8 9 109 9 27 109 9 27 109 8 27 30 8 28 30 8 28 30 1 28 30 0
12 7 9 0 7 9 1 7 9 26 6 9 26 6 100 26 6 100 27 24 100 27 24 100 26 24 30 26 25 30 26 25 30 1 25 30 0
15 37 30 0 36 30 0 36 32 0 37 32 0 37 32 1 37 32 26 36 32 26 36 101 26 36 101 27 60 101 27 60 101 26 60 23 26 61 23 26 61 23 1 61 23 0
12 25 2 0 25 2 1 25 2 14 24 2 14 24 109 14 24 109 15 27 109 15 27 109 14 27 16 14 28 16 14 28 16 1 28 16 0
15 16 30 0 16 30 1 16 30 26 15 30 26 15 102 26 15 102 27 42 102 27 42 102 26 42 53 26 43 53 26 43 53 1 43 53 0 42 53 0 42 51 0 43 51 0
15 13 79 0 13 79 1 13 79 28 12 79 28 12 100 28 12 100 29 60 100 29 60 100 28 60 46 28 61 46 28 61 46 1 61 46 0 60 46 0 60 44 0 61 44 0
12 37 72 0 37 72 1 37 72 16 36 72 16 36 106 16 36 106 17 39 106 17 39 106 16 39 86 16 40 86 16 40 86 1 40 86 0
15 4 86 0 3 86 0 3 88 0 4 88 0 4 88 1 4 88 10 3 88 10 3 110 10 3 110 11 54 110 11 54 110 10 54 79 10 55 79 10 55 79 1 55 79 0
12 10 58 0 10 58 1 10 58 16 9 58 16 9 107 16 9 107 17 54 107 17 54 107 16 54 9 16 55 9 16 55 9 1 55 9 0
12 7 37 0 7 37 1 7 37 28 6 37 28 6 101 28 6 101 29 9 101 29 9 101 28 9 30 28 10 30 28 10 30 1 10 30 0
15 19 79 0 19 79 1 19 79 28 18 79 28 18 102 28 18 102 29 30 102 29 30 102 28 30 53 28 31 53 28 31 53 1 31 53 0 30 53 0 30 51 0 31 51 0
12 25 72 0 25 72 1 25 72 20 24 72 20 24 105 20 24 105 21 30 105 21 30 105 20 30 16 20 31 16 20 31 16 1 31 16 0
11 46 23 0 45 23 0 45 25 0 46 25 0 46 25 1 46 25 2 47 25 2 47 37 2 46 37 2 46 37 1 46 37 0
12 1 2 0 1 2 1 1 2 22 0 2 22 0 104 22 0 104 23 54 104 23 54 104 22 54 51 22 55 51 22 55 51 1 55 51 0
14 10 72 0 10 73 0 10 73 1 10 73 18 9 73 18 9 106 18 9 106 19 39 106 19 39 106 18 39 73 18 40 73 18 40 73 1 40 73 0 40 72 0
12 22 93 0 22 93 1 22 93 24 21 93 24 21 103 24 21 103 25 39 103 25 39 103 24 39 79 24 40 79 24 40 79 1 40 79 0
12 7 65 0 7 65 1 7 65 30 6 65 30 6 99 30 6 99 31 63 99 31 63 99 30 63 44 30 64 44 30 64 44 1 64 44 0
13 7 72 0 7 73 0 7 73 1 7 73 32 6 73 32 6 99 32 6 99 33 51 99 33 51 99 32 51 44 32 52 44 32 52 44 1 52 44 0
13 13 65 0 13 65 1 13 65 24 12 65 24 12 104 24 12 104 25 72 104 25 72 104 24 72 10 24 73 10 24 73 10 1 73 10 0 73 9 0
14 37 72 0 37 73 0 37 73 1 37 73 22 36 73 22 36 105 22 36 105 23 66 105 23 66 105 22 66 24 22 67 24 22 67 24 1 67 24 0 67 23 0
13 7 65 0 7 66 0 7 66 1 7 66 34 6 66 34 6 99 34 6 99 35 12 99 35 12 99 34 12 37 34 13 37 34 13 37 1 13 37 0
13 22 23 0 22 24 0 22 24 1 22 24 18 21 24 18 21 107 18 21 107 19 36 107 19 36 107 18 36 58 18 37 58 18 37 58 1 37 58 0
13 13 2 0 13 2 1 13 2 26 12 2 26 12 103 26 12 103 27 66 103 27 66 103 26 66 94 26 67 94 26 67 94 1 67 94 0 67 93 0
13 1 23 0 1 24 0 1 24 1 1 24 24 0 24 24 0 105 24 0 105 25 27 105 25 27 105 24 27 86 24 28 86 24 28 86 1 28 86 0
12 40 9 0 40 9 1 40 9 20 39 9 20 39 106 20 39 106 21 45 106 21 45 106 20 45 79 20 46 79 20 46 79 1 46 79 0
14 58 23 0 58 24 0 58 24 1 58 24 30 57 24 30 57 100 30 57 100 31 60 100 31 60 100 30 60 24 30 61 24 30 61 24 1 61 24 0 61 23 0
13 31 9 0 31 9 1 31 9 18 30 9 18 30 108 18 30 108 19 69 108 19 69 108 18 69 17 18 70 17 18 70 17 1 70 17 0 70 16 0
13 7 37 0 7 38 0 7 38 1 7 38 36 6 38 36 6 99 36 6 99 37 48 99 37 48 99 36 48 30 36 49 30 36 49 30 1 49 30 0
12 22 58 0 22 58 1 22 58 22 21 58 22 21 106 22 21 106 23 30 106 23 30 106 22 30 44 22 31 44 22 31 44 1 31 44 0
12 43 2 0 43 2 1 43 2 12 42 2 12 42 108 12 42 108 13 48 108 13 48 108 12 48 2 12 49 2 12 49 2 1 49 2 0
12 10 65 0 10 65 1 10 65 22 9 65 22 9 107 22 9 107 23 51 107 23 51 107 22 51 16 22 52 16 22 52 16 1 52 16 0
14 10 16 0 10 17 0 10 17 1 10 17 24 9 17 24 9 106 24 9 106 25 30 106 25 30 106 24 30 66 24 31 66 24 31 66 1 31 66 0 31 65 0
13 64 79 0 64 80 0 64 80 1 64 80 24 63 80 24 63 107 24 63 107 25 66 107 25 66 107 24 66 2 24 67 2 24 67 2 1 67 2 0
13 49 37 0 49 37 1 49 37 26 48 37 26 48 104 26 48 104 27 63 104 27 63 104 26 63 87 26 64 87 26 64 87 1 64 87 0 64 86 0
12 4 16 0 4 16 1 4 16 30 3 16 30 3 101 30 3 101 31 54 101 31 54 101 30 54 72 30 55 72 30 55 72 1 55 72 0
13 1 37 0 1 38 0 1 38 1 1 38 26 0 38 26 0 105 26 0 105 27 51 105 27 51 105 26 51 51 26 52 51 26 52 51 1 52 51 0
14 19 2 0 19 3 0 19 3 1 19 3 30 18 3 30 18 102 30 18 102 31 39 102 31 39 102 30 39 87 30 40 87 30 40 87 1 40 87 0 40 86 0
13 16 93 0 16 94 0 16 94 1 16 94 28 15 94 28 15 103 28 15 103 29 27 103 29 27 103 28 27 93 28 28 93 28 28 93 1 28 93 0
12 64 2 0 64 2 1 64 2 22 63 2 22 63 108 22 63 108 23 69 108 23 69 108 22 69 86 22 70 86 22 70 86 1 70 86 0
15 22 23 0 21 23 0 21 25 0 22 25 0 22 25 1 22 25 28 21 25 28 21 104 28 21 104 29 42 104 29 42 104 28 42 23 28 43 23 28 43 23 1 43 23 0
14 55 72 0 55 73 0 55 73 1 55 73 28 54 73 28 54 105 28 54 105 29 63 105 29 63 105 28 63 3 28 64 3 28 64 3 1 64 3 0 64 2 0
14 19 72 0 19 73 0 19 73 1 19 73 12 18 73 12 18 109 12 18 109 13 69 109 13 69 109 12 69 87 12 70 87 12 70 87 1 70 87 0 70 86 0
14 4 16 0 4 17 0 4 17 1 4 17 32 3 17 32 3 100 32 3 100 33 66 100 33 66 100 32 66 10 32 67 10 32 67 10 1 67 10 0 67 9 0
13 1 65 0 1 65 1 1 65 38 0 65 38 0 99 38 0 99 39 6 99 39 6 99 38 6 3 38 7 3 38 7 3 1 7 3 0 7 2 0
12 7 16 0 7 16 1 7 16 40 6 16 40 6 99 40 6 99 41 15 99 41 15 99 40 15 16 40 16 16 40 16 16 1 16 16 0
12 43 58 0 43 58 1 43 58 18 42 58 18 42 109 18 42 109 19 51 109 19 51 109 18 51 72 18 52 72 18 52 72 1 52 72 0
14 46 58 0 46 59 0 46 59 1 46 59 30 45 59 30 45 103 30 45 103 31 48 103 31 48 103 30 48 3 30 49 3 30 49 3 1 49 3 0 49 2 0
13 46 51 0 46 51 1 46 51 34 45 51 34 45 100 34 45 100 35 51 100 35 51 100 34 51 87 34 52 87 34 52 87 1 52 87 0 52 86 0
13 22 51 0 22 52 0 22 52 1 22 52 30 21 52 30 21 104 30 21 104 31 42 104 31 42 104 30 42 16 30 43 16 30 43 16 1 43 16 0
13 19 51 0 19 51 1 19 51 32 18 51 32 18 101 32 18 101 33 21 101 33 21 101 32 21 94 32 22 94 32 22 94 1 22 94 0 22 93 0
13 13 72 0 13 73 0 13 73 1 13 73 32 12 73 32 12 102 32 12 102 33 54 102 33 54 102 32 54 2 32 55 2 32 55 2 1 55 2 0
14 19 79 0 19 80 0 19 80 1 19 80 34 18 80 34 18 101 34 18 101 35 48 101 35 48 101 34 48 80 34 49 80 34 49 80 1 49 80 0 49 79 0
8 58 44 0 58 44 1 58 44 2 59 44 2 59 65 2 58 65 2 58 65 1 58 65 0
13 37 79 0 37 79 1 37 79 20 36 79 20 36 107 20 36 107 21 51 107 21 51 107 20 51 38 20 52 38 20 52 38 1 52 38 0 52 37 0
13 40 65 0 40 66 0 40 66 1 40 66 26 39 66 26 39 106 26 39 106 27 54 106 27 54 106 26 54 30 26 55 30 26 55 30 1 55 30 0
13 13 58 0 13 59 0 13 59 1 13 59 30 12 59 30 12 105 30 12 105 31 30 105 31 30 105 30 30 58 30 31 58 30 31 58 1 31 58 0
13 19 93 0 19 93 1 19 93 36 18 93 36 18 100 36 18 100 37 54 100 37 54 100 36 54 45 36 55 45 36 55 45 1 55 45 0 55 44 0
14 19 51 0 19 52 0 19 52 1 19 52 38 18 52 38 18 100 38 18 100 39 30 100 39 30 100 38 30 87 38 31 87 38 31 87 1 31 87 0 31 86 0
13 7 58 0 7 58 1 7 58 42 6 58 42 6 99 42 6 99 43 51 99 43 51 99 42 51 31 42 52 31 42 52 31 1 52 31 0 52 30 0
13 13 37 0 13 38 0 13 38 1 13 38 36 12 38 36 12 101 36 12 101 37 60 101 37 60 101 36 60 37 36 61 37 36 61 37 1 61 37 0
16 34 23 0 34 24 0 34 24 1 34 24 24 33 24 24 33 108 24 33 108 25 48 108 25 48 108 24 48 4 24 49 4 24 49 4 1 49 4 0 48 4 0 48 2 0 49 2 0
15 28 65 0 28 65 1 28 65 20 27 65 20 27 108 20 27 108 21 69 108 21 69 108 20 69 88 20 70 88 20 70 88 1 70 88 0 69 88 0 69 86 0 70 86 0
12 10 51 0 10 51 1 10 51 26 9 51 26 9 107 26 9 107 27 69 107 27 69 107 26 69 44 26 70 44 26 70 44 1 70 44 0
13 34 37 0 34 38 0 34 38 1 34 38 12 33 38 12 33 110 12 33 110 13 72 110 13 72 110 12 72 37 12 73 37 12 73 37 1 73 37 0
13 46 65 0 46 65 1 46 65 32 45 65 32 45 103 32 45 103 33 60 103 33 60 103 32 60 38 32 61 38 32 61 38 1 61 38 0 61 37 0
18 19 51 0 18 51 0 18 53 0 19 53 0 19 53 1 19 53 16 18 53 16 18 108 16 18 108 17 66 108 17 66 108 16 66 25 16 67 25 16 67 25 1 67 25 0 66 25 0 66 23 0 67 23 0
14 31 16 0 31 17 0 31 17 1 31 17 34 30 17 34 30 102 34 30 102 35 60 102 35 60 102 34 60 59 34 61 59 34 61 59 1 61 59 0 61 58 0
13 1 93 0 1 92 0 1 92 1 1 92 34 0 92 34 0 103 34 0 103 35 3 103 35 3 103 34 3 9 34 4 9 34 4 9 1 4 9 0
14 46 51 0 46 52 0 46 52 1 46 52 38 45 52 38 45 101 38 45 101 39 48 101 39 48 101 38 48 94 38 49 94 38 49 94 1 49 94 0 49 93 0
16 46 79 0 46 80 0 46 80 1 46 80 36 45 80 36 45 102 36 45 102 37 63 102 37 63 102 36 63 81 36 64 81 36 64 81 1 64 81 0 63 81 0 63 79 0 64 79 0
13 43 30 0 43 30 1 43 30 20 42 30 20 42 109 20 42 109 21 54 109 21 54 109 20 54 31 20 55 31 20 55 31 1 55 31 0 55 30 0
15 19 30 0 19 30 1 19 30 40 18 30 40 18 100 40 18 100 41 21 100 41 21 100 40 21 95 40 22 95 40 22 95 1 22 95 0 21 95 0 21 93 0 22 93 0
12 43 37 0 43 37 1 43 37 32 42 37 32 42 104 32 42 104 33 63 104 33 63 104 32 63 37 32 64 37 32 64 37 1 64 37 0
13 22 65 0 22 66 0 22 66 1 22 66 34 21 66 34 21 104 34 21 104 35 66 104 35 66 104 34 66 44 34 67 44 34 67 44 1 67 44 0
15 31 86 0 30 86 0 30 88 0 31 88 0 31 88 1 31 88 36 30 88 36 30 103 36 30 103 37 66 103 37 66 103 36 66 86 36 67 86 36 67 86 1 67 86 0
14 7 58 0 7 59 0 7 59 1 7 59 44 6 59 44 6 99 44 6 99 45 45 99 45 45 99 44 45 87 44 46 87 44 46 87 1 46 87 0 46 86 0
12 4 58 0 4 58 1 4 58 38 3 58 38 3 102 38 3 102 39 54 102 39 54 102 38 54 58 38 55 58 38 55 58 1 55 58 0
16 13 72 0 12 72 0 12 74 0 13 74 0 13 74 1 13 74 38 12 74 38 12 103 38 12 103 39 21 103 39 21 103 38 21 3 38 22 3 38 22 3 1 22 3 0 22 2 0
13 7 30 0 7 31 0 7 31 1 7 31 46 6 31 46 6 99 46 6 99 47 42 99 47 42 99 46 42 79 46 43 79 46 43 79 1 43 79 0
14 4 58 0 4 59 0 4 59 1 4 59 36 3 59 36 3 104 36 3 104 37 42 104 37 42 104 36 42 3 36 43 3 36 43 3 1 43 3 0 43 2 0
13 1 30 0 1 30 1 1 30 28 0 30 28 0 106 28 0 106 29 72 106 29 72 106 28 72 24 28 73 24 28 73 24 1 73 24 0 73 23 0
15 25 23 0 25 23 1 25 23 24 24 23 24 24 109 24 24 109 25 54 109 25 54 109 24 54 32 24 55 32 24 55 32 1 55 32 0 54 32 0 54 30 0 55 30 0
18 22 65 0 21 65 0 21 67 0 22 67 0 22 67 1 22 67 42 21 67 42 21 100 42 21 100 43 60 100 43 60 100 42 60 39 42 61 39 42 61 39 1 61 39 0 60 39 0 60 37 0 61 37 0
12 40 2 0 40 2 1 40 2 28 39 2 28 39 107 28 39 107 29 51 107 29 51 107 28 51 58 28 52 58 28 52 58 1 52 58 0
16 10 16 0 9 16 0 9 18 0 10 18 0 10 18 1 10 18 30 9 18 30 9 106 30 9 106 31 15 106 31 15 106 30 15 3 30 16 3 30 16 3 1 16 3 0 16 2 0
14 37 30 0 37 29 0 37 29 1 37 29 24 36 29 24 36 110 24 36 110 25 42 110 25 42 110 24 42 31 24 43 31 24 43 31 1 43 31 0 43 30 0
14 16 16 0 16 17 0 16 17 1 16 17 34 15 17 34 15 105 34 15 105 35 42 105 35 42 105 34 42 10 34 43 10 34 43 10 1 43 10 0 43 9 0
14 10 16 0 10 15 0 10 15 1 10 15 32 9 15 32 9 105 32 9 105 33 33 105 33 33 105 32 33 52 32 34 52 32 34 52 1 34 52 0 34 51 0
14 46 65 0 46 66 0 46 66 1 46 66 16 45 66 16 45 109 16 45 109 17 72 109 17 72 109 16 72 38 16 73 38 16 73 38 1 73 38 0 73 37 0
14 25 51 0 25 52 0 25 52 1 25 52 28 24 52 28 24 108 28 24 108 29 57 108 29 57 108 28 57 17 28 58 17 28 58 17 1 58 17 0 58 16 0
16 40 51 0 40 52 0 40 52 1 40 52 32 39 52 32 39 106 32 39 106 33 48 106 33 48 106 32 48 67 32 49 67 32 49 67 1 49 67 0 48 67 0 48 65 0 49 65 0
15 22 16 0 21 16 0 21 18 0 22 18 0 22 18 1 22 18 26 21 18 26 21 108 26 21 108 27 72 108 27 72 108 26 72 30 26 73 30 26 73 30 1 73 30 0
15 46 44 0 46 44 1 46 44 22 45 44 22 45 109 22 45 109 23 72 109 23 72 109 22 72 39 22 73 39 22 73 39 1 73 39 0 72 39 0 72 37 0 73 37 0
14 13 86 0 13 87 0 13 87 1 13 87 40 12 87 40 12 101 40 12 101 41 51 101 41 51 101 40 51 52 40 52 52 40 52 52 1 52 52 0 52 51 0
12 10 37 0 10 37 1 10 37 42 9 37 42 9 101 42 9 101 43 12 101 43 12 101 42 12 51 42 13 51 42 13 51 1 13 51 0
16 28 16 0 28 17 0 28 17 1 28 17 34 27 17 34 27 106 34 27 106 35 39 106 35 39 106 34 39 74 34 40 74 34 40 74 1 40 74 0 39 74 0 39 72 0 40 72 0
12 16 58 0 16 58 1 16 58 42 15 58 42 15 102 42 15 102 43 18 102 43 18 102 42 18 9 42 19 9 42 19 9 1 19 9 0
13 28 86 0 28 87 0 28 87 1 28 87 26 27 87 26 27 109 26 27 109 27 33 109 27 33 109 26 33 93 26 34 93 26 34 93 1 34 93 0
16 25 51 0 24 51 0 24 53 0 25 53 0 25 53 1 25 53 32 24 53 32 24 107 32 24 107 33 30 107 33 30 107 32 30 3 32 31 3 32 31 3 1 31 3 0 31 2 0
13 28 65 0 28 66 0 28 66 1 28 66 40 27 66 40 27 102 40 27 102 41 48 102 41 48 102 40 48 86 40 49 86 40 49 86 1 49 86 0
13 1 51 0 1 51 1 1 51 30 0 51 30 0 107 30 0 107 31 24 107 31 24 107 30 24 87 30 25 87 30 25 87 1 25 87 0 25 86 0
13 22 93 0 22 92 0 22 92 1 22 92 44 21 92 44 21 100 44 21 100 45 48 100 45 48 100 44 48 9 44 49 9 44 49 9 1 49 9 0
13 34 93 0 34 94 0 34 94 1 34 94 28 33 94 28 33 109 28 33 109 29 36 109 29 36 109 28 36 23 28 37 23 28 37 23 1 37 23 0
14 46 37 0 46 38 0 46 38 1 46 38 40 45 38 40 45 103 40 45 103 41 60 103 41 60 103 40 60 52 40 61 52 40 61 52 1 61 52 0 61 51 0
12 31 79 0 31 79 1 31 79 40 30 79 40 30 104 40 30 104 41 42 104 41 42 104 40 42 44 40 43 44 40 43 44 1 43 44 0
18 1 72 0 0 72 0 0 74 0 1 74 0 1 74 1 1 74 32 0 74 32 0 108 32 0 108 33 15 108 33 15 108 32 15 95 32 16 95 32 16 95 1 16 95 0 15 95 0 15 93 0 16 93 0
14 49 23 0 49 24 0 49 24 1 49 24 28 48 24 28 48 110 28 48 110 29 66 110 29 66 110 28 66 17 28 67 17 28 67 17 1 67 17 0 67 16 0
13 31 58 0 31 59 0 31 59 1 31 59 42 30 59 42 30 103 42 30 103 43 36 103 43 36 103 42 36 9 42 37 9 42 37 9 1 37 9 0
16 4 65 0 4 66 0 4 66 1 4 66 42 3 66 42 3 104 42 3 104 43 45 104 43 45 104 42 45 53 42 46 53 42 46 53 1 46 53 0 45 53 0 45 51 0 46 51 0
15 13 9 0 12 9 0 12 11 0 13 11 0 13 11 1 13 11 44 12 11 44 12 101 44 12 101 45 24 101 45 24 101 44 24 93 44 25 93 44 25 93 1 25 93 0
16 43 44 0 43 45 0 43 45 1 43 45 38 42 45 38 42 104 38 42 104 39 60 104 39 60 104 38 60 18 38 61 18 38 61 18 1 61 18 0 60 18 0 60 16 0 61 16 0
14 22 37 0 22 38 0 22 38 1 22 38 48 21 38 48 21 99 48 21 99 49 42 99 49 42 99 48 42 24 48 43 24 48 43 24 1 43 24 0 43 23 0
13 22 86 0 22 87 0 22 87 1 22 87 46 21 87 46 21 100 46 21 100 47 66 100 47 66 100 46 66 79 46 67 79 46 67 79 1 67 79 0
14 1 44 0 1 45 0 1 45 1 1 45 46 0 45 46 0 101 46 0 101 47 12 101 47 12 101 46 12 8 46 13 8 46 13 8 1 13 8 0 13 9 0
12 16 9 0 16 9 1 16 9 36 15 9 36 15 105 36 15 105 37 57 105 37 57 105 36 57 86 36 58 86 36 58 86 1 58 86 0
14 10 58 0 10 59 0 10 59 1 10 59 44 9 59 44 9 102 44 9 102 45 30 102 45 30 102 44 30 50 44 31 50 44 31 50 1 31 50 0 31 51 0
13 67 58 0 67 59 0 67 59 1 67 59 30 66 59 30 66 108 30 66 108 31 69 108 31 69 108 30 69 37 30 70 37 30 70 37 1 70 37 0
15 52 93 0 52 93 1 52 93 38 51 93 38 51 105 38 51 105 39 57 105 39 57 105 38 57 4 38 58 4 38 58 4 1 58 4 0 57 4 0 57 2 0 58 2 0
14 13 72 0 13 71 0 13 71 1 13 71 48 12 71 48 12 100 48 12 100 49 60 100 49 60 100 48 60 73 48 61 73 48 61 73 1 61 73 0 61 72 0
16 1 51 0 1 52 0 1 52 1 1 52 36 0 52 36 0 106 36 0 106 37 21 106 37 21 106 36 21 53 36 22 53 36 22 53 1 22 53 0 21 53 0 21 51 0 22 51 0
13 4 93 0 4 93 1 4 93 40 3 93 40 3 105 40 3 105 41 54 105 41 54 105 40 54 52 40 55 52 40 55 52 1 55 52 0 55 51 0
16 4 44 0 3 44 0 3 46 0 4 46 0 4 46 1 4 46 44 3 46 44 3 103 44 3 103 45 39 103 45 39 103 44 39 10 44 40 10 44 40 10 1 40 10 0 40 9 0
15 31 72 0 31 72 1 31 72 48 30 72 48 30 101 48 30 101 49 66 101 49 66 101 48 66 18 48 67 18 48 67 18 1 67 18 0 66 18 0 66 16 0 67 16 0
16 19 65 0 19 66 0 19 66 1 19 66 44 18 66 44 18 104 44 18 104 45 54 104 45 54 104 44 54 53 44 55 53 44 55 53 1 55 53 0 54 53 0 54 51 0 55 51 0
16 28 65 0 27 65 0 27 67 0 28 67 0 28 67 1 28 67 30 27 67 30 27 109 30 27 109 31 33 109 31 33 109 30 33 66 30 34 66 30 34 66 1 34 66 0 34 65 0
8 34 2 0 34 2 1 34 2 2 35 2 2 35 44 2 34 44 2 34 44 1 34 44 0
12 28 44 0 28 44 1 28 44 46 27 44 46 27 102 46 27 102 47 45 102 47 45 102 46 45 72 46 46 72 46 46 72 1 46 72 0
18 67 58 0 66 58 0 66 60 0 67 60 0 67 60 1 67 60 38 66 60 38 66 106 38 66 106 39 72 106 39 72 106 38 72 25 38 73 25 38 73 25 1 73 25 0 72 25 0 72 23 0 73 23 0
14 49 16 0 49 17 0 49 17 1 49 17 42 48 17 42 48 105 42 48 105 43 54 105 43 54 105 42 54 17 42 55 17 42 55 17 1 55 17 0 55 16 0
13 1 16 0 1 16 1 1 16 40 0 16 40 0 106 40 0 106 41 24 106 41 24 106 40 24 66 40 25 66 40 25 66 1 25 66 0 25 65 0
13 28 9 0 28 9 1 28 9 48 27 9 48 27 102 48 27 102 49 45 102 49 45 102 48 45 45 48 46 45 48 46 45 1 46 45 0 46 44 0
16 25 65 0 24 65 0 24 67 0 25 67 0 25 67 1 25 67 8 24 67 8 24 110 8 24 110 9 36 110 9 36 110 8 36 59 8 37 59 8 37 59 1 37 59 0 37 58 0
14 19 44 0 19 43 0 19 43 1 19 43 46 18 43 46 18 103 46 18 103 47 69 103 47 69 103 46 69 66 46 70 66 46 70 66 1 70 66 0 70 65 0
13 64 51 0 64 52 0 64 52 1 64 52 34 63 52 34 63 107 34 63 107 35 72 107 35 72 107 34 72 44 34 73 44 34 73 44 1 73 44 0
16 34 23 0 33 23 0 33 25 0 34 25 0 34 25 1 34 25 34 33 25 34 33 108 34 33 108 35 54 108 35 54 108 34 54 3 34 55 3 34 55 3 1 55 3 0 55 2 0
10 10 9 0 10 10 0 10 10 1 10 10 3 11 10 3 11 38 3 10 38 3 10 38 1 10 38 0 10 37 0
16 13 58 0 12 58 0 12 60 0 13 60 0 13 60 1 13 60 50 12 60 50 12 99 50 12 99 51 69 99 51 69 99 50 69 10 50 70 10 50 70 10 1 70 10 0 70 9 0
16 34 44 0 34 45 0 34 45 1 34 45 36 33 45 36 33 107 36 33 107 37 51 107 37 51 107 36 51 88 36 52 88 36 52 88 1 52 88 0 51 88 0 51 86 0 52 86 0
14 10 86 0 10 87 0 10 87 1 10 87 46 9 87 46 9 104 46 9 104 47 54 104 47 54 104 46 54 80 46 55 80 46 55 80 1 55 80 0 55 79 0
14 28 44 0 28 45 0 28 45 1 28 45 32 27 45 32 27 109 32 27 109 33 69 109 33 69 109 32 69 85 32 70 85 32 70 85 1 70 85 0 70 86 0
16 16 2 0 15 2 0 15 4 0 16 4 0 16 4 1 16 4 44 15 4 44 15 105 44 15 105 45 51 105 45 51 105 44 51 24 44 52 24 44 52 24 1 52 24 0 52 23 0
13 1 79 0 1 79 1 1 79 48 0 79 48 0 103 48 0 103 49 54 103 49 54 103 48 54 10 48 55 10 48 55 10 1 55 10 0 55 9 0
16 10 37 0 9 37 0 9 39 0 10 39 0 10 39 1 10 39 38 9 39 38 9 107 38 9 107 39 33 107 39 33 107 38 33 59 38 34 59 38 34 59 1 34 59 0 34 58 0
15 37 58 0 36 58 0 36 60 0 37 60 0 37 60 1 37 60 32 36 60 32 36 110 32 36 110 33 57 110 33 57 110 32 57 72 32 58 72 32 58 72 1 58 72 0
16 37 93 0 37 94 0 37 94 1 37 94 50 36 94 50 36 100 50 36 100 51 45 100 51 45 100 50 45 39 50 46 39 50 46 39 1 46 39 0 45 39 0 45 37 0 46 37 0
15 7 37 0 6 37 0 6 39 0 7 39 0 7 39 1 7 39 50 6 39 50 6 101 50 6 101 51 54 101 51 54 101 50 54 65 50 55 65 50 55 65 1 55 65 0
18 7 44 0 6 44 0 6 46 0 7 46 0 7 46 1 7 46 48 6 46 48 6 104 48 6 104 49 33 104 49 33 104 48 33 53 48 34 53 48 34 53 1 34 53 0 33 53 0 33 51 0 34 51 0
14 55 58 0 55 59 0 55 59 1 55 59 52 54 59 52 54 99 52 54 99 53 66 99 53 66 99 52 66 66 52 67 66 52 67 66 1 67 66 0 67 65 0
14 7 16 0 7 17 0 7 17 1 7 17 52 6 17 52 6 100 52 6 100 53 27 100 53 27 100 52 27 64 52 28 64 52 28 64 1 28 64 0 28 65 0
13 40 93 0 40 94 0 40 94 1 40 94 46 39 94 46 39 105 46 39 105 47 51 105 47 51 105 46 51 79 46 52 79 46 52 79 1 52 79 0
16 28 23 0 27 23 0 27 25 0 28 25 0 28 25 1 28 25 36 27 25 36 27 108 36 27 108 37 69 108 37 69 108 36 69 24 36 70 24 36 70 24 1 70 24 0 70 23 0
12 13 16 0 13 16 1 13 16 52 12 16 52 12 101 52 12 101 53 33 101 53 33 101 52 33 86 52 34 86 52 34 86 1 34 86 0
15 4 65 0 3 65 0 3 67 0 4 67 0 4 67 1 4 67 48 3 67 48 3 105 48 3 105 49 69 105 49 69 105 48 69 51 48 70 51 48 70 51 1 70 51 0
18 4 58 0 3 58 0 3 60 0 4 60 0 4 60 1 4 60 46 3 60 46 3 106 46 3 106 47 63 106 47 63 106 46 63 53 46 64 53 46 64 53 1 64 53 0 63 53 0 63 51 0 64 51 0
13 22 51 0 22 50 0 22 50 1 22 50 50 21 50 50 21 102 50 21 102 51 57 102 51 57 102 50 57 79 50 58 79 50 58 79 1 58 79 0
14 25 72 0 25 73 0 25 73 1 25 73 38 24 73 38 24 108 38 24 108 39 27 108 39 27 108 38 27 10 38 28 10 38 28 10 1 28 10 0 28 9 0
16 37 93 0 36 93 0 36 95 0 37 95 0 37 95 1 37 95 40 36 95 40 36 107 40 36 107 41 66 107 41 66 107 40 66 73 40 67 73 40 67 73 1 67 73 0 67 72 0
14 58 65 0 58 66 0 58 66 1 58 66 34 57 66 34 57 109 34 57 109 35 69 109 35 69 109 34 69 52 34 70 52 34 70 52 1 70 52 0 70 51 0
15 10 2 0 9 2 0 9 4 0 10 4 0 10 4 1 10 4 40 9 4 40 9 108 40 9 108 41 63 108 41 63 108 40 63 72 40 64 72 40 64 72 1 64 72 0
14 49 9 0 49 10 0 49 10 1 49 10 46 48 10 46 48 107 46 48 107 47 57 107 47 57 107 46 57 38 46 58 38 46 58 38 1 58 38 0 58 37 0
18 1 51 0 0 51 0 0 53 0 1 53 0 1 53 1 1 53 50 0 53 50 0 103 50 0 103 51 48 103 51 48 103 50 48 95 50 49 95 50 49 95 1 49 95 0 48 95 0 48 93 0 49 93 0
16 34 58 0 33 58 0 33 60 0 34 60 0 34 60 1 34 60 42 33 60 42 33 106 42 33 106 43 66 106 43 66 106 42 66 80 42 67 80 42 67 80 1 67 80 0 67 79 0
13 4 37 0 4 37 1 4 37 54 3 37 54 3 99 54 3 99 55 54 99 55 54 99 54 54 66 54 55 66 54 55 66 1 55 66 0 55 65 0
14 1 79 0 1 80 0 1 80 1 1 80 56 0 80 56 0 99 56 0 99 57 54 99 57 54 99 56 54 38 56 55 38 56 55 38 1 55 38 0 55 37 0
13 4 51 0 4 52 0 4 52 1 4 52 52 3 52 52 3 102 52 3 102 53 69 102 53 69 102 52 69 72 52 70 72 52 70 72 1 70 72 0
14 31 37 0 31 38 0 31 38 1 31 38 26 30 38 26 30 110 26 30 110 27 45 110 27 45 110 26 45 22 26 46 22 26 46 22 1 46 22 0 46 23 0
12 4 30 0 4 30 1 4 30 50 3 30 50 3 104 50 3 104 51 15 104 51 15 104 50 15 72 50 16 72 50 16 72 1 16 72 0
14 46 9 0 46 10 0 46 10 1 46 10 52 45 10 52 45 103 52 45 103 53 72 103 53 72 103 52 72 45 52 73 45 52 73 45 1 73 45 0 73 44 0
16 55 16 0 54 16 0 54 18 0 55 18 0 55 18 1 55 18 58 54 18 58 54 99 58 54 99 59 72 99 59 72 99 58 72 31 58 73 31 58 73 31 1 73 31 0 73 30 0
13 37 37 0 37 37 1 37 37 44 36 37 44 36 106 44 36 106 45 57 106 45 57 106 44 57 45 44 58 45 44 58 45 1 58 45 0 58 44 0
15 13 30 0 12 30 0 12 32 0 13 32 0 13 32 1 13 32 54 12 32 54 12 100 54 12 100 55 51 100 55 51 100 54 51 2 54 52 2 54 52 2 1 52 2 0
13 28 79 0 28 79 1 28 79 54 27 79 54 27 101 54 27 101 55 48 101 55 48 101 54 48 64 54 49 64 54 49 64 1 49 64 0 49 65 0
13 52 93 0 52 94 0 52 94 1 52 94 56 51 94 56 51 100 56 51 100 57 69 100 57 69 100 56 69 58 56 70 58 56 70 58 1 70 58 0
16 28 86 0 27 86 0 27 88 0 28 88 0 28 88 1 28 88 18 27 88 18 27 110 18 27 110 19 57 110 19 57 110 18 57 94 18 58 94 18 58 94 1 58 94 0 58 93 0
14 4 9 0 4 10 0 4 10 1 4 10 56 3 10 56 3 101 56 3 101 57 63 101 57 63 101 56 63 31 56 64 31 56 64 31 1 64 31 0 64 30 0
16 40 9 0 39 9 0 39 11 0 40 11 0 40 11 1 40 11 38 39 11 38 39 109 38 39 109 39 63 109 39 63 109 38 63 24 38 64 24 38 64 24 1 64 24 0 64 23 0
14 13 44 0 13 45 0 13 45 1 13 45 56 12 45 56 12 102 56 12 102 57 39 102 57 39 102 56 39 3 56 40 3 56 40 3 1 40 3 0 40 2 0
16 46 51 0 46 50 0 46 50 1 46 50 54 45 50 54 45 102 54 45 102 55 57 102 55 57 102 54 57 18 54 58 18 54 58 18 1 58 18 0 57 18 0 57 16 0 58 16 0
13 25 37 0 25 37 1 25 37 60 24 37 60 24 99 60 24 99 61 54 99 61 54 99 60 54 15 60 55 15 60 55 15 1 55 15 0 55 16 0
16 10 93 0 10 94 0 10 94 1 10 94 50 9 94 50 9 105 50 9 105 51 60 105 51 60 105 50 60 53 50 61 53 50 61 53 1 61 53 0 60 53 0 60 51 0 61 51 0
13 37 51 0 37 51 1 37 51 46 36 51 46 36 108 46 36 108 47 60 108 47 60 108 46 60 31 46 61 31 46 61 31 1 61 31 0 61 30 0
9 49 37 0 49 38 0 49 38 1 49 38 2 50 38 2 50 51 2 49 51 2 49 51 1 49 51 0
18 16 23 0 15 23 0 15 25 0 16 25 0 16 25 1 16 25 46 15 25 46 15 109 46 15 109 47 33 109 47 33 109 46 33 67 46 34 67 46 34 67 1 34 67 0 33 67 0 33 65 0 34 65 0
13 28 30 0 28 31 0 28 31 1 28 31 42 27 31 42 27 107 42 27 107 43 42 107 43 42 107 42 42 65 42 43 65 42 43 65 1 43 65 0
13 13 23 0 13 24 0 13 24 1 13 24 58 12 24 58 12 100 58 12 100 59 45 100 59 45 100 58 45 2 58 46 2 58 46 2 1 46 2 0
15 67 51 0 67 51 1 67 51 44 66 51 44 66 107 44 66 107 45 69 107 45 69 107 44 69 25 44 70 25 44 70 25 1 70 25 0 69 25 0 69 23 0 70 23 0
14 16 9 0 16 10 0 16 10 1 16 10 38 15 10 38 15 110 38 15 110 39 69 110 39 69 110 38 69 94 38 70 94 38 70 94 1 70 94 0 70 93 0
18 31 37 0 30 37 0 30 39 0 31 39 0 31 39 1 31 39 54 30 39 54 30 103 54 30 103 55 69 103 55 69 103 54 69 95 54 70 95 54 70 95 1 70 95 0 69 95 0 69 93 0 70 93 0
14 25 30 0 25 31 0 25 31 1 25 31 42 24 31 42 24 108 42 24 108 43 57 108 43 57 108 42 57 87 42 58 87 42 58 87 1 58 87 0 58 86 0
16 16 16 0 15 16 0 15 18 0 16 18 0 16 18 1 16 18 48 15 18 48 15 106 48 15 106 49 24 106 49 24 106 48 24 50 48 25 50 48 25 50 1 25 50 0 25 51 0
14 4 37 0 4 38 0 4 38 1 4 38 58 3 38 58 3 101 58 3 101 59 18 101 59 18 101 58 18 31 58 19 31 58 19 31 1 19 31 0 19 30 0
14 34 2 0 34 3 0 34 3 1 34 3 56 33 3 56 33 103 56 33 103 57 48 103 57 48 103 56 48 87 56 49 87 56 49 87 1 49 87 0 49 86 0
16 1 2 0 1 3 0 1 3 1 1 3 42 0 3 42 0 109 42 0 109 43 63 109 43 63 109 42 63 25 42 64 25 42 64 25 1 64 25 0 63 25 0 63 23 0 64 23 0
16 13 30 0 13 29 0 13 29 1 13 29 60 12 29 60 12 100 60 12 100 61 51 100 61 51 100 60 51 95 60 52 95 60 52 95 1 52 95 0 51 95 0 51 93 0 52 93 0
16 19 93 0 19 94 0 19 94 1 19 94 48 18 94 48 18 107 48 18 107 49 63 107 49 63 107 48 63 4 48 64 4 48 64 4 1 64 4 0 63 4 0 63 2 0 64 2 0
18 13 93 0 12 93 0 12 95 0 13 95 0 13 95 1 13 95 62 12 95 62 12 99 62 12 99 63 48 99 63 48 99 62 48 25 62 49 25 62 49 25 1 49 25 0 48 25 0 48 23 0 49 23 0
14 13 79 0 13 80 0 13 80 1 13 80 64 12 80 64 12 99 64 12 99 65 54 99 65 54 99 64 54 29 64 55 29 64 55 29 1 55 29 0 55 30 0
16 4 51 0 3 51 0 3 53 0 4 53 0 4 53 1 4 53 60 3 53 60 3 101 60 3 101 61 33 101 61 33 101 60 33 10 60 34 10 60 34 10 1 34 10 0 34 9 0
15 52 23 0 51 23 0 51 25 0 52 25 0 52 25 1 52 25 52 51 25 52 51 104 52 51 104 53 60 104 53 60 104 52 60 2 52 61 2 52 61 2 1 61 2 0
13 4 30 0 4 31 0 4 31 1 4 31 62 3 31 62 3 100 62 3 100 63 15 100 63 15 100 62 15 86 62 16 86 62 16 86 1 16 86 0
14 4 51 0 4 50 0 4 50 1 4 50 64 3 50 64 3 100 64 3 100 65 45 100 65 45 100 64 45 73 64 46 73 64 46 73 1 46 73 0 46 72 0
16 10 58 0 9 58 0 9 60 0 10 60 0 10 60 1 10 60 48 9 60 48 9 108 48 9 108 49 57 108 49 57 108 48 57 80 48 58 80 48 58 80 1 58 80 0 58 79 0
15 4 9 0 3 9 0 3 11 0 4 11 0 4 11 1 4 11 66 3 11 66 3 99 66 3 99 67 6 99 67 6 99 66 6 23 66 7 23 66 7 23 1 7 23 0
16 67 65 0 66 65 0 66 67 0 67 67 0 67 67 1 67 67 58 66 67 58 66 102 58 66 102 59 69 102 59 69 102 58 69 59 58 70 59 58 70 59 1 70 59 0 70 58 0
14 52 16 0 52 17 0 52 17 1 52 17 50 51 17 50 51 106 50 51 106 51 66 106 51 66 106 50 66 15 50 67 15 50 67 15 1 67 15 0 67 16 0
14 13 65 0 13 66 0 13 66 1 13 66 66 12 66 66 12 100 66 12 100 67 57 100 67 57 100 66 57 59 66 58 59 66 58 59 1 58 59 0 58 58 0
13 43 93 0 43 93 1 43 93 56 42 93 56 42 104 56 42 104 57 45 104 57 45 104 56 45 36 56 46 36 56 46 36 1 46 36 0 46 37 0
14 64 37 0 64 38 0 64 38 1 64 38 60 63 38 60 63 102 60 63 102 61 69 102 61 69 102 60 69 73 60 70 73 60 70 73 1 70 73 0 70 72 0
14 19 86 0 19 87 0 19 87 1 19 87 52 18 87 52 18 105 52 18 105 53 48 105 53 48 105 52 48 31 52 49 31 52 49 31 1 49 31 0 49 30 0
16 7 65 0 6 65 0 6 67 0 7 67 0 7 67 1 7 67 54 6 67 54 6 104 54 6 104 55 39 104 55 39 104 54 39 8 54 40 8 54 40 8 1 40 8 0 40 9 0
16 37 37 0 37 38 0 37 38 1 37 38 52 36 38 52 36 106 52 36 106 53 42 106 53 42 106 52 42 32 52 43 32 52 43 32 1 43 32 0 42 32 0 42 30 0 43 30 0
13 19 9 0 19 10 0 19 10 1 19 10 50 18 10 50 18 107 50 18 107 51 39 107 51 39 107 50 39 58 50 40 58 50 40 58 1 40 58 0
18 13 86 0 12 86 0 12 88 0 13 88 0 13 88 1 13 88 68 12 88 68 12 99 68 12 99 69 63 99 69 63 99 68 63 39 68 64 39 68 64 39 1 64 39 0 63 39 0 63 37 0 64 37 0
16 16 9 0 15 9 0 15 11 0 16 11 0 16 11 1 16 11 54 15 11 54 15 105 54 15 105 55 42 105 55 42 105 54 42 73 54 43 73 54 43 73 1 43 73 0 43 72 0
16 16 37 0 15 37 0 15 39 0 16 39 0 16 39 1 16 39 58 15 39 58 15 103 58 15 103 59 33 103 59 33 103 58 33 80 58 34 80 58 34 80 1 34 80 0 34 79 0
16 55 9 0 54 9 0 54 11 0 55 11 0 55 11 1 55 11 62 54 11 62 54 101 62 54 101 63 63 101 63 63 101 62 63 66 62 64 66 62 64 66 1 64 66 0 64 65 0
18 19 16 0 18 16 0 18 18 0 19 18 0 19 18 1 19 18 60 18 18 60 18 103 60 18 103 61 48 103 61 48 103 60 48 18 60 49 18 60 49 18 1 49 18 0 48 18 0 48 16 0 49 16 0
16 40 93 0 39 93 0 39 95 0 40 95 0 40 95 1 40 95 58 39 95 58 39 104 58 39 104 59 42 104 59 42 104 58 42 59 58 43 59 58 43 59 1 43 59 0 43 58 0
12 13 16 0 13 17 0 13 17 1 13 17 2 14 17 2 14 39 2 13 39 2 13 39 1 13 39 0 12 39 0 12 37 0 13 37 0
16 28 51 0 28 52 0 28 52 1 28 52 44 27 52 44 27 108 44 27 108 45 42 108 45 42 108 44 42 11 44 43 11 44 43 11 1 43 11 0 42 11 0 42 9 0 43 9 0
15 16 65 0 16 65 1 16 65 64 15 65 64 15 101 64 15 101 65 69 101 65 69 101 64 69 18 64 70 18 64 70 18 1 70 18 0 69 18 0 69 16 0 70 16 0
14 31 93 0 31 94 0 31 94 1 31 94 50 30 94 50 30 108 50 30 108 51 63 108 51 63 108 50 63 73 50 64 73 50 64 73 1 64 73 0 64 72 0
14 19 9 0 18 9 0 18 11 0 19 11 0 19 11 1 19 11 2 20 11 2 20 81 2 19 81 2 19 81 1 19 81 0 18 81 0 18 79 0 19 79 0
15 55 65 0 54 65 0 54 67 0 55 67 0 55 67 1 55 67 66 54 67 66 54 101 66 54 101 67 72 101 67 72 101 66 72 16 66 73 16 66 73 16 1 73 16 0
15 7 30 0 6 30 0 6 32 0 7 32 0 7 32 1 7 32 58 6 32 58 6 105 58 6 105 59 48 105 59 48 105 58 48 44 58 49 44 58 49 44 1 49 44 0
15 55 86 0 55 86 1 55 86 70 54 86 70 54 99 70 54 99 71 63 99 71 63 99 70 63 74 70 64 74 70 64 74 1 64 74 0 63 74 0 63 72 0 64 72 0
13 40 58 0 40 59 0 40 59 1 40 59 60 39 59 60 39 104 60 39 104 61 60 104 61 60 104 60 60 9 60 61 9 60 61 9 1 61 9 0
13 1 65 0 1 66 0 1 66 1 1 66 52 0 66 52 0 107 52 0 107 53 30 107 53 30 107 52 30 23 52 31 23 52 31 23 1 31 23 0
13 25 44 0 25 44 1 25 44 54 24 44 54 24 106 54 24 106 55 66 106 55 66 106 54 66 3 54 67 3 54 67 3 1 67 3 0 67 2 0
14 16 72 0 16 73 0 16 73 1 16 73 66 15 73 66 15 102 66 15 102 67 51 102 67 51 102 66 51 45 66 52 45 66 52 45 1 52 45 0 52 44 0
18 37 72 0 36 72 0 36 74 0 37 74 0 37 74 1 37 74 56 36 74 56 36 105 56 36 105 57 66 105 57 66 105 56 66 4 56 67 4 56 67 4 1 67 4 0 66 4 0 66 2 0 67 2 0
18 34 2 0 33 2 0 33 4 0 34 4 0 34 4 1 34 4 68 33 4 68 33 100 68 33 100 69 54 100 69 54 100 68 54 60 68 55 60 68 55 60 1 55 60 0 54 60 0 54 58 0 55 58 0
13 22 44 0 22 44 1 22 44 56 21 44 56 21 106 56 21 106 57 30 106 57 30 106 56 30 80 56 31 80 56 31 80 1 31 80 0 31 79 0
13 34 72 0 34 72 1 34 72 20 33 72 20 33 110 20 33 110 21 72 110 21 72 110 20 72 3 20 73 3 20 73 3 1 73 3 0 73 2 0
14 7 37 0 7 36 0 7 36 1 7 36 56 6 36 56 6 107 56 6 107 57 57 107 57 57 107 56 57 1 56 58 1 56 58 1 1 58 1 0 58 2 0
16 61 9 0 61 10 0 61 10 1 61 10 44 60 10 44 60 109 44 60 109 45 63 109 45 63 109 44 63 88 44 64 88 44 64 88 1 64 88 0 63 88 0 63 86 0 64 86 0
18 55 37 0 54 37 0 54 39 0 55 39 0 55 39 1 55 39 72 54 39 72 54 99 72 54 99 73 69 99 73 69 99 72 69 53 72 70 53 72 70 53 1 70 53 0 69 53 0 69 51 0 70 51 0
16 28 44 0 27 44 0 27 46 0 28 46 0 28 46 1 28 46 58 27 46 58 27 106 58 27 106 59 36 106 59 36 106 58 36 3 58 37 3 58 37 3 1 37 3 0 37 2 0
14 37 23 0 37 24 0 37 24 1 37 24 60 36 24 60 36 105 60 36 105 61 45 105 61 45 105 60 45 3 60 46 3 60 46 3 1 46 3 0 46 2 0
14 4 72 0 4 73 0 4 73 1 4 73 68 3 73 68 3 101 68 3 101 69 21 101 69 21 101 68 21 10 68 22 10 68 22 10 1 22 10 0 22 9 0
15 10 72 0 9 72 0 9 74 0 10 74 0 10 74 1 10 74 34 9 74 34 9 110 34 9 110 35 36 110 35 36 110 34 36 16 34 37 16 34 37 16 1 37 16 0
18 37 2 0 36 2 0 36 4 0 37 4 0 37 4 1 37 4 74 36 4 74 36 99 74 36 99 75 54 99 75 54 99 74 54 74 74 55 74 74 55 74 1 55 74 0 54 74 0 54 72 0 55 72 0
18 58 37 0 57 37 0 57 39 0 58 39 0 58 39 1 58 39 60 57 39 60 57 106 60 57 106 61 66 106 61 66 106 60 66 95 60 67 95 60 67 95 1 67 95 0 66 95 0 66 93 0 67 93 0
18 7 2 0 6 2 0 6 4 0 7 4 0 7 4 1 7 4 62 6 4 62 6 102 62 6 102 63 69 102 63 69 102 62 69 67 62 70 67 62 70 67 1 70 67 0 69 67 0 69 65 0 70 65 0
16 7 51 0 7 52 0 7 52 1 7 52 76 6 52 76 6 99 76 6 99 77 54 99 77 54 99 76 54 81 76 55 81 76 55 81 1 55 81 0 54 81 0 54 79 0 55 79 0
18 19 58 0 18 58 0 18 60 0 19 60 0 19 60 1 19 60 56 18 60 56 18 108 56 18 108 57 27 108 57 27 108 56 27 11 56 28 11 56 28 11 1 28 11 0 27 11 0 27 9 0 28 9 0
14 7 16 0 6 16 0 6 18 0 7 18 0 7 18 1 7 18 2 8 18 2 8 60 2 7 60 2 7 60 1 7 60 0 6 60 0 6 58 0 7 58 0
16 43 16 0 43 17 0 43 17 1 43 17 64 42 17 64 42 102 64 42 102 65 63 102 65 63 102 64 63 18 64 64 18 64 64 18 1 64 18 0 63 18 0 63 16 0 64 16 0
13 19 23 0 19 23 1 19 23 62 18 23 62 18 103 62 18 103 63 66 103 63 66 103 62 66 38 62 67 38 62 67 38 1 67 38 0 67 37 0
14 34 16 0 34 17 0 34 17 1 34 17 40 33 17 40 33 109 40 33 109 41 39 109 41 39 109 40 39 24 40 40 24 40 40 24 1 40 24 0 40 23 0
13 22 72 0 22 73 0 22 73 1 22 73 58 21 73 58 21 107 58 21 107 59 30 107 59 30 107 58 30 30 58 31 30 58 31 30 1 31 30 0
18 34 79 0 33 79 0 33 81 0 34 81 0 34 81 1 34 81 54 33 81 54 33 107 54 33 107 55 60 107 55 60 107 54 60 32 54 61 32 54 61 32 1 61 32 0 60 32 0 60 30 0 61 30 0
14 28 93 0 28 94 0 28 94 1 28 94 64 27 94 64 27 103 64 27 103 65 66 103 65 66 103 64 66 52 64 67 52 64 67 52 1 67 52 0 67 51 0
14 10 37 0 10 36 0 10 36 1 10 36 36 9 36 36 9 109 36 9 109 37 24 109 37 24 109 36 24 94 36 25 94 36 25 94 1 25 94 0 25 93 0
18 28 30 0 27 30 0 27 32 0 28 32 0 28 32 1 28 32 66 27 32 66 27 103 66 27 103 67 48 103 67 48 103 66 48 32 66 49 32 66 49 32 1 49 32 0 48 32 0 48 30 0 49 30 0
18 4 37 0 3 37 0 3 39 0 4 39 0 4 39 1 4 39 70 3 39 70 3 100 70 3 100 71 21 100 71 21 100 70 21 39 70 22 39 70 22 39 1 22 39 0 21 39 0 21 37 0 22 37 0
15 40 65 0 39 65 0 39 67 0 40 67 0 40 67 1 40 67 52 39 67 52 39 108 52 39 108 53 63 108 53 63 108 52 63 93 52 64 93 52 64 93 1 64 93 0
18 4 16 0 3 16 0 3 18 0 4 18 0 4 18 1 4 18 72 3 18 72 3 100 72 3 100 73 24 100 73 24 100 72 24 32 72 25 32 72 25 32 1 25 32 0 24 32 0 24 30 0 25 30 0
16 25 37 0 25 38 0 25 38 1 25 38 62 24 38 62 24 104 62 24 104 63 45 104 63 45 104 62 45 46 62 46 46 62 46 46 1 46 46 0 45 46 0 45 44 0 46 44 0
16 34 86 0 34 87 0 34 87 1 34 87 62 33 87 62 33 105 62 33 105 63 39 105 63 39 105 62 39 25 62 40 25 62 40 25 1 40 25 0 39 25 0 39 23 0 40 23 0
14 10 72 0 10 71 0 10 71 1 10 71 58 9 71 58 9 108 58 9 108 59 51 108 59 51 108 58 51 66 58 52 66 58 52 66 1 52 66 0 52 65 0
14 4 37 0 4 36 0 4 36 1 4 36 74 3 36 74 3 100 74 3 100 75 63 100 75 63 100 74 63 45 74 64 45 74 64 45 1 64 45 0 64 44 0
14 37 51 0 37 52 0 37 52 1 37 52 62 36 52 62 36 106 62 36 106 63 42 106 63 42 106 62 42 66 62 43 66 62 43 66 1 43 66 0 43 65 0
14 7 86 0 7 87 0 7 87 1 7 87 64 6 87 64 6 104 64 6 104 65 36 104 65 36 104 64 36 17 64 37 17 64 37 17 1 37 17 0 37 16 0
14 25 23 0 25 24 0 25 24 1 25 24 58 24 24 58 24 109 58 24 109 59 63 109 59 63 109 58 63 94 58 64 94 58 64 94 1 64 94 0 64 93 0
16 4 9 0 4 8 0 4 8 1 4 8 76 3 8 76 3 100 76 3 100 77 48 100 77 48 100 76 48 11 76 49 11 76 49 11 1 49 11 0 48 11 0 48 9 0 49 9 0
18 1 79 0 0 79 0 0 81 0 1 81 0 1 81 1 1 81 44 0 81 44 0 110 44 0 110 45 72 110 45 72 110 44 72 4 44 73 4 44 73 4 1 73 4 0 72 4 0 72 2 0 73 2 0
14 13 37 0 13 36 0 13 36 1 13 36 70 12 36 70 12 101 70 12 101 71 36 101 71 36 101 70 36 80 70 37 80 70 37 80 1 37 80 0 37 79 0
14 25 2 0 25 3 0 25 3 1 25 3 46 24 3 46 24 110 46 24 110 47 30 110 47 30 110 46 30 24 46 31 24 46 31 24 1 31 24 0 31 23 0
14 43 37 0 43 38 0 43 38 1 43 38 66 42 38 66 42 104 66 42 104 67 66 104 67 66 104 66 66 64 66 67 64 66 67 64 1 67 64 0 67 65 0
18 22 9 0 21 9 0 21 11 0 22 11 0 22 11 1 22 11 54 21 11 54 21 108 54 21 108 55 72 108 55 72 108 54 72 11 54 73 11 54 73 11 1 73 11 0 72 11 0 72 9 0 73 9 0
14 43 86 0 43 87 0 43 87 1 43 87 14 42 87 14 42 110 14 42 110 15 48 110 15 48 110 14 48 52 14 49 52 14 49 52 1 49 52 0 49 51 0
14 1 9 0 1 10 0 1 10 1 1 10 60 0 10 60 0 107 60 0 107 61 21 107 61 21 107 60 21 59 60 22 59 60 22 59 1 22 59 0 22 58 0
16 10 30 0 10 31 0 10 31 1 10 31 64 9 31 64 9 105 64 9 105 65 33 105 65 33 105 64 33 88 64 34 88 64 34 88 1 34 88 0 33 88 0 33 86 0 34 86 0
18 19 2 0 18 2 0 18 4 0 19 4 0 19 4 1 19 4 64 18 4 64 18 106 64 18 106 65 39 106 65 39 106 64 39 46 64 40 46 64 40 46 1 40 46 0 39 46 0 39 44 0 40 44 0
14 25 44 0 25 45 0 25 45 1 25 45 52 24 45 52 24 109 52 24 109 53 57 109 53 57 109 52 57 15 52 58 15 52 58 15 1 58 15 0 58 16 0
13 52 72 0 52 73 0 52 73 1 52 73 68 51 73 68 51 102 68 51 102 69 69 102 69 69 102 68 69 79 68 70 79 68 70 79 1 70 79 0
13 4 93 0 4 94 0 4 94 1 4 94 78 3 94 78 3 99 78 3 99 79 39 99 79 39 99 78 39 16 78 40 16 78 40 16 1 40 16 0
16 34 44 0 33 44 0 33 46 0 34 46 0 34 46 1 34 46 70 33 46 70 33 102 70 33 102 71 66 102 71 66 102 70 66 22 70 67 22 70 67 22 1 67 22 0 67 23 0
16 10 58 0 10 57 0 10 57 1 10 57 60 9 57 60 9 108 60 9 108 61 30 108 61 30 108 60 30 4 60 31 4 60 31 4 1 31 4 0 30 4 0 30 2 0 31 2 0
18 43 65 0 42 65 0 42 67 0 43 67 0 43 67 1 43 67 68 42 67 68 42 103 68 42 103 69 66 103 69 66 103 68 66 53 68 67 53 68 67 53 1 67 53 0 66 53 0 66 51 0 67 51 0
16 37 16 0 36 16 0 36 18 0 37 18 0 37 18 1 37 18 66 36 18 66 36 105 66 36 105 67 69 105 67 69 105 66 69 80 66 70 80 66 70 80 1 70 80 0 70 79 0
16 19 86 0 18 86 0 18 88 0 19 88 0 19 88 1 19 88 66 18 88 66 18 106 66 18 106 67 21 106 67 21 106 66 21 8 66 22 8 66 22 8 1 22 8 0 22 9 0
16 7 30 0 7 29 0 7 29 1 7 29 68 6 29 68 6 104 68 6 104 69 60 104 69 60 104 68 60 11 68 61 11 68 61 11 1 61 11 0 60 11 0 60 9 0 61 9 0
16 19 23 0 19 24 0 19 24 1 19 24 70 18 24 70 18 103 70 18 103 71 69 103 71 69 103 70 69 81 70 70 81 70 70 81 1 70 81 0 69 81 0 69 79 0 70 79 0
14 4 65 0 4 64 0 4 64 1 4 64 80 3 64 80 3 99 80 3 99 81 30 99 81 30 99 80 30 36 80 31 36 80 31 36 1 31 36 0 31 37 0
16 25 44 0 24 44 0 24 46 0 25 46 0 25 46 1 25 46 50 24 46 50 24 109 50 24 109 51 72 109 51 72 109 50 72 17 50 73 17 50 73 17 1 73 17 0 73 16 0
14 61 2 0 61 3 0 61 3 1 61 3 74 60 3 74 60 101 74 60 101 75 69 101 75 69 101 74 69 22 74 70 22 74 70 22 1 70 22 0 70 23 0
16 28 37 0 28 38 0 28 38 1 28 38 76 27 38 76 27 101 76 27 101 77 69 101 77 69 101 76 69 60 76 70 60 76 70 60 1 70 60 0 69 60 0 69 58 0 70 58 0
14 25 9 0 25 10 0 25 10 1 25 10 22 24 10 22 24 110 22 24 110 23 33 110 23 33 110 22 33 73 22 34 73 22 34 73 1 34 73 0 34 72 0
14 22 30 0 22 31 0 22 31 1 22 31 64 21 31 64 21 107 64 21 107 65 48 107 65 48 107 64 48 1 64 49 1 64 49 1 1 49 1 0 49 2 0
16 1 65 0 0 65 0 0 67 0 1 67 0 1 67 1 1 67 68 0 67 68 0 105 68 0 105 69 15 105 69 15 105 68 15 45 68 16 45 68 16 45 1 16 45 0 16 44 0
14 13 2 0 13 3 0 13 3 1 13 3 72 12 3 72 12 101 72 12 101 73 45 101 73 45 101 72 45 17 72 46 17 72 46 17 1 46 17 0 46 16 0
18 31 16 0 30 16 0 30 18 0 31 18 0 31 18 1 31 18 70 30 18 70 30 104 70 30 104 71 42 104 71 42 104 70 42 74 70 43 74 70 43 74 1 43 74 0 42 74 0 42 72 0 43 72 0
18 19 93 0 18 93 0 18 95 0 19 95 0 19 95 1 19 95 54 18 95 54 18 109 54 18 109 55 36 109 55 36 109 54 36 39 54 37 39 54 37 39 1 37 39 0 36 39 0 36 37 0 37 37 0
16 1 16 0 1 17 0 1 17 1 1 17 72 0 17 72 0 102 72 0 102 73 42 102 73 42 102 72 42 25 72 43 25 72 43 25 1 43 25 0 42 25 0 42 23 0 43 23 0
16 34 93 0 33 93 0 33 95 0 34 95 0 34 95 1 34 95 72 33 95 72 33 103 72 33 103 73 57 103 73 57 103 72 57 52 72 58 52 72 58 52 1 58 52 0 58 51 0
16 10 30 0 9 30 0 9 32 0 10 32 0 10 32 1 10 32 52 9 32 52 9 110 52 9 110 53 21 110 53 21 110 52 21 45 52 22 45 52 22 45 1 22 45 0 22 44 0
14 1 30 0 1 31 0 1 31 1 1 31 74 0 31 74 0 102 74 0 102 75 42 102 75 42 102 74 42 22 74 43 22 74 43 22 1 43 22 0 43 23 0
14 19 51 0 19 50 0 19 50 1 19 50 72 18 50 72 18 104 72 18 104 73 60 104 73 60 104 72 60 8 72 61 8 72 61 8 1 61 8 0 61 9 0
18 1 16 0 0 16 0 0 18 0 1 18 0 1 18 1 1 18 62 0 18 62 0 107 62 0 107 63 72 107 63 72 107 62 72 32 62 73 32 62 73 32 1 73 32 0 72 32 0 72 30 0 73 30 0
13 1 86 0 1 87 0 1 87 1 1 87 54 0 87 54 0 110 54 0 110 55 63 110 55 63 110 54 63 58 54 64 58 54 64 58 1 64 58 0
14 61 93 0 61 94 0 61 94 1 61 94 78 60 94 78 60 100 78 60 100 79 69 100 79 69 100 78 69 50 78 70 50 78 70 50 1 70 50 0 70 51 0
15 28 58 0 28 58 1 28 58 50 27 58 50 27 110 50 27 110 51 42 110 51 42 110 50 42 46 50 43 46 50 43 46 1 43 46 0 42 46 0 42 44 0 43 44 0
16 19 65 0 18 65 0 18 67 0 19 67 0 19 67 1 19 67 76 18 67 76 18 102 76 18 102 77 63 102 77 63 102 76 63 15 76 64 15 76 64 15 1 64 15 0 64 16 0
14 25 58 0 25 59 0 25 59 1 25 59 78 24 59 78 24 101 78 24 101 79 54 101 79 54 101 78 54 36 78 55 36 78 55 36 1 55 36 0 55 37 0
16 43 86 0 42 86 0 42 88 0 43 88 0 43 88 1 43 88 80 42 88 80 42 100 80 42 100 81 54 100 81 54 100 80 54 50 80 55 50 80 55 50 1 55 50 0 55 51 0
14 1 79 0 1 78 0 1 78 1 1 78 66 0 78 66 0 107 66 0 107 67 45 107 67 45 107 66 45 31 66 46 31 66 46 31 1 46 31 0 46 30 0
14 37 65 0 37 66 0 37 66 1 37 66 72 36 66 72 36 105 72 36 105 73 66 105 73 66 105 72 66 50 72 67 50 72 67 50 1 67 50 0 67 51 0
14 37 9 0 37 10 0 37 10 1 37 10 82 36 10 82 36 99 82 36 99 83 54 99 83 54 99 82 54 57 82 55 57 82 55 57 1 55 57 0 55 58 0
14 28 2 0 28 3 0 28 3 1 28 3 74 27 3 74 27 103 74 27 103 75 66 103 75 66 103 74 66 87 74 67 87 74 67 87 1 67 87 0 67 86 0
16 49 44 0 49 45 0 49 45 1 49 45 78 48 45 78 48 102 78 48 102 79 66 102 79 66 102 78 66 39 78 67 39 78 67 39 1 67 39 0 66 39 0 66 37 0 67 37 0
14 31 30 0 31 31 0 31 31 1 31 31 76 30 31 76 30 103 76 30 103 77 66 103 77 66 103 76 66 1 76 67 1 76 67 1 1 67 1 0 67 2 0
16 25 30 0 25 29 0 25 29 1 25 29 64 24 29 64 24 108 64 24 108 65 51 108 65 51 108 64 51 46 64 52 46 64 52 46 1 52 46 0 51 46 0 51 44 0 52 44 0
12 1 30 0 0 30 0 0 32 0 1 32 0 1 32 1 1 32 2 2 32 2 2 64 2 1 64 2 1 64 1 1 64 0 1 65 0
18 13 79 0 12 79 0 12 81 0 13 81 0 13 81 1 13 81 78 12 81 78 12 103 78 12 103 79 27 103 79 27 103 78 27 4 78 28 4 78 28 4 1 28 4 0 27 4 0 27 2 0 28 2 0
18 34 37 0 33 37 0 33 39 0 34 39 0 34 39 1 34 39 66 33 39 66 33 108 66 33 108 67 63 108 67 63 108 66 63 46 66 64 46 66 64 46 1 64 46 0 63 46 0 63 44 0 64 44 0
13 19 86 0 19 85 0 19 85 1 19 85 68 18 85 68 18 106 68 18 106 69 57 106 69 57 106 68 57 30 68 58 30 68 58 30 1 58 30 0
16 25 9 0 24 9 0 24 11 0 25 11 0 25 11 1 25 11 68 24 11 68 24 107 68 24 107 69 36 107 69 36 107 68 36 36 68 37 36 68 37 36 1 37 36 0 37 37 0
18 1 86 0 0 86 0 0 88 0 1 88 0 1 88 1 1 88 76 0 88 76 0 104 76 0 104 77 36 104 77 36 104 76 36 25 76 37 25 76 37 25 1 37 25 0 36 25 0 36 23 0 37 23 0
16 4 23 0 3 23 0 3 25 0 4 25 0 4 25 1 4 25 84 3 25 84 3 99 84 3 99 85 36 99 85 36 99 84 36 87 84 37 87 84 37 87 1 37 87 0 37 86 0
16 13 65 0 12 65 0 12 67 0 13 67 0 13 67 1 13 67 74 12 67 74 12 104 74 12 104 75 30 104 75 30 104 74 30 10 74 31 10 74 31 10 1 31 10 0 31 9 0
14 16 30 0 16 31 0 16 31 1 16 31 56 15 31 56 15 109 56 15 109 57 24 109 57 24 109 56 24 8 56 25 8 56 25 8 1 25 8 0 25 9 0
14 16 2 0 16 1 0 16 1 1 16 1 60 15 1 60 15 109 60 15 109 61 27 109 61 27 109 60 27 73 60 28 73 60 28 73 1 28 73 0 28 72 0
16 22 16 0 22 15 0 22 15 1 22 15 62 21 15 62 21 108 62 21 108 63 27 108 63 27 108 62 27 39 62 28 39 62 28 39 1 28 39 0 27 39 0 27 37 0 28 37 0
18 7 86 0 6 86 0 6 88 0 7 88 0 7 88 1 7 88 70 6 88 70 6 105 70 6 105 71 24 105 71 24 105 70 24 95 70 25 95 70 25 95 1 25 95 0 24 95 0 24 93 0 25 93 0
18 4 2 0 3 2 0 3 4 0 4 4 0 4 4 1 4 4 82 3 4 82 3 100 82 3 100 83 51 100 83 51 100 82 51 53 82 52 53 82 52 53 1 52 53 0 51 53 0 51 51 0 52 51 0
13 10 23 0 10 23 1 10 23 66 9 23 66 9 109 66 9 109 67 39 109 67 39 109 66 39 80 66 40 80 66 40 80 1 40 80 0 40 79 0
16 22 44 0 21 44 0 21 46 0 22 46 0 22 46 1 22 46 72 21 46 72 21 106 72 21 106 73 39 106 73 39 106 72 39 17 72 40 17 72 40 17 1 40 17 0 40 16 0
18 13 2 0 12 2 0 12 4 0 13 4 0 13 4 1 13 4 76 12 4 76 12 105 76 12 105 77 24 105 77 24 105 76 24 25 76 25 25 76 25 25 1 25 25 0 24 25 0 24 23 0 25 23 0
15 1 58 0 1 58 1 1 58 80 0 58 80 0 101 80 0 101 81 66 101 81 66 101 80 66 88 80 67 88 80 67 88 1 67 88 0 66 88 0 66 86 0 67 86 0
18 19 30 0 18 30 0 18 32 0 19 32 0 19 32 1 19 32 74 18 32 74 18 105 74 18 105 75 48 105 75 48 105 74 48 39 74 49 39 74 49 39 1 49 39 0 48 39 0 48 37 0 49 37 0
15 37 44 0 37 44 1 37 44 78 36 44 78 36 104 78 36 104 79 42 104 79 42 104 78 42 60 78 43 60 78 43 60 1 43 60 0 42 60 0 42 58 0 43 58 0
16 4 30 0 3 30 0 3 32 0 4 32 0 4 32 1 4 32 86 3 32 86 3 99 86 3 99 87 33 99 87 33 99 86 33 85 86 34 85 86 34 85 1 34 85 0 34 86 0
16 49 86 0 48 86 0 48 88 0 49 88 0 49 88 1 49 88 82 48 88 82 48 101 82 48 101 83 66 101 83 66 101 82 66 45 82 67 45 82 67 45 1 67 45 0 67 44 0
16 1 9 0 0 9 0 0 11 0 1 11 0 1 11 1 1 11 70 0 11 70 0 106 70 0 106 71 39 106 71 39 106 70 39 38 70 40 38 70 40 38 1 40 38 0 40 37 0
18 31 58 0 30 58 0 30 60 0 31 60 0 31 60 1 31 60 62 30 60 62 30 109 62 30 109 63 57 109 63 57 109 62 57 25 62 58 25 62 58 25 1 58 25 0 57 25 0 57 23 0 58 23 0
16 58 79 0 57 79 0 57 81 0 58 81 0 58 81 1 58 81 78 57 81 78 57 105 78 57 105 79 63 105 79 63 105 78 63 50 78 64 50 78 64 50 1 64 50 0 64 51 0
14 16 65 0 16 66 0 16 66 1 16 66 70 15 66 70 15 107 70 15 107 71 27 107 71 27 107 70 27 80 70 28 80 70 28 80 1 28 80 0 28 79 0
14 10 65 0 10 66 0 10 66 1 10 66 80 9 66 80 9 102 80 9 102 81 36 102 81 36 102 80 36 1 80 37 1 80 37 1 1 37 1 0 37 2 0
18 1 2 0 0 2 0 0 4 0 1 4 0 1 4 1 1 4 78 0 4 78 0 106 78 0 106 79 21 106 79 21 106 78 21 4 78 22 4 78 22 4 1 22 4 0 21 4 0 21 2 0 22 2 0
14 1 30 0 1 29 0 1 29 1 1 29 84 0 29 84 0 100 84 0 100 85 54 100 85 54 100 84 54 87 84 55 87 84 55 87 1 55 87 0 55 86 0
16 25 86 0 24 86 0 24 88 0 25 88 0 25 88 1 25 88 80 24 88 80 24 103 80 24 103 81 27 103 81 27 103 80 27 85 80 28 85 80 28 85 1 28 85 0 28 86 0
14 46 44 0 46 43 0 46 43 1 46 43 68 45 43 68 45 108 68 45 108 69 48 108 69 48 108 68 48 73 68 49 73 68 49 73 1 49 73 0 49 72 0
14 4 44 0 4 43 0 4 43 1 4 43 88 3 43 88 3 99 88 3 99 89 72 99 89 72 99 88 72 22 88 73 22 88 73 22 1 73 22 0 73 23 0
18 16 72 0 15 72 0 15 74 0 16 74 0 16 74 1 16 74 72 15 74 72 15 107 72 15 107 73 63 107 73 63 107 72 63 95 72 64 95 72 64 95 1 64 95 0 63 95 0 63 93 0 64 93 0
14 31 86 0 31 85 0 31 85 1 31 85 72 30 85 72 30 108 72 30 108 73 51 108 73 51 108 72 51 3 72 52 3 72 52 3 1 52 3 0 52 2 0
16 31 79 0 30 79 0 30 81 0 31 81 0 31 81 1 31 81 84 30 81 84 30 101 84 30 101 85 66 101 85 66 101 84 66 31 84 67 31 84 67 31 1 67 31 0 67 30 0
16 16 58 0 16 59 0 16 59 1 16 59 74 15 59 74 15 106 74 15 106 75 45 106 75 45 106 74 45 11 74 46 11 74 46 11 1 46 11 0 45 11 0 45 9 0 46 9 0
16 4 2 0 4 1 0 4 1 1 4 1 90 3 1 90 3 99 90 3 99 91 36 99 91 36 99 90 36 11 90 37 11 90 37 11 1 37 11 0 36 11 0 36 9 0 37 9 0
16 46 86 0 45 86 0 45 88 0 46 88 0 46 88 1 46 88 80 45 88 80 45 104 80 45 104 81 69 104 81 69 104 80 69 31 80 70 31 80 70 31 1 70 31 0 70 30 0
18 49 72 0 48 72 0 48 74 0 49 74 0 49 74 1 49 74 48 48 74 48 48 109 48 48 109 49 72 109 49 72 109 48 72 46 48 73 46 48 73 46 1 73 46 0 72 46 0 72 44 0 73 44 0
13 7 86 0 7 85 0 7 85 1 7 85 74 6 85 74 6 107 74 6 107 75 21 107 75 21 107 74 21 79 74 22 79 74 22 79 1 22 79 0
16 43 9 0 43 8 0 43 8 1 43 8 82 42 8 82 42 102 82 42 102 83 63 102 83 63 102 82 63 11 82 64 11 82 64 11 1 64 11 0 63 11 0 63 9 0 64 9 0
18 1 44 0 0 44 0 0 46 0 1 46 0 1 46 1 1 46 86 0 46 86 0 100 86 0 100 87 42 100 87 42 100 86 42 4 86 43 4 86 43 4 1 43 4 0 42 4 0 42 2 0 43 2 0
18 46 65 0 45 65 0 45 67 0 46 67 0 46 67 1 46 67 70 45 67 70 45 108 70 45 108 71 51 108 71 51 108 70 51 74 70 52 74 70 52 74 1 52 74 0 51 74 0 51 72 0 52 72 0
14 13 51 0 13 52 0 13 52 1 13 52 82 12 52 82 12 103 82 12 103 83 27 103 83 27 103 82 27 36 82 28 36 82 28 36 1 28 36 0 28 37 0
18 58 51 0 57 51 0 57 53 0 58 53 0 58 53 1 58 53 40 57 53 40 57 110 40 57 110 41 69 110 41 69 110 40 69 32 40 70 32 40 70 32 1 70 32 0 69 32 0 69 30 0 70 30 0
18 16 51 0 15 51 0 15 53 0 16 53 0 16 53 1 16 53 76 15 53 76 15 106 76 15 106 77 33 106 77 33 106 76 33 11 76 34 11 76 34 11 1 34 11 0 33 11 0 33 9 0 34 9 0
14 37 58 0 37 57 0 37 57 1 37 57 86 36 57 86 36 101 86 36 101 87 69 101 87 69 101 86 69 92 86 70 92 86 70 92 1 70 92 0 70 93 0
12 31 30 0 30 30 0 30 32 0 31 32 0 31 32 1 31 32 2 32 32 2 32 57 2 31 57 2 31 57 1 31 57 0 31 58 0
14 34 93 0 34 92 0 34 92 1 34 92 84 33 92 84 33 102 84 33 102 85 42 102 85 42 102 84 42 80 84 43 80 84 43 80 1 43 80 0 43 79 0
16 22 86 0 21 86 0 21 88 0 22 88 0 22 88 1 22 88 88 21 88 88 21 100 88 21 100 89 36 100 89 36 100 88 36 45 88 37 45 88 37 45 1 37 45 0 37 44 0
13 40 30 0 40 30 1 40 30 42 39 30 42 39 110 42 39 110 43 69 110 43 69 110 42 69 64 42 70 64 42 70 64 1 70 64 0 70 65 0
16 10 65 0 9 65 0 9 67 0 10 67 0 10 67 1 10 67 78 9 67 78 9 107 78 9 107 79 15 107 79 15 107 78 15 15 78 16 15 78 16 15 1 16 15 0 16 16 0
16 46 79 0 45 79 0 45 81 0 46 81 0 46 81 1 46 81 84 45 81 84 45 103 84 45 103 85 48 103 85 48 103 84 48 92 84 49 92 84 49 92 1 49 92 0 49 93 0
16 4 30 0 4 29 0 4 29 1 4 29 92 3 29 92 3 99 92 3 99 93 42 99 93 42 99 92 42 18 92 43 18 92 43 18 1 43 18 0 42 18 0 42 16 0 43 16 0
14 49 37 0 49 36 0 49 36 1 49 36 70 48 36 70 48 109 70 48 109 71 60 109 71 60 109 70 60 50 70 61 50 70 61 50 1 61 50 0 61 51 0
14 25 79 0 25 80 0 25 80 1 25 80 86 24 80 86 24 102 86 24 102 87 54 102 87 54 102 86 54 24 86 55 24 86 55 24 1 55 24 0 55 23 0
16 13 2 0 13 1 0 13 1 1 13 1 80 12 1 80 12 105 80 12 105 81 60 105 81 60 105 80 60 95 80 61 95 80 61 95 1 61 95 0 60 95 0 60 93 0 61 93 0
18 25 79 0 24 79 0 24 81 0 25 81 0 25 81 1 25 81 88 24 81 88 24 101 88 24 101 89 54 101 89 54 101 88 54 88 88 55 88 88 55 88 1 55 88 0 54 88 0 54 86 0 55 86 0
14 4 86 0 4 85 0 4 85 1 4 85 94 3 85 94 3 99 94 3 99 95 54 99 95 54 99 94 54 71 94 55 71 94 55 71 1 55 71 0 55 72 0
18 13 16 0 12 16 0 12 18 0 13 18 0 13 18 1 13 18 86 12 18 86 12 103 86 12 103 87 48 103 87 48 103 86 48 81 86 49 81 86 49 81 1 49 81 0 48 81 0 48 79 0 49 79 0
14 7 23 0 7 24 0 7 24 1 7 24 80 6 24 80 6 106 80 6 106 81 57 106 81 57 106 80 57 73 80 58 73 80 58 73 1 58 73 0 58 72 0
14 7 58 0 7 57 0 7 57 1 7 57 78 6 57 78 6 108 78 6 108 79 51 108 79 51 108 78 51 59 78 52 59 78 52 59 1 52 59 0 52 58 0
14 34 51 0 34 50 0 34 50 1 34 50 92 33 50 92 33 100 92 33 100 93 36 100 93 36 100 92 36 22 92 37 22 92 37 22 1 37 22 0 37 23 0
16 34 16 0 33 16 0 33 18 0 34 18 0 34 18 1 34 18 88 33 18 88 33 102 88 33 102 89 42 102 89 42 102 88 42 1 88 43 1 88 43 1 1 43 1 0 43 2 0
14 22 79 0 22 80 0 22 80 1 22 80 82 21 80 82 21 104 82 21 104 83 69 104 83 69 104 82 69 45 82 70 45 82 70 45 1 70 45 0 70 44 0
16 25 93 0 25 92 0 25 92 1 25 92 66 24 92 66 24 110 66 24 110 67 60 110 67 60 110 66 60 4 66 61 4 66 61 4 1 61 4 0 60 4 0 60 2 0 61 2 0
16 13 65 0 13 64 0 13 64 1 13 64 84 12 64 84 12 104 84 12 104 85 27 104 85 27 104 84 27 74 84 28 74 84 28 74 1 28 74 0 27 74 0 27 72 0 28 72 0
18 37 86 0 36 86 0 36 88 0 37 88 0 37 88 1 37 88 94 36 88 94 36 100 94 36 100 95 48 100 95 48 100 94 48 60 94 49 60 94 49 60 1 49 60 0 48 60 0 48 58 0 49 58 0
14 7 93 0 7 92 0 7 92 1 7 92 82 6 92 82 6 105 82 6 105 83 33 105 83 33 105 82 33 36 82 34 36 82 34 36 1 34 36 0 34 37 0
16 64 30 0 63 30 0 63 32 0 64 32 0 64 32 1 64 32 80 63 32 80 63 107 80 63 107 81 72 107 81 72 107 80 72 43 80 73 43 80 73 43 1 73 43 0 73 44 0
16 61 23 0 60 23 0 60 25 0 61 25 0 61 25 1 61 25 86 60 25 86 60 104 86 60 104 87 66 104 87 66 104 86 66 36 86 67 36 86 67 36 1 67 36 0 67 37 0
16 52 9 0 52 8 0 52 8 1 52 8 62 51 8 62 51 110 62 51 110 63 60 110 63 60 110 62 60 60 62 61 60 62 61 60 1 61 60 0 60 60 0 60 58 0 61 58 0
16 22 58 0 21 58 0 21 60 0 22 60 0 22 60 1 22 60 76 21 60 76 21 107 76 21 107 77 39 107 77 39 107 76 39 43 76 40 43 76 40 43 1 40 43 0 40 44 0
14 1 72 0 1 71 0 1 71 1 1 71 58 0 71 58 0 110 58 0 110 59 57 110 59 57 110 58 57 50 58 58 50 58 58 50 1 58 50 0 58 51 0
16 64 58 0 64 59 0 64 59 1 64 59 84 63 59 84 63 105 84 63 105 85 69 105 85 69 105 84 69 46 84 70 46 84 70 46 1 70 46 0 69 46 0 69 44 0 70 44 0
18 37 44 0 36 44 0 36 46 0 37 46 0 37 46 1 37 46 96 36 46 96 36 99 96 36 99 97 57 99 97 57 99 96 57 67 96 58 67 96 58 67 1 58 67 0 57 67 0 57 65 0 58 65 0
16 10 9 0 9 9 0 9 11 0 10 11 0 10 11 1 10 11 90 9 11 90 9 100 90 9 100 91 54 100 91 54 100 90 54 64 90 55 64 90 55 64 1 55 64 0 55 65 0
16 46 79 0 46 78 0 46 78 1 46 78 88 45 78 88 45 103 88 45 103 89 66 103 89 66 103 88 66 81 88 67 81 88 67 81 1 67 81 0 66 81 0 66 79 0 67 79 0
18 16 65 0 15 65 0 15 67 0 16 67 0 16 67 1 16 67 80 15 67 80 15 108 80 15 108 81 21 108 81 21 108 80 21 32 80 22 32 80 22 32 1 22 32 0 21 32 0 21 30 0 22 30 0
18 40 37 0 39 37 0 39 39 0 40 39 0 40 39 1 40 39 90 39 39 90 39 101 90 39 101 91 66 101 91 66 101 90 66 46 90 67 46 90 67 46 1 67 46 0 66 46 0 66 44 0 67 44 0
14 7 9 0 7 10 0 7 10 1 7 10 84 6 10 84 6 106 84 6 106 85 21 106 85 21 106 84 21 85 84 22 85 84 22 85 1 22 85 0 22 86 0
18 4 93 0 3 93 0 3 95 0 4 95 0 4 95 1 4 95 96 3 95 96 3 100 96 3 100 97 9 100 97 9 100 96 9 81 96 10 81 96 10 81 1 10 81 0 9 81 0 9 79 0 10 79 0
14 22 65 0 22 64 0 22 64 1 22 64 90 21 64 90 21 102 90 21 102 91 33 102 91 33 102 90 33 8 90 34 8 90 34 8 1 34 8 0 34 9 0
18 28 16 0 27 16 0 27 18 0 28 18 0 28 18 1 28 18 86 27 18 86 27 105 86 27 105 87 57 105 87 57 105 86 57 74 86 58 74 86 58 74 1 58 74 0 57 74 0 57 72 0 58 72 0
15 19 37 0 19 37 1 19 37 80 18 37 80 18 109 80 18 109 81 39 109 81 39 109 80 39 81 80 40 81 80 40 81 1 40 81 0 39 81 0 39 79 0 40 79 0
11 34 30 0 34 30 1 34 30 3 35 30 3 35 74 3 34 74 3 34 74 1 34 74 0 33 74 0 33 72 0 34 72 0
16 52 58 0 51 58 0 51 60 0 52 60 0 52 60 1 52 60 88 51 60 88 51 104 88 51 104 89 69 104 89 69 104 88 69 38 88 70 38 88 70 38 1 70 38 0 70 37 0
14 10 23 0 10 24 0 10 24 1 10 24 92 9 24 92 9 101 92 9 101 93 54 101 93 54 101 92 54 85 92 55 85 92 55 85 1 55 85 0 55 86 0
16 40 37 0 40 36 0 40 36 1 40 36 74 39 36 74 39 108 74 39 108 75 57 108 75 57 108 74 57 60 74 58 60 74 58 60 1 58 60 0 57 60 0 57 58 0 58 58 0
14 10 2 0 10 1 0 10 1 1 10 1 68 9 1 68 9 109 68 9 109 69 30 109 69 30 109 68 30 15 68 31 15 68 31 15 1 31 15 0 31 16 0
14 43 58 0 43 57 0 43 57 1 43 57 76 42 57 76 42 108 76 42 108 77 45 108 77 45 108 76 45 85 76 46 85 76 46 85 1 46 85 0 46 86 0
14 4 16 0 4 15 0 4 15 1 4 15 98 3 15 98 3 99 98 3 99 99 57 99 99 57 99 98 57 36 98 58 36 98 58 36 1 58 36 0 58 37 0
16 7 51 0 6 51 0 6 53 0 7 53 0 7 53 1 7 53 86 6 53 86 6 106 86 6 106 87 51 106 87 51 106 86 51 71 86 52 71 86 52 71 1 52 71 0 52 72 0
16 25 72 0 24 72 0 24 74 0 25 74 0 25 74 1 25 74 82 24 74 82 24 106 82 24 106 83 30 106 83 30 106 82 30 29 82 31 29 82 31 29 1 31 29 0 31 30 0
18 52 16 0 51 16 0 51 18 0 52 18 0 52 18 1 52 18 76 51 18 76 51 109 76 51 109 77 57 109 77 57 109 76 57 11 76 58 11 76 58 11 1 58 11 0 57 11 0 57 9 0 58 9 0
14 25 44 0 25 43 0 25 43 1 25 43 90 24 43 90 24 103 90 24 103 91 63 103 91 63 103 90 63 78 90 64 78 90 64 78 1 64 78 0 64 79 0
12 52 30 0 51 30 0 51 32 0 52 32 0 52 32 1 52 32 2 53 32 2 53 50 2 52 50 2 52 50 1 52 50 0 52 51 0
14 1 58 0 1 59 0 1 59 1 1 59 82 0 59 82 0 107 82 0 107 83 15 107 83 15 107 82 15 87 82 16 87 82 16 87 1 16 87 0 16 86 0
16 10 79 0 10 78 0 10 78 1 10 78 84 9 78 84 9 107 84 9 107 85 15 107 85 15 107 84 15 32 84 16 32 84 16 32 1 16 32 0 15 32 0 15 30 0 16 30 0
16 40 51 0 39 51 0 39 53 0 40 53 0 40 53 1 40 53 94 39 53 94 39 101 94 39 101 95 42 101 95 42 101 94 42 94 94 43 94 94 43 94 1 43 94 0 43 93 0
16 19 37 0 19 38 0 19 38 1 19 38 82 18 38 82 18 108 82 18 108 83 57 108 83 57 108 82 57 46 82 58 46 82 58 46 1 58 46 0 57 46 0 57 44 0 58 44 0
18 28 51 0 27 51 0 27 53 0 28 53 0 28 53 1 28 53 88 27 53 88 27 105 88 27 105 89 30 105 89 30 105 88 30 95 88 31 95 88 31 95 1 31 95 0 30 95 0 30 93 0 31 93 0
14 67 86 0 67 85 0 67 85 1 67 85 92 66 85 92 66 102 92 66 102 93 69 102 93 69 102 92 69 15 92 70 15 92 70 15 1 70 15 0 70 16 0
16 52 30 0 52 29 0 52 29 1 52 29 96 51 29 96 51 101 96 51 101 97 54 101 97 54 101 96 54 95 96 55 95 96 55 95 1 55 95 0 54 95 0 54 93 0 55 93 0
14 28 51 0 28 50 0 28 50 1 28 50 72 27 50 72 27 109 72 27 109 73 48 109 73 48 109 72 48 22 72 49 22 72 49 22 1 49 22 0 49 23 0
14 7 2 0 7 1 0 7 1 1 7 1 98 6 1 98 6 100 98 6 100 99 36 100 99 36 100 98 36 71 98 37 71 98 37 71 1 37 71 0 37 72 0
16 49 44 0 48 44 0 48 46 0 49 46 0 49 46 1 49 46 90 48 46 90 48 104 90 48 104 91 72 104 91 72 104 90 72 1 90 73 1 90 73 1 1 73 1 0 73 2 0
14 13 86 0 13 85 0 13 85 1 13 85 88 12 85 88 12 106 88 12 106 89 57 106 89 57 106 88 57 57 88 58 57 88 58 57 1 58 57 0 58 58 0
16 16 72 0 16 71 0 16 71 1 16 71 2 15 71 2 15 110 2 15 110 3 30 110 3 30 110 2 30 67 2 31 67 2 31 67 1 31 67 0 30 67 0 30 65 0 31 65 0
18 16 86 0 15 86 0 15 88 0 16 88 0 16 88 1 16 88 90 15 88 90 15 105 90 15 105 91 51 105 91 51 105 90 51 39 90 52 39 90 52 39 1 52 39 0 51 39 0 51 37 0 52 37 0
14 34 72 0 34 71 0 34 71 1 34 71 78 33 71 78 33 109 78 33 109 79 45 109 79 45 109 78 45 64 78 46 64 78 46 64 1 46 64 0 46 65 0
18 1 37 0 0 37 0 0 39 0 1 39 0 1 39 1 1 39 64 0 39 64 0 109 64 0 109 65 30 109 65 30 109 64 30 25 64 31 25 64 31 25 1 31 25 0 30 25 0 30 23 0 31 23 0
12 67 72 0 66 72 0 66 74 0 67 74 0 67 74 1 67 74 2 68 74 2 68 92 2 67 92 2 67 92 1 67 92 0 67 93 0
14 28 9 0 28 8 0 28 8 1 28 8 92 27 8 92 27 103 92 27 103 93 48 103 93 48 103 92 48 85 92 49 85 92 49 85 1 49 85 0 49 86 0
14 52 23 0 52 22 0 52 22 1 52 22 84 51 22 84 51 108 84 51 108 85 57 108 85 57 108 84 57 31 84 58 31 84 58 31 1 58 31 0 58 30 0
14 25 23 0 25 22 0 25 22 1 25 22 84 24 22 84 24 109 84 24 109 85 39 109 85 39 109 84 39 31 84 40 31 84 40 31 1 40 31 0 40 30 0
16 49 30 0 49 29 0 49 29 1 49 29 88 48 29 88 48 107 88 48 107 89 63 107 89 63 107 88 63 60 88 64 60 88 64 60 1 64 60 0 63 60 0 63 58 0 64 58 0
16 43 79 0 42 79 0 42 81 0 43 81 0 43 81 1 43 81 90 42 81 90 42 106 90 42 106 91 57 106 91 57 106 90 57 43 90 58 43 90 58 43 1 58 43 0 58 44 0
16 4 72 0 3 72 0 3 74 0 4 74 0 4 74 1 4 74 100 3 74 100 3 99 100 3 99 101 51 99 101 51 99 100 51 80 100 52 80 100 52 80 1 52 80 0 52 79 0
16 43 79 0 43 78 0 43 78 1 43 78 96 42 78 96 42 102 96 42 102 97 63 102 97 63 102 96 63 67 96 64 67 96 64 67 1 64 67 0 63 67 0 63 65 0 64 65 0
14 52 16 0 52 15 0 52 15 1 52 15 94 51 15 94 51 102 94 51 102 95 66 102 95 66 102 94 66 71 94 67 71 94 67 71 1 67 71 0 67 72 0
14 16 86 0 16 85 0 16 85 1 16 85 94 15 85 94 15 103 94 15 103 95 33 103 95 33 103 94 33 64 94 34 64 94 34 64 1 34 64 0 34 65 0
14 4 72 0 4 71 0 4 71 1 4 71 102 3 71 102 3 99 102 3 99 103 21 99 103 21 99 102 21 43 102 22 43 102 22 43 1 22 43 0 22 44 0
16 25 86 0 25 85 0 25 85 1 25 85 74 24 85 74 24 109 74 24 109 75 72 109 75 72 109 74 72 18 74 73 18 74 73 18 1 73 18 0 72 18 0 72 16 0 73 16 0
16 25 58 0 24 58 0 24 60 0 25 60 0 25 60 1 25 60 92 24 60 92 24 104 92 24 104 93 39 104 93 39 104 92 39 78 92 40 78 92 40 78 1 40 78 0 40 79 0
18 22 72 0 21 72 0 21 74 0 22 74 0 22 74 1 22 74 86 21 74 86 21 107 86 21 107 87 39 107 87 39 107 86 39 60 86 40 60 86 40 60 1 40 60 0 39 60 0 39 58 0 40 58 0
18 7 9 0 6 9 0 6 11 0 7 11 0 7 11 1 7 11 60 6 11 60 6 110 60 6 110 61 42 110 61 42 110 60 42 39 60 43 39 60 43 39 1 43 39 0 42 39 0 42 37 0 43 37 0
16 19 23 0 18 23 0 18 25 0 19 25 0 19 25 1 19 25 92 18 25 92 18 105 92 18 105 93 51 105 93 51 105 92 51 57 92 52 57 92 52 57 1 52 57 0 52 58 0
16 19 30 0 19 29 0 19 29 1 19 29 86 18 29 86 18 108 86 18 108 87 45 108 87 45 108 86 45 95 86 46 95 86 46 95 1 46 95 0 45 95 0 45 93 0 46 93 0
10 1 16 0 1 15 0 1 15 1 1 15 3 2 15 3 2 36 3 1 36 3 1 36 1 1 36 0 1 37 0
16 7 79 0 6 79 0 6 81 0 7 81 0 7 81 1 7 81 96 6 81 96 6 103 96 6 103 97 33 103 97 33 103 96 33 15 96 34 15 96 34 15 1 34 15 0 34 16 0
14 13 93 0 13 92 0 13 92 1 13 92 94 12 92 94 12 104 94 12 104 95 24 104 95 24 104 94 24 78 94 25 78 94 25 78 1 25 78 0 25 79 0
14 19 2 0 19 1 0 19 1 1 19 1 78 18 1 78 18 110 78 18 110 79 72 110 79 72 110 78 72 29 78 73 29 78 73 29 1 73 29 0 73 30 0
14 7 79 0 7 78 0 7 78 1 7 78 100 6 78 100 6 100 100 6 100 101 33 100 101 33 100 100 33 57 100 34 57 100 34 57 1 34 57 0 34 58 0
13 67 58 0 67 57 0 67 57 1 67 57 96 66 57 96 66 104 96 66 104 97 69 104 97 69 104 96 69 2 96 70 2 96 70 2 1 70 2 0
14 10 44 0 10 45 0 10 45 1 10 45 100 9 45 100 9 101 100 9 101 101 36 101 101 36 101 100 36 85 100 37 85 100 37 85 1 37 85 0 37 86 0
16 31 65 0 31 64 0 31 64 1 31 64 90 30 64 90 30 107 90 30 107 91 45 107 91 45 107 90 45 4 90 46 4 90 46 4 1 46 4 0 45 4 0 45 2 0 46 2 0
16 4 58 0 4 57 0 4 57 1 4 57 104 3 57 104 3 99 104 3 99 105 45 99 105 45 99 104 45 74 104 46 74 104 46 74 1 46 74 0 45 74 0 45 72 0 46 72 0
14 52 44 0 52 43 0 52 43 1 52 43 98 51 43 98 51 101 98 51 101 99 63 101 99 63 101 98 63 64 98 64 64 98 64 64 1 64 64 0 64 65 0
16 28 58 0 28 59 0 28 59 1 28 59 94 27 59 94 27 105 94 27 105 95 57 105 95 57 105 94 57 88 94 58 88 94 58 88 1 58 88 0 57 88 0 57 86 0 58 86 0
14 16 93 0 16 92 0 16 92 1 16 92 98 15 92 98 15 102 98 15 102 99 69 102 99 69 102 98 69 57 98 70 57 98 70 57 1 70 57 0 70 58 0
16 49 51 0 48 51 0 48 53 0 49 53 0 49 53 1 49 53 100 48 53 100 48 102 100 48 102 101 63 102 101 63 102 100 63 1 100 64 1 100 64 1 1 64 1 0 64 2 0
16 34 30 0 34 31 0 34 31 1 34 31 102 33 31 102 33 100 102 33 100 103 57 100 103 57 100 102 57 32 102 58 32 102 58 32 1 58 32 0 57 32 0 57 30 0 58 30 0
14 16 23 0 16 22 0 16 22 1 16 22 88 15 22 88 15 108 88 15 108 89 60 108 89 60 108 88 60 92 88 61 92 88 61 92 1 61 92 0 61 93 0
16 43 72 0 43 71 0 43 71 1 43 71 98 42 71 98 42 103 98 42 103 99 54 103 99 54 103 98 54 25 98 55 25 98 55 25 1 55 25 0 54 25 0 54 23 0 55 23 0
16 28 58 0 27 58 0 27 60 0 28 60 0 28 60 1 28 60 102 27 60 102 27 101 102 27 101 103 51 101 103 51 101 102 51 85 102 52 85 102 52 85 1 52 85 0 52 86 0
14 13 79 0 13 78 0 13 78 1 13 78 90 12 78 90 12 108 90 12 108 91 60 108 91 60 108 90 60 80 90 61 80 90 61 80 1 61 80 0 61 79 0
18 1 58 0 0 58 0 0 60 0 1 60 0 1 60 1 1 60 92 0 60 92 0 106 92 0 106 93 12 106 93 12 106 92 12 46 92 13 46 92 13 46 1 13 46 0 12 46 0 12 44 0 13 44 0
10 64 86 0 64 85 0 64 85 1 64 85 2 65 85 2 65 92 2 64 92 2 64 92 1 64 92 0 64 93 0
16 49 58 0 49 57 0 49 57 1 49 57 96 48 57 96 48 105 96 48 105 97 60 105 97 60 105 96 60 74 96 61 74 96 61 74 1 61 74 0 60 74 0 60 72 0 61 72 0
18 19 37 0 18 37 0 18 39 0 19 39 0 19 39 1 19 39 102 18 39 102 18 102 102 18 102 103 36 102 103 36 102 102 36 67 102 37 67 102 37 67 1 37 67 0 36 67 0 36 65 0 37 65 0
16 31 93 0 31 92 0 31 92 1 31 92 92 30 92 92 30 107 92 30 107 93 60 107 93 60 107 92 60 81 92 61 81 92 61 81 1 61 81 0 60 81 0 60 79 0 61 79 0
18 10 93 0 9 93 0 9 95 0 10 95 0 10 95 1 10 95 104 9 95 104 9 100 104 9 100 105 36 100 105 36 100 104 36 81 104 37 81 104 37 81 1 37 81 0 36 81 0 36 79 0 37 79 0
16 34 79 0 34 78 0 34 78 1 34 78 98 33 78 98 33 104 98 33 104 99 39 104 99 39 104 98 39 32 98 40 32 98 40 32 1 40 32 0 39 32 0 39 30 0 40 30 0
16 46 16 0 45 16 0 45 18 0 46 18 0 46 18 1 46 18 100 45 18 100 45 103 100 45 103 101 54 103 101 54 103 100 54 8 100 55 8 100 55 8 1 55 8 0 55 9 0
16 31 72 0 31 73 0 31 73 1 31 73 94 30 73 94 30 106 94 30 106 95 45 106 95 45 106 94 45 60 94 46 60 94 46 60 1 46 60 0 45 60 0 45 58 0 46 58 0
18 4 79 0 3 79 0 3 81 0 4 81 0 4 81 1 4 81 106 3 81 106 3 99 106 3 99 107 39 99 107 39 99 106 39 4 106 40 4 106 40 4 1 40 4 0 39 4 0 39 2 0 40 2 0
14 22 30 0 22 29 0 22 29 1 22 29 96 21 29 96 21 106 96 21 106 97 27 106 97 27 106 96 27 43 96 28 43 96 28 43 1 28 43 0 28 44 0
16 7 9 0 7 8 0 7 8 1 7 8 102 6 8 102 6 103 102 6 103 103 12 103 103 12 103 102 12 25 102 13 25 102 13 25 1 13 25 0 12 25 0 12 23 0 13 23 0
15 16 79 0 15 79 0 15 81 0 16 81 0 16 81 1 16 81 96 15 81 96 15 107 96 15 107 97 24 107 97 24 107 96 24 16 96 25 16 96 25 16 1 25 16 0
14 34 2 0 34 1 0 34 1 1 34 1 104 33 1 104 33 101 104 33 101 105 39 101 105 39 101 104 39 29 104 40 29 104 40 29 1 40 29 0 40 30 0
14 49 51 0 49 50 0 49 50 1 49 50 104 48 50 104 48 102 104 48 102 105 57 102 105 57 102 104 57 29 104 58 29 104 58 29 1 58 29 0 58 30 0
16 55 79 0 55 78 0 55 78 1 55 78 102 54 78 102 54 104 102 54 104 103 69 104 103 69 104 102 69 74 102 70 74 102 70 74 1 70 74 0 69 74 0 69 72 0 70 72 0
14 7 16 0 7 15 0 7 15 1 7 15 104 6 15 104 6 103 104 6 103 105 24 103 105 24 103 104 24 17 104 25 17 104 25 17 1 25 17 0 25 16 0
16 25 72 0 25 71 0 25 71 1 25 71 100 24 71 100 24 104 100 24 104 101 39 104 101 39 104 100 39 88 100 40 88 100 40 88 1 40 88 0 39 88 0 39 86 0 40 86 0
14 16 9 0 16 8 0 16 8 1 16 8 92 15 8 92 15 108 92 15 108 93 57 108 93 57 108 92 57 8 92 58 8 92 58 8 1 58 8 0 58 9 0
16 34 30 0 33 30 0 33 32 0 34 32 0 34 32 1 34 32 106 33 32 106 33 100 106 33 100 107 60 100 107 60 100 106 60 71 106 61 71 106 61 71 1 61 71 0 61 72 0
16 40 58 0 40 57 0 40 57 1 40 57 48 39 57 48 39 110 48 39 110 49 51 110 49 51 110 48 51 81 48 52 81 48 52 81 1 52 81 0 51 81 0 51 79 0 52 79 0
14 16 37 0 16 36 0 16 36 1 16 36 102 15 36 102 15 105 102 15 105 103 45 105 103 45 105 102 45 57 102 46 57 102 46 57 1 46 57 0 46 58 0
14 49 44 0 49 43 0 49 43 1 49 43 102 48 43 102 48 106 102 48 106 103 63 106 103 63 106 102 63 57 102 64 57 102 64 57 1 64 57 0 64 58 0
16 10 86 0 9 86 0 9 88 0 10 88 0 10 88 1 10 88 86 9 88 86 9 109 86 9 109 87 30 109 87 30 109 86 30 45 86 31 45 86 31 45 1 31 45 0 31 44 0
16 40 16 0 39 16 0 39 18 0 40 18 0 40 18 1 40 18 108 39 18 108 39 99 108 39 99 109 69 99 109 69 99 108 69 43 108 70 43 108 70 43 1 70 43 0 70 44 0
14 4 23 0 4 22 0 4 22 1 4 22 108 3 22 108 3 100 108 3 100 109 60 100 109 60 100 108 60 57 108 61 57 108 61 57 1 61 57 0 61 58 0
16 43 16 0 43 15 0 43 15 1 43 15 16 42 15 16 42 110 16 42 110 17 69 110 17 69 110 16 69 39 16 70 39 16 70 39 1 70 39 0 69 39 0 69 37 0 70 37 0
16 19 23 0 19 22 0 19 22 1 19 22 104 18 22 104 18 104 104 18 104 105 51 104 105 51 104 104 51 4 104 52 4 104 52 4 1 52 4 0 51 4 0 51 2 0 52 2 0
16 10 23 0 9 23 0 9 25 0 10 25 0 10 25 1 10 25 106 9 25 106 9 101 106 9 101 107 36 101 107 36 101 106 36 92 106 37 92 106 37 92 1 37 92 0 37 93 0
16 10 44 0 9 44 0 9 46 0 10 46 0 10 46 1 10 46 98 9 46 98 9 105 98 9 105 99 66 105 99 66 105 98 66 43 98 67 43 98 67 43 1 67 43 0 67 44 0
16 25 58 0 25 57 0 25 57 1 25 57 102 24 57 102 24 107 102 24 107 103 66 107 103 66 107 102 66 32 102 67 32 102 67 32 1 67 32 0 66 32 0 66 30 0 67 30 0
13 40 23 0 40 22 0 40 22 1 40 22 82 39 22 82 39 109 82 39 109 83 60 109 83 60 109 82 60 65 82 61 65 82 61 65 1 61 65 0
14 7 65 0 7 64 0 7 64 1 7 64 88 6 64 88 6 109 88 6 109 89 39 109 89 39 109 88 39 71 88 40 71 88 40 71 1 40 71 0 40 72 0
14 31 23 0 31 22 0 31 22 1 31 22 100 30 22 100 30 105 100 30 105 101 69 105 101 69 105 100 69 3 100 70 3 100 70 3 1 70 3 0 70 2 0
10 22 23 0 22 22 0 22 22 1 22 22 3 23 22 3 23 57 3 22 57 3 22 57 1 22 57 0 22 58 0
16 28 79 0 27 79 0 27 81 0 28 81 0 28 81 1 28 81 104 27 81 104 27 105 104 27 105 105 54 105 105 54 105 104 54 22 104 55 22 104 55 22 1 55 22 0 55 23 0
16 7 72 0 6 72 0 6 74 0 7 74 0 7 74 1 7 74 90 6 74 90 6 109 90 6 109 91 18 109 91 18 109 90 18 92 90 19 92 90 19 92 1 19 92 0 19 93 0
14 13 23 0 13 22 0 13 22 1 13 22 96 12 22 96 12 108 96 12 108 97 45 108 97 45 108 96 45 15 96 46 15 96 46 15 1 46 15 0 46 16 0
16 28 30 0 28 29 0 28 29 1 28 29 98 27 29 98 27 106 98 27 106 99 30 106 99 30 106 98 30 46 98 31 46 98 31 46 1 31 46 0 30 46 0 30 44 0 31 44 0
18 52 65 0 51 65 0 51 67 0 52 67 0 52 67 1 52 67 110 51 67 110 51 99 110 51 99 111 60 99 111 60 99 110 60 88 110 61 88 110 61 88 1 61 88 0 60 88 0 60 86 0 61 86 0
16 31 9 0 30 9 0 30 11 0 31 11 0 31 11 1 31 11 106 30 11 106 30 102 106 30 102 107 48 102 107 48 102 106 48 15 106 49 15 106 49 15 1 49 15 0 49 16 0
16 49 79 0 49 78 0 49 78 1 49 78 110 48 78 110 48 100 110 48 100 111 69 100 111 69 100 110 69 11 110 70 11 110 70 11 1 70 11 0 69 11 0 69 9 0 70 9 0
16 1 9 0 1 8 0 1 8 1 1 8 98 0 8 98 0 107 98 0 107 99 24 107 99 24 107 98 24 18 98 25 18 98 25 18 1 25 18 0 24 18 0 24 16 0 25 16 0
16 13 51 0 12 51 0 12 53 0 13 53 0 13 53 1 13 53 98 12 53 98 12 108 98 12 108 99 18 108 99 18 108 98 18 36 98 19 36 98 19 36 1 19 36 0 19 37 0
14 22 37 0 22 36 0 22 36 1 22 36 100 21 36 100 21 106 100 21 106 101 42 106 101 42 106 100 42 29 100 43 29 100 43 29 1 43 29 0 43 30 0
14 10 23 0 10 22 0 10 22 1 10 22 82 9 22 82 9 110 82 9 110 83 45 110 83 45 110 82 45 71 82 46 71 82 46 71 1 46 71 0 46 72 0
14 25 16 0 25 15 0 25 15 1 25 15 106 24 15 106 24 103 106 24 103 107 51 103 107 51 103 106 51 1 106 52 1 106 52 1 1 52 1 0 52 2 0
16 16 30 0 16 29 0 16 29 1 16 29 106 15 29 106 15 104 106 15 104 107 54 104 107 54 104 106 54 4 106 55 4 106 55 4 1 55 4 0 54 4 0 54 2 0 55 2 0
14 34 30 0 34 29 0 34 29 1 34 29 112 33 29 112 33 99 112 33 99 113 60 99 113 60 99 112 60 66 112 61 66 112 61 66 1 61 66 0 61 65 0
16 16 44 0 15 44 0 15 46 0 16 46 0 16 46 1 16 46 110 15 46 110 15 101 110 15 101 111 39 101 111 39 101 110 39 15 110 40 15 110 40 15 1 40 15 0 40 16 0
16 49 9 0 49 8 0 49 8 1 49 8 98 48 8 98 48 109 98 48 109 99 60 109 99 60 109 98 60 67 98 61 67 98 61 67 1 61 67 0 60 67 0 60 65 0 61 65 0
14 40 93 0 40 92 0 40 92 1 40 92 112 39 92 112 39 100 112 39 100 113 63 100 113 63 100 112 63 36 112 64 36 112 64 36 1 64 36 0 64 37 0
14 28 72 0 28 71 0 28 71 1 28 71 108 27 71 108 27 101 108 27 101 109 30 101 109 30 101 108 30 8 108 31 8 108 31 8 1 31 8 0 31 9 0
16 55 44 0 54 44 0 54 46 0 55 46 0 55 46 1 55 46 108 54 46 108 54 102 108 54 102 109 57 102 109 57 102 108 57 22 108 58 22 108 58 22 1 58 22 0 58 23 0
16 19 79 0 19 78 0 19 78 1 19 78 108 18 78 108 18 103 108 18 103 109 24 103 109 24 103 108 24 39 108 25 39 108 25 39 1 25 39 0 24 39 0 24 37 0 25 37 0
16 1 2 0 1 1 0 1 1 1 1 1 110 0 1 110 0 102 110 0 102 111 24 102 111 24 102 110 24 4 110 25 4 110 25 4 1 25 4 0 24 4 0 24 2 0 25 2 0
14 1 51 0 1 50 0 1 50 1 1 50 100 0 50 100 0 107 100 0 107 101 15 107 101 15 107 100 15 50 100 16 50 100 16 50 1 16 50 0 16 51 0
14 52 93 0 52 92 0 52 92 1 52 92 114 51 92 114 51 99 114 51 99 115 60 99 115 60 99 114 60 78 114 61 78 114 61 78 1 61 78 0 61 79 0
14 19 58 0 19 57 0 19 57 1 19 57 112 18 57 112 18 101 112 18 101 113 51 101 113 51 101 112 51 36 112 52 36 112 52 36 1 52 36 0 52 37 0
16 10 86 0 10 85 0 10 85 1 10 85 108 9 85 108 9 104 108 9 104 109 66 104 109 66 104 108 66 11 108 67 11 108 67 11 1 67 11 0 66 11 0 66 9 0 67 9 0
14 37 16 0 37 15 0 37 15 1 37 15 108 36 15 108 36 105 108 36 105 109 63 105 109 63 105 108 63 71 108 64 71 108 64 71 1 64 71 0 64 72 0
14 10 65 0 10 64 0 10 64 1 10 64 102 9 64 102 9 108 102 9 108 103 30 108 103 30 108 102 30 1 102 31 1 102 31 1 1 31 1 0 31 2 0
14 31 44 0 31 43 0 31 43 1 31 43 96 30 43 96 30 109 96 30 109 97 39 109 97 39 109 96 39 1 96 40 1 96 40 1 1 40 1 0 40 2 0
14 37 65 0 37 64 0 37 64 1 37 64 110 36 64 110 36 103 110 36 103 111 57 103 111 57 103 110 57 78 110 58 78 110 58 78 1 58 78 0 58 79 0
16 46 30 0 45 30 0 45 32 0 46 32 0 46 32 1 46 32 106 45 32 106 45 105 106 45 105 107 69 105 107 69 105 106 69 78 106 70 78 106 70 78 1 70 78 0 70 79 0
14 40 65 0 40 64 0 40 64 1 40 64 114 39 64 114 39 100 114 39 100 115 54 100 115 54 100 114 54 92 114 55 92 114 55 92 1 55 92 0 55 93 0
14 67 9 0 67 8 0 67 8 1 67 8 100 66 8 100 66 108 100 66 108 101 72 108 101 72 108 100 72 8 100 73 8 100 73 8 1 73 8 0 73 9 0
16 16 58 0 15 58 0 15 60 0 16 60 0 16 60 1 16 60 86 15 60 86 15 110 86 15 110 87 72 110 87 72 110 86 72 36 86 73 36 86 73 36 1 73 36 0 73 37 0
14 10 51 0 10 52 0 10 52 1 10 52 70 9 52 70 9 110 70 9 110 71 57 110 71 57 110 70 57 85 70 58 85 70 58 85 1 58 85 0 58 86 0
16 31 79 0 31 78 0 31 78 1 31 78 112 30 78 112 30 102 112 30 102 113 57 102 113 57 102 112 57 95 112 58 95 112 58 95 1 58 95 0 57 95 0 57 93 0 58 93 0
14 58 72 0 58 71 0 58 71 1 58 71 114 57 71 114 57 101 114 57 101 115 69 101 115 69 101 114 69 8 114 70 8 114 70 8 1 70 8 0 70 9 0
14 25 2 0 25 1 0 25 1 1 25 1 112 24 1 112 24 103 112 24 103 113 36 103 113 36 103 112 36 78 112 37 78 112 37 78 1 37 78 0 37 79 0
12 70 2 0 69 2 0 69 4 0 70 4 0 70 4 1 70 4 2 71 4 2 71 36 2 70 36 2 70 36 1 70 36 0 70 37 0
16 1 86 0 1 85 0 1 85 1 1 85 88 0 85 88 0 110 88 0 110 89 9 110 89 9 110 88 9 53 88 10 53 88 10 53 1 10 53 0 9 53 0 9 51 0 10 51 0
14 4 79 0 4 78 0 4 78 1 4 78 110 3 78 110 3 104 110 3 104 111 9 104 111 9 104 110 9 43 110 10 43 110 10 43 1 10 43 0 10 44 0
14 28 79 0 28 78 0 28 78 1 28 78 110 27 78 110 27 105 110 27 105 111 45 105 111 45 105 110 45 1 110 46 1 110 46 1 1 46 1 0 46 2 0
14 13 16 0 13 15 0 13 15 1 13 15 110 12 15 110 12 106 110 12 106 111 54 106 111 54 106 110 54 43 110 55 43 110 55 43 1 55 43 0 55 44 0
16 22 2 0 22 1 0 22 1 1 22 1 104 21 1 104 21 106 104 21 106 105 30 106 105 30 106 104 30 74 104 31 74 104 31 74 1 31 74 0 30 74 0 30 72 0 31 72 0
14 55 2 0 55 1 0 55 1 1 55 1 112 54 1 112 54 104 112 54 104 113 72 104 113 72 104 112 72 15 112 73 15 112 73 15 1 73 15 0 73 16 0
16 1 58 0 1 57 0 1 57 1 1 57 94 0 57 94 0 107 94 0 107 95 6 107 95 6 107 94 6 25 94 7 25 94 7 25 1 7 25 0 6 25 0 6 23 0 7 23 0
16 43 93 0 42 93 0 42 95 0 43 95 0 43 95 1 43 95 108 42 95 108 42 106 108 42 106 109 45 106 109 45 106 108 45 8 108 46 8 108 46 8 1 46 8 0 46 9 0
14 1 44 0 1 43 0 1 43 1 1 43 104 0 43 104 0 107 104 0 107 105 66 107 105 66 107 104 66 78 104 67 78 104 67 78 1 67 78 0 67 79 0
16 1 23 0 0 23 0 0 25 0 1 25 0 1 25 1 1 25 106 0 25 106 0 106 106 0 106 107 57 106 107 57 106 106 57 64 106 58 64 106 58 64 1 58 64 0 58 65 0
18 22 79 0 21 79 0 21 81 0 22 81 0 22 81 1 22 81 114 21 81 114 21 102 114 21 102 115 36 102 115 36 102 114 36 53 114 37 53 114 37 53 1 37 53 0 36 53 0 36 51 0 37 51 0
14 16 58 0 16 57 0 16 57 1 16 57 112 15 57 112 15 105 112 15 105 113 27 105 113 27 105 112 27 15 112 28 15 112 28 15 1 28 15 0 28 16 0
14 34 44 0 34 43 0 34 43 1 34 43 116 33 43 116 33 99 116 33 99 117 60 99 117 60 99 116 60 22 116 61 22 116 61 22 1 61 22 0 61 23 0
14 28 23 0 28 22 0 28 22 1 28 22 106 27 22 106 27 107 106 27 107 107 42 107 107 42 107 106 42 43 106 43 43 106 43 43 1 43 43 0 43 44 0
14 43 86 0 43 85 0 43 85 1 43 85 112 42 85 112 42 106 112 42 106 113 48 106 113 48 106 112 48 71 112 49 71 112 49 71 1 49 71 0 49 72 0
14 16 79 0 16 78 0 16 78 1 16 78 114 15 78 114 15 103 114 15 103 115 27 103 115 27 103 114 27 1 114 28 1 114 28 1 1 28 1 0 28 2 0
16 19 72 0 18 72 0 18 74 0 19 74 0 19 74 1 19 74 84 18 74 84 18 110 84 18 110 85 60 110 85 60 110 84 60 1 84 61 1 84 61 1 1 61 1 0 61 2 0
14 10 93 0 10 92 0 10 92 1 10 92 94 9 92 94 9 108 94 9 108 95 18 108 95 18 108 94 18 64 94 19 64 94 19 64 1 19 64 0 19 65 0
14 34 23 0 34 22 0 34 22 1 34 22 110 33 22 110 33 107 110 33 107 111 42 107 111 42 107 110 42 64 110 43 64 110 43 64 1 43 64 0 43 65 0
14 25 37 0 25 36 0 25 36 1 25 36 116 24 36 116 24 100 116 24 100 117 51 100 117 51 100 116 51 78 116 52 78 116 52 78 1 52 78 0 52 79 0
14 43 51 0 43 50 0 43 50 1 43 50 104 42 50 104 42 108 104 42 108 105 69 108 105 69 108 104 69 29 104 70 29 104 70 29 1 70 29 0 70 30 0
14 40 51 0 40 50 0 40 50 1 40 50 116 39 50 116 39 101 116 39 101 117 57 101 117 57 101 116 57 92 116 58 92 116 58 92 1 58 92 0 58 93 0
14 1 23 0 1 22 0 1 22 1 1 22 116 0 22 116 0 102 116 0 102 117 36 102 117 36 102 116 36 8 116 37 8 116 37 8 1 37 8 0 37 9 0
14 37 44 0 37 43 0 37 43 1 37 43 118 36 43 118 36 99 118 36 99 119 63 99 119 63 99 118 63 43 118 64 43 118 64 43 1 64 43 0 64 44 0
14 7 72 0 7 71 0 7 71 1 7 71 118 6 71 118 6 100 118 6 100 119 60 100 119 60 100 118 60 85 118 61 85 118 61 85 1 61 85 0 61 86 0
14 13 51 0 13 50 0 13 50 1 13 50 114 12 50 114 12 104 114 12 104 115 24 104 115 24 104 114 24 64 114 25 64 114 25 64 1 25 64 0 25 65 0
14 46 93 0 46 92 0 46 92 1 46 92 120 45 92 120 45 99 120 45 99 121 60 99 121 60 99 120 60 64 120 61 64 120 61 64 1 61 64 0 61 65 0
14 40 86 0 40 85 0 40 85 1 40 85 102 39 85 102 39 109 102 39 109 103 60 109 103 60 109 102 60 29 102 61 29 102 61 29 1 61 29 0 61 30 0
14 7 51 0 7 50 0 7 50 1 7 50 72 6 50 72 6 110 72 6 110 73 9 110 73 9 110 72 9 29 72 10 29 72 10 29 1 10 29 0 10 30 0
14 13 44 0 13 43 0 13 43 1 13 43 104 12 43 104 12 109 104 12 109 105 63 109 105 63 109 104 63 22 104 64 22 104 64 22 1 64 22 0 64 23 0
14 22 72 0 22 71 0 22 71 1 22 71 94 21 71 94 21 109 94 21 109 95 60 109 95 60 109 94 60 43 94 61 43 94 61 43 1 61 43 0 61 44 0
14 52 65 0 52 64 0 52 64 1 52 64 118 51 64 118 51 101 118 51 101 119 69 101 119 69 101 118 69 71 118 70 71 118 70 71 1 70 71 0 70 72 0
16 28 93 0 27 93 0 27 95 0 28 95 0 28 95 1 28 95 116 27 95 116 27 103 116 27 103 117 63 103 117 63 103 116 63 29 116 64 29 116 64 29 1 64 29 0 64 30 0
14 7 23 0 7 22 0 7 22 1 7 22 92 6 22 92 6 109 92 6 109 93 45 109 93 45 109 92 45 29 92 46 29 92 46 29 1 46 29 0 46 30 0
14 4 93 0 4 92 0 4 92 1 4 92 112 3 92 112 3 107 112 3 107 113 21 107 113 21 107 112 21 78 112 22 78 112 22 78 1 22 78 0 22 79 0
14 19 72 0 19 71 0 19 71 1 19 71 100 18 71 100 18 109 100 18 109 101 60 109 101 60 109 100 60 15 100 61 15 100 61 15 1 61 15 0 61 16 0
14 7 44 0 7 43 0 7 43 1 7 43 106 6 43 106 6 108 106 6 108 107 63 108 107 63 108 106 63 8 106 64 8 106 64 8 1 64 8 0 64 9 0
14 28 58 0 28 57 0 28 57 1 28 57 120 27 57 120 27 100 120 27 100 121 36 100 121 36 100 120 36 50 120 37 50 120 37 50 1 37 50 0 37 51 0
14 16 44 0 16 43 0 16 43 1 16 43 116 15 43 116 15 104 116 15 104 117 42 104 117 42 104 116 42 36 116 43 36 116 43 36 1 43 36 0 43 37 0
14 61 37 0 61 36 0 61 36 1 61 36 122 60 36 122 60 99 122 60 99 123 66 99 123 66 99 122 66 29 122 67 29 122 67 29 1 67 29 0 67 30 0
14 16 65 0 16 64 0 16 64 1 16 64 118 15 64 118 15 102 118 15 102 119 27 102 119 27 102 118 27 92 118 28 92 118 28 92 1 28 92 0 28 93 0
14 10 51 0 10 50 0 10 50 1 10 50 112 9 50 112 9 108 112 9 108 113 69 108 113 69 108 112 69 1 112 70 1 112 70 1 1 70 1 0 70 2 0
14 10 9 0 10 8 0 10 8 1 10 8 114 9 8 114 9 105 114 9 105 115 18 105 115 18 105 114 18 8 114 19 8 114 19 8 1 19 8 0 19 9 0
14 31 72 0 31 71 0 31 71 1 31 71 114 30 71 114 30 106 114 30 106 115 42 106 115 42 106 114 42 92 114 43 92 114 43 92 1 43 92 0 43 93 0
14 13 58 0 13 57 0 13 57 1 13 57 106 12 57 106 12 109 106 12 109 107 18 109 107 18 109 106 18 15 106 19 15 106 19 15 1 19 15 0 19 16 0
