1411 812
710 857
625 1298
832 1219
497 722
482 822
1079 1087
264 1283
623 825
372 825
370 388
480 925
206 1058
391 1103
662 892
375 1235
283 1399
529 637
856 1041
416 778
159 546
582 1314
352 1117
376 809
860 1029
696 1335
280 701
370 994
24 357
462 610
393 916
99 936
485 990
972 1346
1014 1361
856 924
1314 1384
476 1039
506 533
229 1149
262 1097
996 1074
704 875
576 726
843 1246
728 878
752 1055
132 169
853 1385
48 862
827 829
332 868
252 616
203 247
666 1167
1078 1359
341 562
50 1182
36 582
545 877
498 1031
507 594
632 1040
1193 1345
118 1075
1049 1319
412 1256
517 1309
226 846
685 1122
533 1006
50 1047
162 861
14 218
364 816
12 99
1128 1310
194 386
189 555
476 1402
170 941
23 266
990 1385
814 1290
363 1354
148 535
364 1099
862 930
124 196
440 1067
1172 1263
561 1375
456 526
130 1179
641 1236
688 1168
316 393
486 643
783 1149
1167 1184
400 1039
283 1119
659 723
652 1102
67 848
678 1002
663 1251
620 1051
38 632
143 825
310 1240
547 649
612 629
816 944
422 496
349 1329
433 1072
346 1013
857 1238
361 647
492 978
704 977
1061 1144
420 989
396 1117
573 1326
690 1344
9 866
1072 1409
218 482
438 863
814 894
142 1139
411 769
719 1160
282 457
531 951
354 473
171 1291
974 1377
214 615
180 473
88 637
893 894
74 702
10 974
875 1245
220 1332
601 624
513 1167
395 766
458 575
519 1345
100 876
559 1161
565 814
606 1251
562 1315
535 1209
692 854
420 822
201 793
902 1249
165 443
387 416
66 995
445 1162
114 514
246 535
1024 1202
29 308
456 790
127 1081
386 527
421 1070
258 289
840 1130
927 1287
368 933
988 1135
334 611
654 1128
614 665
163 640
534 1221
222 1391
366 1237
375 1304
663 697
650 1005
347 1233
871 1409
273 408
364 666
732 922
45 1267
380 781
23 763
219 409
1059 1060
551 1157
496 565
329 546
189 432
919 1013
682 859
452 882
418 1167
90 380
892 906
4 224
745 1143
192 1187
810 971
147 389
362 615
338 496
512 1286
129 511
66 958
365 876
549 706
291 420
208 1069
1050 1235
16 966
1010 1019
75 634
526 1342
523 928
60 371
614 1046
45 471
442 1101
638 1165
359 1332
273 762
260 554
305 467
208 1181
52 915
464 869
25 660
1008 1360
126 999
117 1408
762 782
222 707
505 748
943 1239
938 1133
604 1117
74 799
207 1310
449 1261
191 1213
350 730
557 651
425 1169
40 415
200 642
732 750
205 766
330 1026
975 1065
27 988
291 689
967 1299
619 1147
912 982
415 850
340 810
231 513
594 1230
461 966
246 385
448 1283
260 796
509 597
307 889
150 933
154 656
1346 1359
80 856
58 450
553 1048
365 848
848 1329
874 1000
183 1204
209 457
221 1096
1080 1333
598 674
81 289
115 1096
844 1242
820 1123
1200 1255
415 1065
969 1084
102 577
640 1183
675 875
588 1145
138 271
1027 1363
482 718
279 813
130 205
850 903
285 982
258 1028
88 953
399 1394
1046 1223
1061 1370
111 1085
416 1303
638 849
172 1190
824 1125
1067 1282
189 1279
462 879
586 695
474 1271
590 656
241 413
276 1274
862 998
245 1039
1129 1208
914 1283
388 450
573 990
319 616
53 954
671 738
107 278
134 570
121 1354
338 705
623 716
843 859
671 765
911 1012
392 694
1138 1292
97 935
357 736
121 963
499 1076
718 962
215 234
347 1046
263 647
59 243
437 445
21 625
698 1151
152 312
876 910
387 1118
231 233
1076 1191
1309 1313
627 965
351 652
37 623
833 1051
300 597
649 1230
98 462
615 856
308 1184
508 1120
1057 1070
626 874
911 1263
944 1022
61 1074
679 1285
314 635
471 1256
628 1158
820 852
14 599
343 936
397 1145
256 639
167 701
931 957
23 827
536 693
387 713
424 851
868 1175
452 1346
240 285
512 564
608 1364
250 1229
28 133
845 1286
402 1125
776 1186
1324 1400
214 1163
1159 1314
554 575
165 1050
750 1313
564 894
31 1297
352 486
29 470
316 383
1227 1323
498 1043
280 1220
690 737
498 814
471 1098
41 291
440 1129
194 1198
840 1337
134 775
340 376
405 1098
242 317
880 1391
135 618
1029 1343
885 1088
517 930
1333 1373
405 1125
403 679
555 1051
425 685
41 421
602 992
593 934
836 1079
647 1161
352 975
264 624
131 1025
356 469
282 1148
113 967
235 1091
600 658
462 1371
238 342
313 345
898 1264
997 1306
173 203
422 508
1324 1381
191 486
133 652
998 1387
196 848
854 1333
938 1174
849 1273
898 1376
877 1353
306 607
117 820
761 1398
569 581
269 1106
353 511
454 752
837 871
732 962
186 928
15 799
363 570
121 161
893 897
316 656
564 1234
282 752
409 466
230 989
116 311
438 511
502 1179
500 593
230 1236
802 1291
695 1317
204 442
342 1059
938 1322
104 989
607 823
896 1087
1273 1321
478 821
503 1003
89 1153
429 1301
439 1095
519 975
229 867
602 1238
454 747
796 1103
496 1238
655 746
1045 1188
823 1224
282 491
93 314
17 1249
136 684
133 359
238 1217
685 1110
871 873
332 348
594 1028
128 1192
859 1411
154 674
281 388
914 1356
1058 1239
263 361
241 324
449 1256
269 1069
814 869
130 493
859 1020
751 1185
273 905
264 429
1066 1215
285 888
575 1117
659 1376
700 1377
589 1308
772 1402
688 774
373 381
1253 1306
392 870
589 908
347 737
84 363
646 1289
434 970
684 925
199 1076
363 1355
106 1034
213 504
109 801
468 1139
38 1006
73 609
146 441
270 736
447 945
183 588
731 1378
319 1034
96 867
972 1166
101 555
978 1255
239 278
112 146
696 1258
616 1009
1182 1277
72 384
434 1136
817 1166
311 629
372 1161
506 1390
39 1110
58 458
540 1401
118 747
873 1174
205 248
896 1148
205 495
939 1137
17 1198
66 983
327 875
112 1188
6 1179
362 1381
959 1371
49 494
541 956
1163 1366
572 1218
716 826
194 750
73 878
1146 1215
85 691
555 738
805 1160
184 822
1056 1407
100 432
231 1190
917 1081
544 994
61 95
283 1200
2 1339
77 1342
658 750
999 1147
563 1272
648 1069
152 478
278 465
340 1343
1279 1299
547 748
848 1103
1007 1267
1247 1248
325 1080
360 620
137 1020
73 1255
62 688
652 1295
628 709
255 1012
283 665
24 841
434 825
106 651
1102 1104
772 1387
153 1220
23 854
530 1216
870 1401
257 1039
249 797
29 803
538 909
421 900
417 1275
38 1117
261 780
443 1184
12 561
844 1110
165 1230
214 943
364 1049
248 1094
613 850
533 1068
1229 1357
561 1325
168 567
581 736
173 932
194 1104
1224 1269
388 579
106 381
745 1005
508 1169
367 803
58 304
146 426
84 1107
419 1088
1175 1340
223 609
144 465
401 1299
689 692
514 700
386 505
811 1054
405 1022
151 1273
345 900
406 767
400 845
716 1301
443 923
1089 1156
522 1216
28 555
551 596
213 1104
652 1173
623 1375
812 1274
386 1282
233 1189
119 947
63 1043
67 528
107 1229
208 1043
494 1248
173 1403
442 792
225 794
88 169
270 307
516 777
532 731
987 1293
376 1139
189 239
302 534
108 1068
351 408
385 559
313 790
734 1350
366 954
398 1252
171 468
111 566
344 387
349 1121
730 831
29 613
578 706
38 1354
25 1146
156 583
86 509
916 1363
907 1305
161 768
532 1108
280 1381
769 953
294 1050
577 603
439 660
373 1200
686 766
55 634
452 837
408 901
1255 1313
584 1145
1029 1248
658 1103
630 1359
857 1160
706 860
697 1031
757 1082
282 523
217 1226
531 846
880 1390
391 695
45 723
363 633
440 993
510 661
933 1154
409 1005
811 1174
286 534
236 942
524 1089
1030 1208
199 484
148 1076
40 896
623 1077
228 1194
37 104
234 1045
421 1109
525 1346
400 1324
442 674
181 728
763 818
203 1304
847 988
477 1126
576 1019
368 563
775 801
994 1016
612 1350
481 867
390 767
