1 2
1 9
1 16
1 23
1 30
1 37
1 44
1 51
1 58
1 65
1 72
1 79
1 86
1 93
4 2
4 9
4 16
4 23
4 30
4 37
4 44
4 51
4 58
4 65
4 72
4 79
4 86
4 93
7 2
7 9
7 16
7 23
7 30
7 37
7 44
7 51
7 58
7 65
7 72
7 79
8 1 44 0 1 44 1 1 44 2 2 44 2 2 51 2 1 51 2 1 51 1 1 51 0
12 4 51 0 4 51 1 4 51 2 3 51 2 3 99 2 3 99 3 6 99 3 6 99 2 6 79 2 7 79 2 7 79 1 7 79 0
12 1 23 0 1 23 1 1 23 4 0 23 4 0 99 4 0 99 5 3 99 5 3 99 4 3 2 4 4 2 4 4 2 1 4 2 0
12 4 30 0 4 30 1 4 30 6 3 30 6 3 99 6 3 99 7 6 99 7 6 99 6 6 2 6 7 2 6 7 2 1 7 2 0
12 4 86 0 4 86 1 4 86 8 3 86 8 3 99 8 3 99 9 6 99 9 6 99 8 6 16 8 7 16 8 7 16 1 7 16 0
8 1 58 0 1 58 1 1 58 3 2 58 3 2 79 3 1 79 3 1 79 1 1 79 0
13 1 93 0 1 93 1 1 93 10 0 93 10 0 99 10 0 99 11 6 99 11 6 99 10 6 3 10 7 3 10 7 3 1 7 3 0 7 2 0
8 1 72 0 1 72 1 1 72 4 2 72 4 2 86 4 1 86 4 1 86 1 1 86 0
13 1 51 0 1 52 0 1 52 1 1 52 12 0 52 12 0 99 12 0 99 13 6 99 13 6 99 12 6 44 12 7 44 12 7 44 1 7 44 0
13 1 72 0 1 73 0 1 73 1 1 73 14 0 73 14 0 99 14 0 99 15 3 99 15 3 99 14 3 65 14 4 65 14 4 65 1 4 65 0
9 7 37 0 7 37 1 7 37 2 8 37 2 8 45 2 7 45 2 7 45 1 7 45 0 7 44 0
9 1 44 0 1 45 0 1 45 1 1 45 5 2 45 5 2 65 5 1 65 5 1 65 1 1 65 0
13 1 16 0 1 16 1 1 16 16 0 16 16 0 99 16 0 99 17 3 99 17 3 99 16 3 3 16 4 3 16 4 3 1 4 3 0 4 2 0
8 7 30 0 7 30 1 7 30 3 8 30 3 8 72 3 7 72 3 7 72 1 7 72 0
16 4 51 0 4 52 0 4 52 1 4 52 18 3 52 18 3 99 18 3 99 19 6 99 19 6 99 18 6 4 18 7 4 18 7 4 1 7 4 0 6 4 0 6 2 0 7 2 0
13 1 30 0 1 30 1 1 30 20 0 30 20 0 99 20 0 99 21 6 99 21 6 99 20 6 73 20 7 73 20 7 73 1 7 73 0 7 72 0
13 1 37 0 1 37 1 1 37 22 0 37 22 0 99 22 0 99 23 6 99 23 6 99 22 6 80 22 7 80 22 7 80 1 7 80 0 7 79 0
12 1 9 0 1 9 1 1 9 24 0 9 24 0 99 24 0 99 25 3 99 25 3 99 24 3 79 24 4 79 24 4 79 1 4 79 0
10 1 9 0 1 10 0 1 10 1 1 10 6 2 10 6 2 31 6 1 31 6 1 31 1 1 31 0 1 30 0
9 7 37 0 7 38 0 7 38 1 7 38 4 8 38 4 8 65 4 7 65 4 7 65 1 7 65 0
16 1 30 0 0 30 0 0 32 0 1 32 0 1 32 1 1 32 26 0 32 26 0 99 26 0 99 27 6 99 27 6 99 26 6 17 26 7 17 26 7 17 1 7 17 0 7 16 0
10 1 30 0 1 29 0 1 29 1 1 29 7 2 29 7 2 87 7 1 87 7 1 87 1 1 87 0 1 86 0
16 1 65 0 1 66 0 1 66 1 1 66 28 0 66 28 0 99 28 0 99 29 3 99 29 3 99 28 3 4 28 4 4 28 4 4 1 4 4 0 3 4 0 3 2 0 4 2 0
13 1 2 0 1 2 1 1 2 30 0 2 30 0 99 30 0 99 31 6 99 31 6 99 30 6 66 30 7 66 30 7 66 1 7 66 0 7 65 0
15 1 51 0 0 51 0 0 53 0 1 53 0 1 53 1 1 53 32 0 53 32 0 99 32 0 99 33 3 99 33 3 99 32 3 93 32 4 93 32 4 93 1 4 93 0
18 1 9 0 0 9 0 0 11 0 1 11 0 1 11 1 1 11 34 0 11 34 0 99 34 0 99 35 6 99 35 6 99 34 6 46 34 7 46 34 7 46 1 7 46 0 6 46 0 6 44 0 7 44 0
18 1 65 0 0 65 0 0 67 0 1 67 0 1 67 1 1 67 36 0 67 36 0 99 36 0 99 37 6 99 37 6 99 36 6 67 36 7 67 36 7 67 1 7 67 0 6 67 0 6 65 0 7 65 0
14 7 72 0 6 72 0 6 74 0 7 74 0 7 74 1 7 74 5 8 74 5 8 81 5 7 81 5 7 81 1 7 81 0 6 81 0 6 79 0 7 79 0
14 1 65 0 1 64 0 1 64 1 1 64 38 0 64 38 0 99 38 0 99 39 3 99 39 3 99 38 3 31 38 4 31 38 4 31 1 4 31 0 4 30 0
11 4 37 0 4 37 1 4 37 2 5 37 2 5 53 2 4 53 2 4 53 1 4 53 0 3 53 0 3 51 0 4 51 0
10 4 86 0 4 87 0 4 87 1 4 87 3 5 87 3 5 94 3 4 94 3 4 94 1 4 94 0 4 93 0
13 4 23 0 4 23 1 4 23 40 3 23 40 3 99 40 3 99 41 6 99 41 6 99 40 6 71 40 7 71 40 7 71 1 7 71 0 7 72 0
8 7 9 0 7 9 1 7 9 6 8 9 6 8 23 6 7 23 6 7 23 1 7 23 0
15 4 16 0 4 16 1 4 16 42 3 16 42 3 99 42 3 99 43 6 99 43 6 99 42 6 18 42 7 18 42 7 18 1 7 18 0 6 18 0 6 16 0 7 16 0
12 4 23 0 4 24 0 4 24 1 4 24 4 5 24 4 5 32 4 4 32 4 4 32 1 4 32 0 3 32 0 3 30 0 4 30 0
13 1 93 0 1 94 0 1 94 1 1 94 44 0 94 44 0 99 44 0 99 45 3 99 45 3 99 44 3 58 44 4 58 44 4 58 1 4 58 0
12 4 44 0 4 44 1 4 44 46 3 44 46 3 99 46 3 99 47 6 99 47 6 99 46 6 51 46 7 51 46 7 51 1 7 51 0
14 4 16 0 4 17 0 4 17 1 4 17 48 3 17 48 3 99 48 3 99 49 6 99 49 6 99 48 6 10 48 7 10 48 7 10 1 7 10 0 7 9 0
15 1 93 0 0 93 0 0 95 0 1 95 0 1 95 1 1 95 50 0 95 50 0 99 50 0 99 51 6 99 51 6 99 50 6 58 50 7 58 50 7 58 1 7 58 0
16 4 37 0 4 38 0 4 38 1 4 38 52 3 38 52 3 99 52 3 99 53 6 99 53 6 99 52 6 11 52 7 11 52 7 11 1 7 11 0 6 11 0 6 9 0 7 9 0
14 1 79 0 1 80 0 1 80 1 1 80 54 0 80 54 0 99 54 0 99 55 6 99 55 6 99 54 6 15 54 7 15 54 7 15 1 7 15 0 7 16 0
14 1 44 0 0 44 0 0 46 0 1 46 0 1 46 1 1 46 8 2 46 8 2 81 8 1 81 8 1 81 1 1 81 0 0 81 0 0 79 0 1 79 0
10 1 23 0 1 24 0 1 24 1 1 24 9 2 24 9 2 43 9 1 43 9 1 43 1 1 43 0 1 44 0
16 1 86 0 0 86 0 0 88 0 1 88 0 1 88 1 1 88 56 0 88 56 0 99 56 0 99 57 6 99 57 6 99 56 6 52 56 7 52 56 7 52 1 7 52 0 7 51 0
14 4 79 0 4 80 0 4 80 1 4 80 58 3 80 58 3 99 58 3 99 59 6 99 59 6 99 58 6 31 58 7 31 58 7 31 1 7 31 0 7 30 0
14 1 51 0 1 50 0 1 50 1 1 50 60 0 50 60 0 99 60 0 99 61 6 99 61 6 99 60 6 59 60 7 59 60 7 59 1 7 59 0 7 58 0
16 1 58 0 1 59 0 1 59 1 1 59 62 0 59 62 0 99 62 0 99 63 3 99 63 3 99 62 3 88 62 4 88 62 4 88 1 4 88 0 3 88 0 3 86 0 4 86 0
13 4 72 0 4 72 1 4 72 64 3 72 64 3 99 64 3 99 65 6 99 65 6 99 64 6 78 64 7 78 64 7 78 1 7 78 0 7 79 0
14 1 16 0 1 17 0 1 17 1 1 17 66 0 17 66 0 99 66 0 99 67 3 99 67 3 99 66 3 45 66 4 45 66 4 45 1 4 45 0 4 44 0
12 4 2 0 4 1 0 4 1 1 4 1 5 5 1 5 5 18 5 4 18 5 4 18 1 4 18 0 3 18 0 3 16 0 4 16 0
13 1 9 0 1 8 0 1 8 1 1 8 68 0 8 68 0 99 68 0 99 69 3 99 69 3 99 68 3 9 68 4 9 68 4 9 1 4 9 0
12 1 2 0 1 3 0 1 3 1 1 3 10 2 3 10 2 7 10 1 7 10 1 7 1 1 7 0 2 7 0 2 9 0 1 9 0
16 1 58 0 0 58 0 0 60 0 1 60 0 1 60 1 1 60 70 0 60 70 0 99 70 0 99 71 3 99 71 3 99 70 3 59 70 4 59 70 4 59 1 4 59 0 4 58 0
12 7 23 0 7 24 0 7 24 1 7 24 7 8 24 7 8 53 7 7 53 7 7 53 1 7 53 0 6 53 0 6 51 0 7 51 0
18 4 23 0 3 23 0 3 25 0 4 25 0 4 25 1 4 25 72 3 25 72 3 99 72 3 99 73 6 99 73 6 99 72 6 25 72 7 25 72 7 25 1 7 25 0 6 25 0 6 23 0 7 23 0
16 1 86 0 1 85 0 1 85 1 1 85 74 0 85 74 0 99 74 0 99 75 6 99 75 6 99 74 6 60 74 7 60 74 7 60 1 7 60 0 6 60 0 6 58 0 7 58 0
16 4 51 0 4 50 0 4 50 1 4 50 76 3 50 76 3 99 76 3 99 77 6 99 77 6 99 76 6 39 76 7 39 76 7 39 1 7 39 0 6 39 0 6 37 0 7 37 0
16 1 30 0 2 30 0 2 28 0 1 28 0 1 28 1 1 28 78 0 28 78 0 99 78 0 99 79 3 99 79 3 99 78 3 85 78 4 85 78 4 85 1 4 85 0 4 86 0
18 1 23 0 0 23 0 0 25 0 1 25 0 1 25 1 1 25 80 0 25 80 0 99 80 0 99 81 3 99 81 3 99 80 3 60 80 4 60 80 4 60 1 4 60 0 3 60 0 3 58 0 4 58 0
10 4 58 0 4 57 0 4 57 1 4 57 6 5 57 6 5 73 6 4 73 6 4 73 1 4 73 0 4 72 0
14 4 37 0 3 37 0 3 39 0 4 39 0 4 39 1 4 39 7 5 39 7 5 95 7 4 95 7 4 95 1 4 95 0 3 95 0 3 93 0 4 93 0
14 4 44 0 3 44 0 3 46 0 4 46 0 4 46 1 4 46 8 5 46 8 5 56 8 4 56 8 4 56 1 4 56 0 5 56 0 5 58 0 4 58 0
12 7 30 0 6 30 0 6 32 0 7 32 0 7 32 1 7 32 8 8 32 8 8 64 8 7 64 8 7 64 1 7 64 0 7 65 0
14 4 65 0 4 66 0 4 66 1 4 66 82 3 66 82 3 99 82 3 99 83 6 99 83 6 99 82 6 50 82 7 50 82 7 50 1 7 50 0 7 51 0
10 1 37 0 1 38 0 1 38 1 1 38 11 2 38 11 2 57 11 1 57 11 1 57 1 1 57 0 1 58 0
14 1 37 0 0 37 0 0 39 0 1 39 0 1 39 1 1 39 12 2 39 12 2 42 12 1 42 12 1 42 1 1 42 0 2 42 0 2 44 0 1 44 0
12 1 37 0 1 36 0 1 36 1 1 36 13 2 36 13 2 74 13 1 74 13 1 74 1 1 74 0 0 74 0 0 72 0 1 72 0
16 4 9 0 4 10 0 4 10 1 4 10 84 3 10 84 3 99 84 3 99 85 6 99 85 6 99 84 6 63 84 7 63 84 7 63 1 7 63 0 8 63 0 8 65 0 7 65 0
16 4 9 0 3 9 0 3 11 0 4 11 0 4 11 1 4 11 86 3 11 86 3 99 86 3 99 87 6 99 87 6 99 86 6 36 86 7 36 86 7 36 1 7 36 0 7 37 0
16 4 65 0 3 65 0 3 67 0 4 67 0 4 67 1 4 67 88 3 67 88 3 99 88 3 99 89 6 99 89 6 99 88 6 1 88 7 1 88 7 1 1 7 1 0 7 2 0
16 4 93 0 4 92 0 4 92 1 4 92 90 3 92 90 3 99 90 3 99 91 6 99 91 6 99 90 6 70 90 7 70 90 7 70 1 7 70 0 8 70 0 8 72 0 7 72 0
12 1 16 0 0 16 0 0 18 0 1 18 0 1 18 1 1 18 14 2 18 14 2 92 14 1 92 14 1 92 1 1 92 0 1 93 0
16 1 37 0 2 37 0 2 35 0 1 35 0 1 35 1 1 35 92 0 35 92 0 99 92 0 99 93 3 99 93 3 99 92 3 43 92 4 43 92 4 43 1 4 43 0 4 44 0
16 1 16 0 1 15 0 1 15 1 1 15 94 0 15 94 0 99 94 0 99 95 6 99 95 6 99 94 6 0 94 7 0 94 7 0 1 7 0 0 8 0 0 8 2 0 7 2 0
12 4 23 0 4 22 0 4 22 1 4 22 9 5 22 9 5 74 9 4 74 9 4 74 1 4 74 0 3 74 0 3 72 0 4 72 0
14 4 16 0 4 15 0 4 15 1 4 15 96 3 15 96 3 99 96 3 99 97 6 99 97 6 99 96 6 29 96 7 29 96 7 29 1 7 29 0 7 30 0
10 4 37 0 4 36 0 4 36 1 4 36 10 5 36 10 5 64 10 4 64 10 4 64 1 4 64 0 4 65 0
14 4 2 0 5 2 0 5 0 0 4 0 0 4 0 1 4 0 11 5 0 11 5 35 11 4 35 11 4 35 1 4 35 0 5 35 0 5 37 0 4 37 0
18 4 65 0 5 65 0 5 63 0 4 63 0 4 63 1 4 63 98 3 63 98 3 99 98 3 99 99 6 99 99 6 99 98 6 14 98 7 14 98 7 14 1 7 14 0 8 14 0 8 16 0 7 16 0
16 4 72 0 4 71 0 4 71 1 4 71 100 3 71 100 3 99 100 3 99 101 6 99 101 6 99 100 6 35 100 7 35 100 7 35 1 7 35 0 8 35 0 8 37 0 7 37 0
18 1 58 0 2 58 0 2 56 0 1 56 0 1 56 1 1 56 102 0 56 102 0 99 102 0 99 103 3 99 103 3 99 102 3 42 102 4 42 102 4 42 1 4 42 0 5 42 0 5 44 0 4 44 0
14 4 9 0 4 8 0 4 8 1 4 8 104 3 8 104 3 99 104 3 99 105 6 99 105 6 99 104 6 43 104 7 43 104 7 43 1 7 43 0 7 44 0
10 1 72 0 1 71 0 1 71 1 1 71 15 2 71 15 2 78 15 1 78 15 1 78 1 1 78 0 1 79 0
14 1 79 0 2 79 0 2 77 0 1 77 0 1 77 1 1 77 16 2 77 16 2 91 16 1 91 16 1 91 1 1 91 0 2 91 0 2 93 0 1 93 0
14 1 23 0 1 22 0 1 22 1 1 22 106 0 22 106 0 99 106 0 99 107 6 99 107 6 99 106 6 8 106 7 8 106 7 8 1 7 8 0 7 9 0
16 1 2 0 0 2 0 0 4 0 1 4 0 1 4 1 1 4 108 0 4 108 0 99 108 0 99 109 6 99 109 6 99 108 6 22 108 7 22 108 7 22 1 7 22 0 7 23 0
18 1 86 0 2 86 0 2 84 0 1 84 0 1 84 1 1 84 110 0 84 110 0 99 110 0 99 111 6 99 111 6 99 110 6 28 110 7 28 110 7 28 1 7 28 0 8 28 0 8 30 0 7 30 0
14 4 30 0 4 29 0 4 29 1 4 29 112 3 29 112 3 99 112 3 99 113 6 99 113 6 99 112 6 57 112 7 57 112 7 57 1 7 57 0 7 58 0
14 7 9 0 8 9 0 8 7 0 7 7 0 7 7 1 7 7 9 8 7 9 8 49 9 7 49 9 7 49 1 7 49 0 8 49 0 8 51 0 7 51 0
18 4 79 0 3 79 0 3 81 0 4 81 0 4 81 1 4 81 114 3 81 114 3 99 114 3 99 115 6 99 115 6 99 114 6 21 114 7 21 114 7 21 1 7 21 0 8 21 0 8 23 0 7 23 0
14 1 23 0 2 23 0 2 21 0 1 21 0 1 21 1 1 21 17 2 21 17 2 49 17 1 49 17 1 49 1 1 49 0 2 49 0 2 51 0 1 51 0
16 1 2 0 1 1 0 1 1 1 1 1 116 0 1 116 0 99 116 0 99 117 3 99 117 3 99 116 3 70 116 4 70 116 4 70 1 4 70 0 5 70 0 5 72 0 4 72 0
18 4 23 0 5 23 0 5 21 0 4 21 0 4 21 1 4 21 118 3 21 118 3 99 118 3 99 119 6 99 119 6 99 118 6 77 118 7 77 118 7 77 1 7 77 0 8 77 0 8 79 0 7 79 0
16 4 79 0 4 78 0 4 78 1 4 78 120 3 78 120 3 99 120 3 99 121 6 99 121 6 99 120 6 56 120 7 56 120 7 56 1 7 56 0 8 56 0 8 58 0 7 58 0
14 4 9 0 5 9 0 5 7 0 4 7 0 4 7 1 4 7 12 5 7 12 5 77 12 4 77 12 4 77 1 4 77 0 5 77 0 5 79 0 4 79 0
14 4 51 0 5 51 0 5 49 0 4 49 0 4 49 1 4 49 13 5 49 13 5 84 13 4 84 13 4 84 1 4 84 0 5 84 0 5 86 0 4 86 0
18 1 65 0 2 65 0 2 63 0 1 63 0 1 63 1 1 63 122 0 63 122 0 99 122 0 99 123 3 99 123 3 99 122 3 91 122 4 91 122 4 91 1 4 91 0 5 91 0 5 93 0 4 93 0
18 1 2 0 2 2 0 2 0 0 1 0 0 1 0 1 1 0 124 0 0 124 0 99 124 0 99 125 6 99 125 6 99 124 6 42 124 7 42 124 7 42 1 7 42 0 8 42 0 8 44 0 7 44 0
18 1 72 0 2 72 0 2 70 0 1 70 0 1 70 1 1 70 126 0 70 126 0 99 126 0 99 127 3 99 127 3 99 126 3 28 126 4 28 126 4 28 1 4 28 0 5 28 0 5 30 0 4 30 0
18 1 16 0 2 16 0 2 14 0 1 14 0 1 14 1 1 14 128 0 14 128 0 99 128 0 99 129 3 99 129 3 99 128 3 14 128 4 14 128 4 14 1 4 14 0 5 14 0 5 16 0 4 16 0
