1600 4000
479 655
504 1522
220 421
683 919
1 1204
203 646
945 1397
194 303
836 1350
431 1538
897 1178
1202 1537
533 1094
690 1133
1229 1474
7 1035
862 1291
95 518
575 1349
1305 1476
788 903
483 1535
315 441
312 537
1236 1575
997 1287
699 1195
97 946
74 1471
245 1554
1235 1339
1187 1266
189 1238
514 1224
230 329
329 823
309 458
701 1515
62 444
87 463
980 1379
792 1368
989 1203
678 714
104 265
833 1410
500 795
416 854
370 423
323 352
22 1294
178 1391
719 1578
423 680
258 628
20 986
669 1560
807 1473
546 1008
17 829
1003 1576
294 1165
929 1240
740 906
1025 1227
335 1121
583 869
254 1284
747 1400
898 1435
239 1507
1352 1567
948 1577
389 1475
298 1107
828 1293
847 1387
83 449
393 715
1282 1468
773 1407
209 414
1067 1314
303 469
515 695
159 628
432 871
55 207
534 934
966 1489
1042 1499
416 637
368 624
130 1478
535 1375
78 231
48 459
557 1385
627 1512
758 1279
58 954
237 823
309 1490
321 503
470 759
1197 1422
473 522
141 725
453 1409
269 559
135 717
199 648
817 1338
830 1007
927 1562
349 739
1067 1450
417 1369
151 208
833 1555
456 546
75 297
260 1159
167 559
1482 1484
691 916
41 469
1190 1459
42 301
348 1015
799 903
109 538
1188 1369
681 700
356 1104
65 1359
792 1106
484 1517
1294 1335
287 759
225 569
876 1102
77 790
62 743
1319 1440
344 1478
759 805
192 962
120 963
764 981
571 866
59 1534
911 1452
742 812
455 1199
419 1059
206 825
61 195
1400 1453
549 1300
896 1176
1 751
28 919
556 1086
19 34
740 1496
1010 1458
557 1337
288 714
1110 1537
153 869
568 1068
139 1106
59 131
1243 1424
442 1215
1419 1542
393 1465
1177 1241
663 1316
173 1517
389 910
564 685
1209 1278
567 659
606 722
407 1322
354 578
718 1024
205 398
388 1131
148 626
576 603
1150 1362
44 1417
39 373
1186 1329
450 1195
664 856
728 950
52 526
484 729
197 1299
743 1244
1050 1076
137 1320
1321 1361
312 1516
418 506
283 1176
386 982
926 1449
1325 1515
156 690
236 684
798 1398
1104 1592
692 1506
433 935
263 1147
107 901
580 1113
37 364
870 1073
1429 1565
194 607
159 418
700 785
274 579
539 958
6 671
290 1313
1159 1351
778 1557
299 855
892 1174
27 339
843 1327
439 629
666 1474
515 1136
1262 1381
579 814
249 1527
1185 1442
599 1175
463 1100
503 1331
69 336
698 1075
579 1510
120 1092
189 193
674 708
949 995
441 534
209 293
436 1143
525 570
636 726
1010 1424
247 1236
576 764
159 399
118 1543
721 852
222 1280
1243 1494
762 1100
210 1431
409 1407
499 1267
716 1075
53 531
139 566
661 1411
571 1095
410 1351
515 1152
170 260
978 1069
1069 1462
336 1394
43 1079
108 417
983 1436
118 1492
58 553
637 1348
1393 1420
104 278
1077 1418
772 928
1211 1531
888 959
498 1229
318 1224
403 654
552 882
169 1210
803 1081
1080 1353
277 884
44 563
40 679
481 1532
990 1295
186 1142
272 1278
621 1548
240 774
23 897
536 1589
225 1131
190 611
1286 1395
195 1570
324 657
256 1090
1055 1118
387 874
718 1398
1032 1561
756 1351
565 1374
675 708
490 719
50 1243
668 1164
49 1160
445 870
276 1069
434 1046
682 865
413 1086
930 1236
395 1583
81 853
135 816
1356 1362
257 799
968 1337
927 1077
1491 1520
1011 1413
1317 1497
251 1357
704 1554
311 839
528 1390
17 1509
625 1353
808 1290
440 1212
254 256
330 1547
1248 1483
57 471
1117 1564
53 1524
350 1496
4 1230
478 1092
85 1280
800 867
552 969
20 1573
161 453
274 1211
629 712
962 1039
97 1596
127 1138
151 1318
232 604
156 274
219 1404
14 217
116 683
1406 1570
660 883
78 499
1094 1530
874 1203
65 692
1201 1251
283 662
286 1528
33 318
20 591
1039 1099
228 672
1150 1426
587 925
800 1584
507 1307
242 775
28 130
643 1537
1220 1563
74 1311
251 1382
1214 1377
298 1001
1162 1204
596 1361
402 1205
474 1283
678 1559
812 1172
596 880
1493 1577
565 826
731 1182
406 486
92 774
80 1234
498 860
1166 1393
83 682
85 1068
608 1335
560 1066
226 987
307 1356
174 1395
437 1466
710 1412
243 831
741 869
542 859
379 1074
415 893
737 1186
623 850
400 905
321 1541
608 811
1169 1281
285 376
402 1024
359 1208
337 1175
105 1566
809 1530
46 1341
1472 1487
658 777
46 369
156 937
440 1275
1146 1173
446 870
1183 1192
765 1184
646 1437
535 1028
171 1418
488 1197
863 924
1320 1531
59 146
204 1526
64 782
600 980
929 1308
181 590
68 1124
908 1266
266 1081
116 988
409 1380
460 1504
19 946
677 1199
468 1305
511 1316
191 769
24 268
296 1484
147 324
288 910
95 567
173 587
742 801
572 898
748 1500
48 1382
618 1359
771 801
99 939
1292 1439
66 1233
799 1291
673 867
1276 1346
1242 1310
765 766
554 1295
649 1353
865 1166
527 1127
425 498
128 1222
877 998
1417 1568
469 1431
860 1051
12 1057
352 924
208 461
283 1243
437 1386
82 256
416 1484
468 664
124 825
311 444
645 1367
224 1267
56 1294
1131 1322
134 215
208 1366
166 1453
31 665
1240 1249
1019 1510
89 804
1310 1591
492 913
889 1293
18 702
143 832
1070 1425
75 267
43 861
810 1234
1019 1427
1204 1238
511 1156
360 1514
924 971
1221 1345
405 1002
427 1083
21 146
1171 1520
862 1294
696 1313
474 1303
1036 1474
255 488
178 855
760 927
191 657
652 697
579 872
124 737
210 954
356 780
156 970
326 493
310 380
1356 1387
547 796
13 810
262 622
543 984
1351 1467
813 1206
686 698
509 1312
25 1478
575 1477
715 844
333 1587
1298 1521
1040 1046
477 1245
501 629
48 1051
745 779
482 1446
135 348
1475 1573
874 1319
721 1254
695 1393
687 883
308 550
1035 1394
856 1509
633 835
182 1036
980 1564
503 1580
1012 1233
18 1396
257 1326
729 946
746 1398
1053 1309
66 1448
623 1189
397 635
43 471
945 1563
50 502
576 699
538 1196
923 1023
211 1486
55 800
982 1049
1017 1053
451 1162
1113 1253
890 1416
802 1436
965 1375
113 187
356 1366
641 1521
235 373
721 1245
615 1193
802 1280
153 1344
1423 1477
935 1579
682 936
692 1073
1200 1201
280 1268
465 1365
582 1569
236 819
752 909
196 991
724 1218
951 1450
328 857
585 682
320 863
494 1519
975 1294
353 1538
630 1147
1027 1397
983 1508
541 1600
595 1463
1195 1455
221 1456
1260 1448
932 1072
439 786
747 1483
1095 1399
160 744
135 1224
997 999
173 612
370 931
78 1130
411 756
202 1515
617 1169
465 1470
756 835
300 347
489 908
509 1144
144 149
281 1052
592 1502
6 829
848 1482
142 952
985 1494
726 1292
1393 1441
1121 1482
124 1507
46 1281
1080 1513
912 1157
174 1478
19 322
50 1401
1139 1418
264 651
224 1334
561 1080
842 1137
394 1198
1174 1348
552 668
1216 1253
773 950
954 1179
806 1051
99 1587
509 769
243 759
233 961
313 1145
808 1109
789 1337
826 967
313 667
1210 1387
1014 1499
27 1239
590 1255
1076 1497
364 400
817 878
448 1488
390 424
90 582
377 1354
985 1258
1033 1569
195 991
1368 1399
829 993
565 1060
681 717
691 991
252 581
574 1428
551 1165
1293 1436
153 1306
188 1344
529 605
411 1083
226 302
659 1183
798 1039
1232 1252
1171 1481
953 1366
116 191
232 1073
390 1590
68 192
1200 1567
630 1300
1064 1078
884 1384
518 1212
634 1009
683 1044
670 1464
334 599
370 1373
205 1308
1390 1535
13 234
1066 1565
311 1251
909 1449
1056 1314
448 611
1225 1568
111 125
289 798
1130 1562
1356 1586
1176 1324
950 990
1011 1161
648 1516
371 373
101 1588
329 732
5 1112
110 357
531 1383
36 1501
592 897
255 404
853 1218
163 613
1066 1301
283 1355
836 1081
7 1304
854 1343
5 1503
324 1584
735 1434
915 1482
651 1487
743 762
594 1512
56 1571
1376 1412
440 778
350 461
537 899
391 497
574 689
80 318
1136 1465
50 763
435 876
351 1315
1334 1480
520 1387
624 1348
385 1349
820 1573
139 1524
626 721
993 1330
201 382
173 1536
980 1009
1252 1286
989 1582
342 482
1409 1597
740 1454
1056 1066
489 617
1130 1164
175 1227
931 963
248 1078
267 1228
1000 1170
183 202
732 1216
271 864
441 923
818 1120
104 830
289 982
171 249
40 835
892 984
141 1581
355 656
667 908
32 841
51 1404
986 1256
384 857
889 1189
741 963
152 1326
146 818
317 1045
22 1221
76 1163
955 1413
556 580
41 1087
303 1545
867 1274
16 750
60 1566
143 620
493 1326
220 236
922 1332
866 973
750 1014
961 973
45 1145
334 1069
401 765
306 1439
378 1088
335 1016
339 543
481 989
240 1340
569 1591
775 906
138 798
121 602
896 1493
345 664
396 1250
190 1009
403 406
164 197
149 1100
154 1013
16 1323
634 1201
438 1077
1007 1423
457 1296
817 1414
637 776
51 1477
708 1035
1284 1300
849 1103
921 1116
309 1506
676 857
1440 1443
1044 1267
1244 1449
222 533
2 866
101 597
279 1070
559 1270
142 1539
1126 1161
232 1457
601 761
745 948
180 914
311 515
918 994
712 914
74 80
10 1005
1370 1543
463 1302
886 1473
528 1360
983 1378
648 1084
341 1518
315 1336
12 1203
275 697
1240 1317
293 428
940 1027
198 553
1323 1484
9 902
688 1073
893 1405
175 769
414 760
189 1493
267 341
166 915
571 1467
762 1257
661 1303
271 650
149 362
3 125
1091 1574
1107 1505
636 1025
605 1500
640 1173
70 392
93 233
1078 1314
900 918
331 865
492 971
879 1309
69 1524
32 257
317 848
240 1442
626 912
98 663
508 996
783 888
2 339
418 1023
563 1579
36 827
984 1068
1345 1396
231 853
458 1396
580 645
234 296
86 1259
392 797
1364 1525
687 1102
500 1432
84 1299
233 1334
475 538
428 1374
219 396
226 694
573 1377
1025 1092
435 1320
128 212
295 1056
26 1120
29 1528
1160 1476
1081 1082
714 805
1318 1462
91 399
73 1180
525 1049
118 1120
636 809
70 1275
888 1177
541 1321
539 1357
59 60
360 464
1003 1186
472 1153
1088 1263
313 1335
259 1119
207 1111
90 845
1093 1125
252 1528
247 1534
111 1367
1229 1589
1112 1349
282 797
1229 1286
491 854
791 1180
530 1378
414 1314
250 1427
902 984
686 903
1184 1207
231 1170
87 894
361 693
168 413
1099 1502
410 987
1136 1469
23 1268
913 1078
371 379
581 1191
184 726
84 1174
442 1325
123 971
467 911
91 1064
23 1187
837 1572
241 363
1273 1537
964 1324
204 1081
684 1277
828 967
480 748
162 456
181 1144
516 787
42 1569
548 864
298 1417
1342 1406
772 1538
732 938
613 1116
351 553
279 792
736 1438
101 552
776 821
768 947
405 1016
974 1316
114 179
308 360
747 1215
243 637
972 1208
880 1131
1263 1502
790 1186
1011 1599
288 1469
1217 1400
204 1233
674 1096
520 718
151 275
236 1301
28 1335
485 1170
1147 1554
1232 1481
182 197
1152 1182
671 1381
261 1198
1097 1259
11 184
668 1243
451 1168
438 790
284 1300
966 1433
660 1194
581 1586
127 1383
1125 1270
653 1459
793 1004
137 930
265 968
176 345
282 1563
511 1073
224 497
320 376
556 644
1217 1584
4 1306
478 765
462 808
387 1196
367 1089
140 959
852 1560
365 461
767 790
504 658
701 914
842 1007
260 711
1109 1371
534 540
717 1109
443 864
506 1162
41 1596
184 844
794 1397
316 940
8 1263
1050 1111
586 956
1033 1321
477 1034
133 571
21 558
736 1571
155 1496
1042 1226
353 1345
947 1059
486 717
589 602
29 1257
644 700
1244 1349
815 1216
359 614
35 200
238 744
808 1536
134 694
31 367
348 949
421 523
660 1321
359 393
945 1098
939 1516
34 1151
1108 1246
686 1180
1340 1542
427 1442
393 629
84 1141
1271 1405
484 1175
60 1190
821 1339
38 373
261 706
654 1126
969 1220
486 1244
159 654
454 715
99 1364
174 473
942 1338
312 607
1304 1395
1319 1451
411 1072
125 398
751 1580
645 1445
302 330
331 420
328 953
146 1346
1430 1568
811 1281
306 586
730 1105
21 1145
936 1556
141 1100
163 937
195 702
815 1369
43 472
1376 1377
922 1146
806 1063
20 693
352 1164
204 1211
421 738
63 1536
735 770
837 1350
110 1080
475 797
273 1284
163 447
577 931
513 919
349 1122
26 246
1151 1271
672 1580
459 1492
724 1426
844 1048
891 1141
93 1155
420 1330
94 375
500 770
1143 1291
197 800
419 1586
785 1055
204 1121
661 1016
303 476
496 953
791 1526
1061 1225
645 720
829 868
63 389
947 1010
464 1225
250 783
15 126
1132 1480
1334 1562
862 925
247 1273
531 598
586 1246
235 1470
402 562
565 1533
895 1037
544 831
912 1427
1129 1190
727 834
668 865
1270 1394
591 916
342 346
514 680
920 1461
68 1591
909 1451
543 1302
589 1072
602 677
1325 1328
472 812
904 1308
1030 1372
520 1191
4 252
417 1487
685 777
297 484
757 1142
47 890
277 1582
556 1460
163 1214
131 681
2 1596
326 1127
1558 1567
1323 1431
1379 1454
163 876
40 119
179 722
280 611
278 1536
770 926
200 388
1425 1595
667 966
368 1239
617 1032
1034 1403
946 1410
7 1509
814 1178
1012 1383
639 1292
144 262
666 1121
696 1312
638 1279
66 1556
1388 1490
177 981
266 598
908 1047
688 839
275 1551
911 1468
463 764
458 1593
800 1461
604 1162
300 1167
539 1239
590 1408
844 1250
13 1287
408 1005
133 1556
546 927
128 1296
630 1434
121 182
1518 1525
456 1472
380 693
183 1290
581 1170
327 330
141 595
664 840
260 1345
39 1221
1192 1450
253 1182
79 1028
460 1125
323 1231
830 1461
176 252
5 752
561 880
1132 1460
345 1539
219 1477
573 1430
318 639
1076 1372
15 1216
35 564
1161 1343
1303 1555
425 1593
785 1129
191 1432
653 816
157 518
22 250
1206 1437
473 608
156 960
1130 1360
216 1180
622 1023
443 1128
422 1383
67 735
321 755
616 996
943 974
567 1079
310 1097
563 605
1113 1358
456 1185
259 784
803 961
502 823
475 1543
32 270
618 934
550 726
157 1029
72 180
96 381
202 1086
90 716
222 1223
531 859
891 1134
963 1262
247 911
898 933
858 1250
415 703
154 1433
464 517
512 1274
1065 1339
187 455
485 1529
261 650
871 1134
749 1521
246 1572
110 491
671 1585
300 1364
617 1265
58 1360
270 1050
160 317
734 1001
55 1523
219 432
843 1074
231 391
35 1147
1197 1398
239 1262
936 1529
632 860
747 1126
600 1042
937 1153
462 956
1021 1406
899 1577
885 1471
904 976
67 374
884 1331
207 1109
1402 1463
532 1109
155 589
537 894
632 1091
872 1278
222 231
467 1283
526 1285
920 1098
5 206
15 1178
468 969
832 1185
851 1048
106 1457
856 1315
321 1200
854 1289
236 342
47 312
876 1588
746 1409
728 1163
820 979
971 1003
545 1135
843 1276
694 1570
292 1459
888 1265
569 1017
746 1496
1399 1492
193 1140
670 1424
140 170
374 817
663 1166
400 1445
287 1491
373 1552
1433 1529
880 1102
14 212
114 818
137 300
284 1197
307 1534
52 462
128 540
978 1206
1089 1304
287 903
593 1298
1213 1452
799 1390
323 910
918 987
80 885
585 701
709 837
98 263
104 489
781 1245
400 1107
414 1172
38 1005
355 1188
448 967
451 789
187 935
332 698
749 1583
265 594
833 1014
106 534
585 1202
735 1305
198 1006
161 1289
273 331
422 1521
401 1331
1074 1584
480 598
566 847
1175 1298
177 375
774 1269
729 1556
1505 1519
451 1462
547 1566
238 254
479 795
350 686
310 1210
1082 1256
235 415
167 621
358 1460
360 414
756 1346
524 1481
372 988
1033 1329
10 898
410 620
1067 1090
53 1357
261 973
951 1562
619 784
299 338
729 1182
391 1451
112 1332
71 1179
600 1337
105 384
683 1283
1233 1468
656 1382
404 779
628 1378
119 1240
1576 1585
123 767
289 1425
305 1033
356 367
603 1285
853 1402
120 259
70 1066
84 720
653 702
211 1533
476 1238
604 762
728 1043
730 1522
425 688
508 618
710 1188
346 1054
508 1505
302 1040
934 952
250 1031
892 1498
1072 1552
210 882
1177 1376
24 169
260 1218
536 1566
1000 1526
450 789
538 1282
554 1421
188 230
71 1521
211 1413
634 642
535 1113
476 512
378 1412
838 1401
131 810
97 1103
409 1030
458 1286
207 1214
889 1522
933 1207
77 1456
57 1154
130 1208
587 1171
426 1010
1378 1408
755 1415
913 1551
9 252
311 900
429 1022
711 924
972 1124
279 1355
144 612
369 1192
112 559
754 1164
653 759
820 1234
366 715
1008 1267
528 633
171 480
921 1160
177 790
422 770
428 1172
268 789
631 815
98 1082
343 369
732 780
990 1124
86 216
713 918
381 1087
964 1125
370 426
474 1442
103 496
322 1523
1261 1344
422 858
282 1195
138 221
346 1396
1499 1569
732 811
1043 1539
200 892
932 1523
1089 1119
1216 1241
314 1043
804 817
107 365
1143 1426
255 1459
164 1009
62 304
82 1554
307 655
327 1238
73 1600
826 874
344 926
337 739
754 1444
189 1450
873 1020
142 537
466 1273
570 1489
118 878
45 81
807 929
410 486
268 1585
397 1541
105 205
253 754
67 1116
30 1057
88 652
1107 1427
1386 1491
725 871
658 943
296 1171
768 867
361 821
15 725
674 1139
229 404
674 992
22 765
577 1518
213 1311
814 1087
143 1453
842 847
92 842
176 1444
820 1448
763 1246
535 863
452 454
267 479
621 1447
29 1152
1157 1382
1231 1252
1428 1555
690 1209
337 1559
533 1449
1020 1347
157 367
628 1199
843 1057
608 873
132 1443
709 1282
234 1201
1129 1159
181 839
346 473
909 1398
162 661
235 470
235 1416
43 1347
49 1501
47 180
1410 1596
269 915
1064 1533
933 1354
884 1508
108 568
1402 1597
1515 1549
1288 1578
434 911
548 1594
598 1105
1336 1558
1245 1495
1300 1514
890 1198
1052 1430
245 507
61 242
1384 1549
132 1022
435 1550
3 46
129 664
121 301
1181 1365
939 1324
16 147
540 1111
349 938
848 1118
166 209
278 1289
54 1149
479 1087
991 1093
820 957
650 1299
153 218
636 679
693 1401
243 389
60 611
182 1015
87 493
659 663
662 1558
249 723
227 1025
90 653
526 947
436 713
429 897
70 1014
1136 1287
1154 1544
96 209
114 631
292 781
1016 1426
200 447
62 672
503 1523
143 1284
941 1344
285 1594
1384 1570
381 644
383 529
902 913
1399 1498
861 974
93 523
788 1495
194 988
165 811
127 312
271 1015
607 753
284 673
787 1454
640 949
960 1252
1297 1408
299 1006
683 742
498 949
516 635
589 956
251 365
328 1112
793 1079
708 1479
24 1576
468 1048
971 1054
111 1342
596 1105
97 959
274 602
117 628
51 1271
687 705
510 1315
404 1447
835 1563
591 1117
530 1479
122 1204
454 1022
580 680
154 436
672 1500
1021 1590
1065 1205
851 1565
629 1219
455 997
470 1553
433 1415
316 957
1369 1441
281 787
256 625
678 1055
875 1291
1237 1490
1413 1419
286 391
405 1138
619 1394
583 1276
369 702
1092 1169
366 868
23 980
113 1362
401 954
1167 1592
1155 1387
1339 1441
316 1435
228 1293
562 752
144 335
302 735
68 692
390 965
215 1002
809 1438
276 1035
1137 1488
112 757
361 1085
1421 1422
123 1373
781 794
365 1091
881 1184
964 1527
190 895
989 1323
72 1446
1193 1405
131 1417
707 1540
494 859
1158 1230
722 769
241 1257
625 1481
358 633
524 1336
578 1331
23 1190
277 1295
339 1568
237 1231
1168 1251
757 1334
340 1323
385 687
1248 1349
172 882
52 690
382 858
424 921
377 1022
22 1258
239 1484
359 740
49 1571
217 813
404 1500
1184 1376
1117 1565
187 380
269 321
147 1557
38 873
533 1493
367 1527
314 1512
638 1038
601 910
748 816
14 1597
972 1487
92 563
53 227
497 643
223 286
601 1057
9 981
1311 1355
274 1552
125 153
642 1179
133 1029
445 1000
873 1420
200 1077
1312 1382
1023 1254
188 859
395 1087
330 547
1328 1514
932 1339
734 784
432 531
183 645
67 1414
49 1421
734 1222
38 966
932 1059
179 1380
259 1386
766 1094
577 620
132 928
347 693
308 615
1226 1488
1345 1394
104 297
383 1461
383 1501
994 1371
1004 1475
610 781
751 959
832 862
633 702
1128 1250
584 1288
102 1127
676 1403
166 766
1328 1583
469 671
426 1550
988 1432
423 1156
773 1191
795 1104
744 1014
72 160
551 1403
613 1488
778 1306
651 1134
199 558
109 522
11 508
186 280
691 725
346 801
358 1114
154 1001
592 1379
876 942
89 488
21 999
440 652
793 1595
133 662
771 1127
269 1395
996 1435
322 1513
294 1441
18 444
54 836
355 893
87 1028
667 1238
1047 1587
958 1027
467 828
1188 1449
471 758
654 1038
485 802
621 1258
756 917
507 1434
780 992
799 803
306 864
131 219
819 1111
779 893
958 1119
295 1378
116 140
447 760
401 1475
701 1551
376 390
700 1551
853 1010
79 1304
162 1553
633 1508
1366 1377
110 1240
196 1574
710 1261
8 1037
1019 1578
343 961
555 1322
593 614
630 1203
1123 1512
1056 1193
240 1293
1036 1071
983 1600
266 952
712 1138
755 845
398 1341
612 1373
792 1101
96 296
179 326
711 1322
622 946
161 613
284 781
99 279
270 925
293 1222
1061 1274
292 338
146 192
498 502
80 309
71 227
1287 1456
1198 1223
728 1313
556 1368
177 1288
1342 1506
154 476
175 834
610 1169
336 863
278 1086
119 1444
709 1535
359 1085
398 755
399 1084
313 1526
398 649
1149 1492
449 594
703 1425
1071 1550
814 1319
994 1156
701 1377
720 993
570 1460
364 520
711 1013
752 942
916 1140
1239 1291
546 1380
347 1485
228 739
4 329
302 750
1119 1123
48 606
669 776
576 1012
151 444
1115 1208
237 466
767 1567
294 1050
214 787
521 603
393 879
1029 1205
962 1597
8 1592
169 1282
437 1017
1030 1397
1004 1504
229 505
1017 1330
273 1579
386 1108
379 1275
941 1438
736 775
258 1455
258 1153
836 1317
270 611
944 1476
434 1533
1229 1370
978 1564
1264 1343
430 883
119 1530
37 1516
715 1365
8 1142
47 977
186 574
1404 1448
430 785
708 1358
73 384
5 949
503 517
215 1242
670 1340
64 1575
607 855
325 1479
727 1290
149 453
867 1463
707 709
915 1068
295 1059
824 975
176 456
286 1380
1242 1452
1018 1122
32 437
719 1255
547 1375
127 1166
230 1532
840 878
98 720
745 1207
555 882
751 1230
849 1362
212 518
150 784
707 921
350 606
388 1062
31 1388
1007 1144
103 291
596 1548
1059 1277
412 1018
17 623
9 912
1359 1438
934 1401
567 1407
76 242
83 1235
666 1259
305 1347
1482 1504
39 176
351 1297
165 183
326 459
558 1301
499 1307
787 1054
1027 1093
471 1215
362 477
134 1053
115 863
537 1473
554 1062
680 1272
216 1486
782 834
1115 1595
335 1453
620 1549
342 442
142 1033
455 1541
464 557
1121 1464
985 1518
157 939
402 1114
982 1433
1035 1313
168 968
646 652
834 859
514 1451
181 1266
406 1541
307 594
245 1548
217 1286
89 139
52 108
720 804
771 1440
950 1404
202 439
199 1122
675 846
474 1565
10 436
214 833
28 69
485 1279
40 190
1177 1525
434 446
229 794
490 767
1181 1553
64 369
177 203
807 1215
894 1168
100 966
330 524
1063 1090
1112 1254
238 916
264 699
451 650
662 1202
1249 1519
868 1325
584 846
886 1381
583 1041
603 1154
381 1044
530 964
1185 1414
483 812
877 1189
289 1470
569 1598
301 1367
61 372
371 406
215 1524
505 861
920 1053
562 1319
1019 1085
91 1327
738 1242
167 906
185 1129
334 392
541 606
122 745
225 841
193 1030
270 1126
61 669
178 510
669 1148
158 560
593 792
992 1040
943 1595
196 1437
138 1425
685 976
79 763
1359 1469
920 1261
1080 1309
1026 1281
1260 1465
767 1509
382 741
328 730
315 1321
852 998
1047 1320
138 545
18 1585
532 786
196 1268
208 1242
170 644
768 1373
819 923
695 1508
212 379
937 1332
214 1152
145 391
443 516
93 148
907 1415
1141 1237
27 145
1008 1163
185 1158
962 1315
886 1063
1103 1443
543 1148
416 1363
329 388
459 989
147 904
68 119
780 890
1099 1205
286 377
207 1458
581 1418
795 1511
474 1264
824 1138
1064 1132
120 1274
926 1091
136 1137
1003 1272
368 1355
551 965
592 595
45 281
217 952
266 754
394 698
180 941
986 1392
297 344
501 1576
526 623
407 1421
546 872
272 480
377 1044
155 479
116 992
412 1305
740 1278
552 1148
308 363
77 998
314 841
1324 1457
542 1528
1 1531
768 1234
1101 1156
36 1574
1260 1405
288 1361
47 1220
320 1320
718 1219
44 1591
601 639
11 1388
316 856
360 868
618 1107
86 1262
147 169
1196 1397
54 739
564 1177
400 713
101 1210
944 1500
48 922
1104 1410
26 438
457 1041
296 642
887 1251
418 849
592 1411
957 1213
560 616
1095 1583
1042 1474
273 521
657 1392
356 419
1519 1587
914 1554
905 1026
1082 1123
654 1213
1179 1371
818 1385
475 959
327 1347
158 955
665 940
90 281
518 616
198 244
92 632
841 1030
1296 1491
782 1280
14 1062
106 895
661 1198
7 1021
323 791
65 566
1095 1158
623 956
41 1361
76 407
1065 1158
851 1074
436 1154
751 1071
390 900
1391 1530
161 979
1491 1507
327 1038
1039 1301
121 371
739 1350
130 452
644 896
254 1180
705 1466
102 1589
717 864
403 604
338 649
101 719
450 882
170 427
290 514
1128 1221
706 901
513 1436
1279 1513
29 1358
545 634
616 1590
49 656
385 697
614 641
694 987
295 1581
1391 1591
544 743
148 1546
24 1139
1282 1475
264 749
265 1101
494 1392
42 590
172 1134
201 1446
858 1338
822 1190
145 289
137 1423
225 736
1257 1327
529 1583
86 1188
977 1140
102 878
428 1070
524 564
750 1161
1157 1454
944 1110
2 1052
1263 1474
797 979
856 1364
1374 1547
788 1585
522 905
250 1416
616 976
170 174
670 1470
73 1098
544 1384
144 271
869 1540
796 1336
631 1431
1156 1341
969 1522
332 1285
483 638
677 938
1217 1496
449 1288
55 1485
561 1124
497 527
796 840
117 846
647 1504
349 706
551 1144
319 899
587 733
1388 1439
73 1246
741 1301
496 1523
255 634
513 1082
164 1575
389 884
220 711
291 721
198 1544
977 1564
1065 1157
395 1289
770 881
558 1557
197 368
663 1545
305 1275
995 1254
218 364
771 1110
925 970
152 1549
703 945
1422 1476
1234 1594
1115 1571
521 1373
350 677
665 1074
394 981
290 1239
684 1070
585 1546
351 374
969 1039
929 1142
185 565
287 678
334 600
878 1008
121 1264
310 1185
315 1384
1119 1354
411 1544
1326 1464
621 977
365 1194
158 742
829 1037
88 442
1455 1511
907 1126
1428 1497
1467 1507
402 1085
1005 1093
942 1259
1133 1389
295 1174
298 1486
1381 1459
81 534
901 1054
275 821
907 972
705 1406
545 1447
89 824
109 597
764 1269
636 1171
703 1365
366 714
793 1480
112 687
85 408
148 1036
1172 1458
688 1464
362 891
627 1084
688 1372
392 1557
768 1374
679 827
77 82
287 325
423 554
114 338
17 794
165 1458
291 622
192 363
221 1077
844 1471
41 1410
674 1141
610 1299
609 1455
91 1564
1558 1566
348 1506
495 1489
487 1438
24 1001
44 925
777 1189
36 1439
308 713
102 1366
14 1151
940 1490
33 1034
447 747
96 214
1108 1548
1311 1516
201 1510
150 1288
516 1173
38 1004
507 1168
203 819
245 1251
333 341
1093 1450
481 1067
1051 1135
3 1560
995 1514
279 1409
140 361
1506 1593
27 1189
145 1588
806 1375
294 861
134 724
604 1054
431 1228
338 1365
849 1128
184 1178
192 548
244 766
1217 1561
117 1479
450 707
619 1224
94 1423
509 1085
545 1167
141 1546
310 1463
4 573
773 831
467 1354
490 1064
16 1000
696 1283
305 1289
1232 1329
894 1169
955 1483
471 591
624 1106
610 887
1206 1478
517 858
832 1552
32 568
438 590
662 1101
313 571
208 779
646 1341
430 1285
1351 1517
553 772
165 1037
1024 1498
710 860
738 1316
129 504
109 1599
268 665
57 179
944 1116
100 578
1490 1542
689 1264
331 482
516 885
510 1165
578 871
930 1224
956 1151
320 1090
1089 1431
984 1473
213 774
247 994
1542 1578
808 1547
67 528
819 1192
201 750
167 816
261 763
459 542
974 1042
112 1330
160 353
145 887
124 1485
1423 1527
791 852
100 1127
1271 1555
1049 1462
396 635
731 782
15 409
647 798
33 429
887 962
512 1592
707 1228
375 576
724 1452
447 839
595 757
79 1281
1006 1191
789 893
1002 1013
301 1265
290 1048
627 651
168 1259
376 527
1480 1600
429 906
262 1248
526 647
152 223
533 582
85 1147
241 429
771 1246
25 588
384 1510
95 866
337 421
36 733
499 1445
825 1553
639 1374
181 1176
248 1503
358 1058
37 1419
602 1094
107 1132
731 1160
1181 1578
1183 1463
353 1069
659 894
19 763
1043 1513
631 1457
123 173
297 376
442 1214
1120 1155
54 991
540 620
626 1219
496 1179
1187 1550
873 883
713 714
870 1226
446 555
25 1522
641 920
420 473
900 1063
812 1086
28 973
333 1097
1002 1549
586 1256
642 955
841 1007
669 1194
420 453
1223 1247
216 539
172 1430
45 1403
1233 1393
666 761
98 167
704 1046
1001 1363
895 1340
377 397
1408 1456
271 659
106 1212
603 1402
122 333
523 1352
158 430
1313 1439
249 1102
478 1367
383 744
950 1292
1372 1545
387 1524
341 745
293 1417
162 542
362 643
480 1139
366 1115
165 960
910 945
9 494
656 939
907 1503
228 569
232 655
103 370
934 1113
315 1369
561 588
1309 1580
221 1269
1075 1317
489 609
979 1292
1131 1531
185 1420
491 1154
758 970
481 827
1342 1363
542 1287
468 753
615 710
223 1164
529 1589
34 958
354 358
538 1173
640 1103
492 510
111 415
469 575
996 1497
57 495
2 883
881 1263
206 1546
51 1114
917 933
905 929
641 928
1350 1543
699 761
454 1445
899 1343
33 1307
951 1592
1241 1562
726 1213
403 609
103 1338
148 412
117 428
162 1068
917 1221
180 1031
1094 1540
609 1297
317 432
278 1559
753 1058
13 240
226 492
383 1427
218 347
211 1332
285 1520
354 549
109 185
511 1411
483 786
419 1142
457 1070
126 846
1024 1461
341 1469
458 1297
532 758
75 412
588 912
59 227
975 1139
217 521
372 1024
1137 1202
143 324
357 935
762 1418
272 743
891 1219
100 1284
886 1088
136 457
122 857
1219 1469
491 1183
227 1020
805 1403
1406 1429
1187 1333
796 1477
410 1207
64 1435
319 1483
371 677
512 833
431 1590
272 877
35 1132
188 281
1089 1332
514 1146
505 1098
65 769
168 1352
340 1306
340 1599
875 1559
82 352
540 753
995 1310
978 1535
210 1465
813 1076
444 1116
234 1290
566 970
810 1153
56 1544
1163 1252
705 1574
550 1049
572 1055
738 1209
449 1052
277 382
26 749
113 132
354 861
344 1091
86 736
344 660
452 986
445 902
6 618
973 1265
3 355
331 1362
317 1312
723 1193
441 561
838 843
81 1230
55 1173
477 525
74 1435
30 381
378 486
1462 1534
1231 1443
304 1046
433 1338
212 1108
245 1407
138 417
408 1464
37 686
965 1255
84 1538
129 1045
52 105
283 392
292 675
1053 1511
210 766
928 1558
464 1095
1193 1267
502 1211
95 223
89 1283
936 1400
492 525
275 1018
6 630
1060 1537
186 413
1103 1280
906 1194
730 753
983 985
1000 1038
679 1446
430 1043
599 1492
319 1220
487 1012
120 466
684 1097
938 1056
214 1466
10 1452
405 1353
667 1342
881 904
1250 1598
1182 1388
941 1370
31 774
587 1327
96 597
657 1361
527 632
541 823
342 1232
190 712
251 1235
1123 1532
139 1489
195 960
1029 1215
71 700
280 1405
960 1504
481 632
155 1544
1106 1192
108 802
716 1311
335 952
499 860
107 1376
987 1594
1133 1328
872 1245
77 584
423 1155
291 898
264 1555
237 1032
91 577
39 347
394 1278
489 809
290 953
875 1364
460 1149
152 936
778 1314
639 1411
332 1048
1130 1448
559 1494
63 132
890 909
1318 1520
178 1008
11 605
56 1273
825 1268
919 1443
997 1429
748 1023
582 1582
780 1473
88 334
948 1214
921 1467
285 830
69 462
940 1503
33 222
58 1302
1235 1581
1178 1390
202 1110
1055 1072
7 850
676 1135
387 1318
1032 1547
345 443
689 1277
976 1220
615 695
78 1061
452 504
387 1352
818 1577
150 1212
159 880
619 1254
1412 1586
325 847
507 1447
1502 1529
188 1218
233 734
18 441
246 527
666 951
607 1255
783 1329
933 1022
255 314
868 1343
263 501
831 1573
993 1402
175 1434
1237 1247
840 1079
1002 1574
716 1588
103 1495
351 1067
647 855
62 572
548 806
363 1507
809 815
385 465
872 1276
764 1552
241 1143
500 1415
724 776
760 855
1129 1135
892 1026
221 1020
1105 1421
285 455
593 741
115 431
822 1150
494 1236
249 536
505 779
465 1090
596 1266
752 1494
113 426
440 742
729 1310
299 648
304 343
657 1170
617 822
563 995
1223 1535
82 1530
416 1120
502 851
1009 1260
1399 1556
288 696
532 1561
597 1137
1272 1499
319 1271
733 1408
248 673
803 1304
241 870
124 1409
97 348
845 1569
612 1122
1175 1266
490 838
496 676
828 1582
160 642
238 1025
908 976
1040 1330
81 194
866 1341
744 967
386 574
276 322
525 1162
896 1573
333 815
1186 1317
649 1315
557 1184
1099 1466
1209 1512
1276 1514
29 964
17 488
709 1275
106 1084
1021 1148
955 1231
63 647
314 557
594 1144
832 1004
172 1235
446 626
83 150
259 1568
627 1451
758 1329
189 357
272 1485
691 1531
448 1360
94 583
821 1546
53 399
722 1101
1194 1206
519 703
277 1386
599 1135
501 968
943 965
783 1265
493 1509
957 1207
519 577
232 1379
641 1594
460 1083
102 979
254 1157
582 942
574 1125
1114 1248
847 1151
374 1261
397 1118
411 1596
748 918
1262 1358
508 1570
648 675
848 881
506 1447
624 1600
1236 1446
198 1253
775 1270
930 1302
483 1370
199 541
203 761
1027 1227
500 916
282 970
999 1146
737 1058
1102 1471
1128 1381
495 1225
395 813
407 1436
786 1358
1411 1597
40 426
87 1331
211 1422
805 985
201 1197
504 1579
226 1401
266 1028
452 1383
727 869
706 1428
1150 1307
171 734
523 772
445 490
450 624
257 269
588 786
597 1404
1075 1428
182 805
896 1430
719 1088
1348 1368
439 1134
337 1545
253 993
61 1310
332 434
1363 1501
1228 1353
549 1096
788 1155
564 862
999 1050
228 649
845 1029
364 1346
1060 1140
35 1444
1044 1307
382 1118
191 488
155 547
403 1153
517 850
437 1561
44 1222
572 888
891 1414
595 915
785 996
600 1389
658 897
1272 1367
871 1420
598 1104
6 243
511 1335
760 837
115 1559
482 562
158 737
836 1248
443 543
218 1253
230 453
1356 1513
95 1434
1083 1453
72 246
152 699
497 1498
127 554
372 718
733 1088
889 1360
396 681
1046 1460
171 685
814 1167
223 689
811 943
988 1599
264 599
778 797
58 981
114 601
513 951
34 1249
801 1285
807 1386
94 772
1205 1227
487 1458
803 1270
157 1372
923 1577
1226 1416
388 646
242 777
550 1470
72 606
425 1021
64 1258
244 1308
186 1495
375 1429
220 1599
727 1533
665 1561
704 1385
99 506
555 1466
580 1145
161 1539
115 126
113 671
30 1133
37 1047
539 544
857 1031
640 1571
57 248
115 937
1034 1518
267 1149
535 651
838 1159
1308 1588
865 1357
258 1488
118 823
385 1026
658 992
134 660
408 1015
291 465
133 1277
509 1486
917 1256
562 1272
25 205
567 1318
835 1350
875 1045
1203 1468
218 672
340 1527
1079 1520
65 612
276 917
51 487
20 555
8 1525
948 1051
354 396
209 696
795 1581
472 1355
427 1268
846 1551
689 1015
325 551
1041 1181
655 1124
997 1528
85 885
958 1517
30 903
706 1143
635 801
42 1432
26 395
1065 1540
755 1572
282 478
336 1526
336 379
791 816
305 1217
345 1237
838 1241
1 1326
622 1159
505 1312
1005 1273
495 568
1045 1344
229 1363
519 1084
695 746
470 560
349 1247
304 723
614 1587
466 1590
1346 1395
553 643
74 1529
1108 1532
309 1419
401 420
901 1487
239 303
3 1359
1454 1539
963 1161
246 1589
998 1575
1181 1455
472 1347
685 1261
1390 1550
357 421
733 879
1196 1407
536 1187
738 1548
380 1472
363 804
343 1063
419 1057
608 1122
585 1097
690 938
174 610
298 432
515 1061
273 433
135 1445
1354 1541
953 1499
418 1031
439 834
21 826
220 405
92 306
822 1279
449 1598
668 874
140 461
493 1572
684 1058
126 203
1196 1505
244 1392
532 1020
704 1327
1037 1195
777 827
1357 1483
697 806
129 968
424 1040
978 1298
1105 1572
828 1200
216 406
357 1563
529 1598
251 1442
323 510
638 1032
1264 1472
1098 1168
386 961
56 694
12 380
151 394
584 947
670 827
175 1396
579 1071
731 1172
25 1368
793 1296
851 1299
66 691
125 637
1 1041
1501 1525
705 1237
839 1092
150 1586
111 1222
975 977
225 253
824 1567
1019 1576
673 722
325 487
39 1011
586 757
424 1481
142 239
306 807
528 655
1045 1468
723 1432
842 1166
1117 1199
326 438
433 1333
183 1380
1075 1141
986 1540
76 467
619 944
522 1337
122 679
445 1255
716 788
262 1582
782 1385
1110 1511
424 530
408 1118
484 1336
506 1200
242 990
913 1511
100 1165
206 1228
900 1100
1148 1297
1013 1247
76 1241
1232 1352
491 1444
850 1316
643 1340
813 1256
578 591
566 613
680 1047
425 1553
378 1532
422 1486
94 292
320 1414
123 1038
128 512
1370 1415
340 932
885 1191
13 1158
164 1437
10 1515
328 427
409 1062
319 886
384 1260
463 1071
520 673
573 1049
773 1163
265 1579
635 1545
224 1058
1083 1209
27 749
928 1138
698 1480
263 1379
879 1210
822 957
280 1225
276 1426
550 1494
79 588
253 1034
536 1303
258 994
523 1598
935 1416
293 1542
194 746
583 899
213 1333
205 362
1011 1274
50 1429
244 625
233 284
413 1012
614 1498
42 299
88 1510
907 974
11 187
257 1202
238 560
407 967
368 573
548 879
1096 1277
631 712
775 1269
193 229
199 930
372 1424
470 754
126 1595
923 982
605 948
117 178
1111 1218
397 954
352 1296
300 1420
524 796
919 1389
213 627
193 1433
19 1114
75 638
1227 1467
521 1593
852 1333
301 1060
415 1150
399 1547
990 1013
1003 1146
71 224
1324 1517
263 1325
783 1117
318 1149
975 1061
166 922
728 1223
184 1204
1226 1508
1018 1413
413 845
66 83
697 1290
339 1328
850 1160
575 1249
69 343
460 905
477 575
30 544
448 615
129 572
196 1389
262 1201
1152 1303
824 1306
169 1476
12 1392
461 854
256 1017
1176 1441
294 931
361 558
482 1078
519 972
941 1371
1106 1302
457 1557
1400 1497
12 1495
849 1006
316 652
549 761
34 462
60 513
692 1123
589 999
366 1257
1133 1485
78 1112
466 1581
213 435
1389 1419
804 1538
549 998
530 1534
1041 1424
902 1489
682 1174
522 676
164 1244
725 1145
1472 1543
324 889
75 877
237 1183
730 794
149 375
650 681
110 136
1333 1391
1016 1519
1258 1560
431 1115
1031 1465
54 1060
1253 1593
454 723
332 1136
737 914
63 1493
784 1440
215 1503
168 417
1213 1230
802 1167
206 1309
355 1006
475 1479
1348 1375
1096 1385
593 1422
1099 1471
1437 1440
46 570
304 877
1026 1269
727 1298
517 901
675 922
234 1322
268 1560
307 927
93 1208
230 840
248 485
45 378
136 825
830 1584
70 1295
353 1505
519 831
172 904
1018 1062
704 1028
412 446
327 435
848 1536
16 887
875 1165
1575 1580
108 1502
584 1391
926 1052
322 1096
678 1295
478 1305
501 1457
137 1036
640 1371
625 837
105 1140
895 1247
776 924
656 1249
136 1212
609 1199
107 476
1211 1412
386 810
568 1076
731 826
570 931
130 495
31 374
88 1456
