1341 986
877 1123
800 1150
261 1092
559 795
86 1011
6 475
419 821
181 1258
472 647
264 380
507 1004
792 1164
479 942
28 252
464 563
750 1158
342 1202
1196 1244
539 822
332 999
323 1207
464 1066
416 513
125 706
281 316
737 1322
509 570
288 1087
49 576
418 797
474 710
207 1022
651 919
459 1234
582 1085
271 1034
953 1239
105 355
365 394
1231 1323
965 1231
377 1308
285 816
275 1260
174 463
521 925
889 1092
209 668
58 508
296 407
272 626
227 713
511 1137
976 1316
7 462
976 1087
848 1167
109 190
232 571
294 891
897 952
921 1309
199 730
589 1074
431 497
180 1153
807 906
208 479
29 1240
558 1086
157 742
119 877
489 1252
111 119
83 802
1092 1145
687 1316
934 955
99 1313
149 676
962 1310
25 1144
1242 1318
619 809
786 1233
765 872
938 943
948 975
363 475
343 901
287 344
561 733
165 467
886 1027
195 764
601 796
194 521
516 581
611 926
1192 1200
19 794
154 183
368 1186
936 1140
396 1028
306 735
357 1338
572 845
389 989
659 1240
467 1326
1 773
77 893
967 1136
64 155
495 750
250 1059
316 528
593 913
888 1248
30 1312
475 1186
164 1172
992 1305
647 1149
142 250
201 574
347 628
352 972
491 1130
733 1072
54 384
41 692
414 538
124 708
101 990
297 874
471 910
258 537
395 951
292 1204
69 610
636 1023
349 426
554 944
1032 1099
903 1214
312 1029
4 913
50 224
223 295
254 777
1204 1300
202 349
782 933
418 1303
324 1021
34 136
563 638
697 965
671 845
15 540
132 271
1017 1073
308 1278
780 1246
1043 1220
166 956
460 1174
579 1265
497 1223
175 1163
103 500
998 1087
295 1088
539 811
334 540
802 1032
448 1056
566 764
21 723
3 260
571 1108
279 1256
301 884
725 766
452 766
215 853
64 1295
365 1286
516 921
182 914
546 562
910 1333
343 877
5 1236
802 1162
50 493
66 321
208 414
880 1063
316 1268
82 1101
6 50
346 891
31 461
671 1087
537 1236
69 1238
1095 1262
104 460
98 398
234 1073
1068 1137
454 1076
433 635
224 641
603 1312
504 686
53 750
314 315
362 593
60 1311
487 862
534 1221
565 809
544 1024
61 1019
740 1335
520 1304
335 612
71 682
290 860
880 1229
1036 1086
590 600
277 518
311 1148
206 336
810 841
315 871
254 1050
780 1236
647 972
180 701
521 1003
45 229
49 1184
443 913
290 1210
298 833
879 958
583 1234
110 1298
152 611
621 1337
262 1157
1173 1194
791 1012
580 667
22 367
1115 1338
750 1078
39 874
418 1270
897 1286
175 636
60 924
691 1028
423 1223
709 924
504 793
1166 1267
424 782
18 936
274 587
61 879
245 1225
403 1006
374 454
482 643
563 717
15 610
657 1017
707 856
502 725
171 467
395 1007
355 971
909 990
55 1195
686 1336
656 819
715 1143
614 673
142 427
1125 1225
48 234
493 612
90 487
676 904
257 664
812 1313
88 563
542 1300
290 670
715 981
1005 1299
234 955
143 508
807 1064
744 1124
868 1092
994 1079
104 1083
1024 1187
101 529
330 1026
286 574
89 164
94 898
19 328
577 1141
17 395
455 886
903 1162
312 739
129 892
286 1086
228 587
161 924
230 804
338 477
522 1052
140 1148
1104 1197
309 697
375 1298
265 901
1022 1127
553 1295
374 835
448 492
11 1259
503 1056
871 985
867 933
560 1200
274 1233
847 875
652 1283
633 1184
283 1309
103 448
342 739
715 1250
398 738
325 1162
146 275
881 882
1096 1197
290 1213
416 535
172 1334
459 1256
777 1035
869 1020
328 1181
356 1298
803 1182
659 1308
957 1011
620 1200
808 1022
781 1154
72 465
91 716
580 1182
262 616
100 792
17 120
533 1168
450 1161
444 1276
927 1244
362 532
635 816
131 398
152 1238
57 183
320 1051
719 806
434 655
803 1065
328 646
620 1083
351 419
5 914
394 637
480 789
270 830
145 152
979 1119
683 739
253 270
705 925
524 584
171 564
568 776
578 1049
781 920
882 1061
39 1177
183 803
30 710
494 683
180 496
105 731
678 1029
283 1146
817 1098
19 560
758 881
294 499
120 612
468 572
980 1232
98 862
94 474
1221 1304
565 999
829 1179
207 1016
74 523
256 509
92 141
1124 1142
404 1310
521 663
177 1268
125 1001
573 612
942 994
153 425
65 541
410 832
6 226
649 1077
254 328
231 610
109 1231
20 161
623 1223
480 649
388 575
342 697
589 1122
71 719
11 1253
50 1172
124 227
45 172
918 1158
89 1020
44 603
631 836
207 1155
85 1306
461 919
532 552
585 1232
429 966
432 1102
978 1056
175 1208
138 930
895 1287
596 734
919 1077
144 555
618 1158
259 1058
481 1269
1087 1237
942 971
259 411
501 838
355 375
416 1297
576 859
390 1245
48 56
529 1183
405 1233
325 1124
271 924
994 1139
481 981
1199 1279
1271 1295
443 469
604 1042
158 885
224 403
1070 1125
373 383
639 929
567 1160
707 1320
176 1037
845 1043
77 249
243 309
600 955
225 1176
351 1163
840 1202
102 669
1134 1145
126 407
514 870
741 823
156 1073
503 1022
695 1192
174 703
53 404
42 175
606 644
776 1046
1207 1251
409 615
809 814
513 1090
345 432
114 1192
662 1280
147 951
510 774
210 244
129 170
272 1131
398 978
163 568
267 1034
1024 1251
1019 1145
384 634
612 1068
401 476
1032 1273
787 1158
141 409
382 862
1007 1198
715 910
540 927
724 986
354 1276
319 928
837 1024
694 1241
107 352
284 561
38 1183
43 633
16 252
893 1041
24 1028
213 537
1092 1259
735 851
453 1034
166 712
444 824
94 427
219 687
649 927
515 1122
941 983
10 321
86 441
338 1309
204 433
274 1324
538 1114
585 1284
294 735
608 1160
757 1149
302 1252
824 1059
874 1176
412 876
129 1171
225 1157
213 914
213 258
1134 1135
411 942
93 211
498 516
364 436
532 1332
245 308
268 975
128 1053
104 607
109 573
381 1001
541 724
209 1154
661 1153
720 973
1012 1020
6 556
1251 1274
459 529
213 397
102 798
368 518
71 829
782 1079
1064 1295
388 496
721 794
20 1003
32 74
497 1086
258 1051
529 889
382 690
515 1229
203 468
1026 1277
786 798
392 502
1036 1336
795 892
666 970
24 1265
208 1324
760 934
775 1313
244 1268
342 519
344 965
1022 1190
14 821
594 740
811 836
98 387
677 765
81 325
981 1256
1007 1156
272 707
256 690
1010 1054
842 1070
674 839
120 829
693 1127
475 639
277 404
260 333
202 1146
40 293
110 645
110 663
467 644
135 1074
109 927
104 741
433 889
854 1300
188 829
49 1061
933 946
538 1198
289 741
390 555
150 1211
29 1339
259 1127
1108 1329
523 837
25 542
264 824
636 714
381 991
1069 1099
44 811
342 752
430 874
340 553
263 706
708 720
727 1237
237 577
403 1027
157 706
1269 1300
316 879
414 795
324 474
133 605
279 332
251 1253
326 929
193 1330
1294 1311
937 1101
109 513
275 963
401 950
226 1098
717 1079
426 1263
290 826
665 889
389 567
377 1258
711 865
327 592
161 1197
767 927
195 463
56 506
601 733
661 873
111 222
704 1243
718 998
37 1185
19 493
375 1162
155 274
1186 1261
50 81
614 1215
871 1258
69 332
658 885
573 1183
796 935
827 1188
888 929
512 1185
132 1202
1103 1328
297 879
922 1196
438 985
719 855
333 801
628 1073
883 1097
229 1238
248 861
176 845
987 1173
450 828
150 963
321 1330
127 1199
93 667
292 638
1256 1297
54 92
12 175
250 1306
837 846
417 1154
497 1183
834 1195
765 934
323 500
113 919
55 658
1166 1287
975 1054
550 1018
369 1281
751 779
136 902
75 1310
279 969
621 1325
641 647
1120 1167
165 538
771 1251
587 1341
60 1285
114 600
919 1284
575 958
1229 1330
137 476
152 855
925 1327
255 1115
702 1008
977 1136
469 666
831 902
525 957
800 1332
554 773
439 1061
75 766
1146 1322
576 1295
918 1324
160 343
443 1040
914 954
13 571
585 1142
191 330
529 545
916 991
275 1303
219 886
781 1184
748 1007
380 611
705 1036
181 1305
420 1312
246 769
523 916
338 1279
691 881
37 357
201 874
195 803
592 1006
570 591
18 789
402 873
265 382
381 423
1168 1309
328 429
462 1174
397 547
559 945
58 1090
183 1112
791 1251
620 1122
202 1211
1086 1294
367 1189
632 944
913 1195
685 959
551 1117
724 798
216 718
1056 1280
861 1032
196 1325
605 688
631 826
48 505
31 443
184 1189
131 378
60 98
497 764
309 564
114 316
1089 1313
418 718
225 830
185 1270
68 596
1040 1119
209 306
150 409
632 1074
486 1118
280 1260
796 1176
17 630
221 280
157 515
75 482
45 719
933 1321
1014 1255
79 870
202 950
580 1292
598 1188
638 1004
410 579
442 1178
307 468
53 1226
487 1329
594 1074
255 723
253 762
381 1195
1051 1169
119 542
311 465
420 1275
361 969
531 752
238 737
626 733
480 688
415 806
79 1009
641 1032
1207 1291
327 702
17 396
704 917
486 704
394 868
122 836
505 717
809 1119
30 335
279 801
799 944
471 962
98 878
311 595
543 600
801 1124
16 180
327 558
597 818
121 471
593 1104
277 1124
504 739
99 1099
634 1114
653 737
1139 1268
976 1241
86 104
663 1168
727 1171
292 447
184 1161
513 1071
387 855
587 1029
493 1111
48 77
487 951
743 1304
1058 1316
47 774
285 435
80 969
973 1110
387 464
583 1004
329 779
303 1117
388 447
320 392
817 1338
21 254
559 1339
955 1150
128 716
818 1172
1038 1175
902 924
312 555
603 1122
74 363
720 883
710 848
451 1262
