1600 3200
483 1438
1427 1588
1123 1527
388 1483
436 1334
1493 1494
876 940
414 1568
1004 1137
253 475
1066 1289
1093 1307
1043 1151
666 1012
1273 1340
1159 1186
253 1172
407 1475
898 994
130 1135
755 1386
196 1082
675 1212
698 899
81 489
843 1321
237 541
68 1491
408 719
265 1013
599 1044
141 412
581 863
1456 1467
456 790
216 1069
236 439
374 547
634 1596
245 679
872 967
488 868
1487 1581
181 861
228 769
665 985
153 405
1011 1306
593 904
170 1499
178 1154
925 1410
158 1148
246 352
526 1580
16 209
1128 1227
64 1258
1008 1113
215 1487
187 769
655 976
1257 1547
1210 1342
1190 1215
168 1239
6 892
1000 1137
184 387
1393 1502
56 190
1170 1287
333 691
602 765
259 748
697 1367
770 900
184 523
1465 1496
924 1415
958 1263
762 1053
422 657
316 1030
1280 1501
642 808
141 1274
399 1594
176 1374
261 305
448 805
837 1415
1371 1393
703 920
101 119
48 1055
512 1457
255 324
704 1297
633 1591
451 776
177 1235
1001 1550
782 1169
873 1531
850 910
908 1130
86 1055
54 883
27 509
284 1139
522 862
546 754
150 1121
163 1263
202 712
423 1139
796 1390
260 1353
617 768
328 1404
318 1245
283 1097
385 510
392 1120
160 404
990 1153
370 809
622 654
486 734
1423 1584
165 710
646 1147
306 967
70 560
485 1371
988 1270
216 1449
446 721
722 1295
71 1572
336 879
802 1451
401 737
162 487
793 817
365 1112
816 1118
314 354
29 715
855 885
556 1520
858 1214
43 311
481 922
18 562
492 1221
756 945
1057 1591
581 1343
533 924
750 1186
703 952
703 971
213 1259
209 998
941 1550
105 1562
5 1558
139 961
1311 1362
1515 1520
398 1202
416 892
1049 1090
530 987
9 16
818 1440
869 1578
735 750
1340 1368
37 642
252 1134
153 1462
1022 1424
977 1465
251 1369
110 1405
520 1491
578 1073
882 1485
130 523
180 1252
1330 1598
343 344
489 1279
441 856
171 1439
256 610
45 134
813 1476
1313 1581
459 1447
407 1233
738 1339
695 1206
1310 1385
286 1090
421 469
76 218
853 1002
570 635
132 278
857 1452
190 294
44 1228
26 1346
1483 1587
1143 1408
247 1015
551 1015
77 377
7 785
1240 1329
78 1361
168 1389
569 1483
807 1562
1285 1298
368 1217
109 669
272 1199
174 822
696 799
895 985
420 1364
401 1337
683 1537
939 1266
1013 1400
1454 1556
560 1038
6 1272
69 1589
252 623
135 640
1272 1589
317 1295
189 1448
918 1554
877 1427
969 1567
249 845
55 258
628 710
1043 1418
7 47
1021 1571
816 909
357 1245
825 1550
455 1293
283 568
524 1428
849 1562
335 1344
273 848
1035 1366
432 1071
18 1380
1348 1440
169 944
1248 1314
19 229
643 1222
216 1110
240 1085
760 1131
514 1542
989 1129
1291 1574
986 1117
808 1186
470 903
852 1143
1497 1600
854 1291
736 1166
699 1436
19 1177
667 1360
874 1000
1038 1285
600 869
128 1572
1275 1476
347 1286
578 1088
718 1198
772 1163
120 517
639 999
27 189
196 1138
231 1600
229 1021
291 682
90 775
670 786
248 1378
127 659
141 238
58 862
627 791
825 1370
133 517
365 871
603 1133
174 525
569 619
806 1092
444 1336
264 1014
457 1462
1299 1594
219 1437
250 1546
373 560
1478 1563
402 1598
88 886
46 1065
985 1519
317 686
613 1402
442 445
482 693
541 1314
999 1540
515 983
459 1012
199 392
7 1479
223 278
243 397
1199 1389
562 723
305 857
1455 1574
168 1154
147 590
417 685
922 1078
1041 1176
296 378
550 1003
379 1420
430 1359
684 1120
852 934
50 963
487 1464
51 404
210 522
328 1388
1081 1402
292 713
431 1044
315 347
725 819
908 1337
80 1202
343 484
427 625
504 643
1152 1191
1503 1585
320 1202
584 1204
143 545
51 321
111 474
936 1351
295 358
630 680
103 608
10 1108
524 998
554 623
301 1254
720 850
80 647
173 931
102 1560
275 1220
609 848
1063 1512
6 721
359 1296
872 1231
749 1473
341 835
609 1183
822 930
525 771
1254 1307
160 1398
238 537
1548 1554
235 1106
48 465
338 1114
492 1416
508 1077
439 1410
329 1173
10 380
572 946
776 1232
1197 1376
1115 1508
366 406
176 1349
741 1146
1193 1433
685 1005
262 792
885 1307
228 532
104 903
179 1524
731 1237
973 1116
6 771
464 1388
812 1316
25 173
47 231
416 1506
408 1054
270 544
193 210
29 594
1096 1111
419 1375
22 1414
361 1478
743 1070
397 1465
1439 1479
984 996
336 1109
479 1450
674 1419
342 940
228 1251
1246 1587
192 506
676 1045
1133 1145
22 964
429 1362
207 346
409 913
461 1484
959 1311
1111 1275
100 200
257 1271
359 1198
484 1233
497 575
123 221
326 1392
205 1556
793 1083
480 1162
279 583
620 936
207 1016
468 746
628 893
1299 1558
989 1267
303 430
64 579
742 1362
108 1403
74 1082
470 1481
563 1467
781 1559
1259 1453
505 1146
943 1493
701 783
118 688
1148 1226
479 1577
674 895
243 1189
1273 1348
1119 1142
563 1554
704 1370
884 1032
974 1230
372 943
292 462
1033 1058
465 837
1331 1521
441 863
393 505
747 847
376 546
504 687
63 83
246 1358
545 1311
945 1255
214 1360
1092 1303
238 1540
126 921
130 1584
226 731
824 1282
15 428
462 891
284 453
735 1572
529 1410
86 1389
353 1222
420 757
73 265
1274 1347
101 243
373 1257
166 810
57 1095
1090 1118
390 1414
923 1135
758 1024
955 1241
973 1373
437 679
93 498
801 1196
330 827
347 442
1201 1474
1115 1324
1034 1362
142 832
217 957
244 1040
1161 1545
576 908
834 1242
717 1496
58 587
333 481
24 180
708 1006
400 1233
378 969
220 718
1570 1583
136 533
1183 1288
195 410
752 1256
1250 1533
956 1384
230 846
141 901
449 1167
357 1471
1164 1505
269 761
824 1234
162 287
1034 1418
918 1205
1239 1523
435 457
16 1432
375 397
60 357
389 1059
327 1546
241 1488
713 974
154 1256
292 971
237 1524
1063 1341
190 1304
8 660
1395 1421
259 783
289 1212
24 1499
414 844
32 750
424 1522
380 559
81 510
384 1184
439 1012
164 1328
262 838
299 568
75 1206
714 1015
542 610
1004 1379
1545 1590
727 1133
136 1229
63 972
302 441
5 611
663 1382
820 1523
184 1489
171 875
740 766
405 1390
1525 1536
338 605
331 820
566 1117
462 739
938 1259
82 960
13 659
254 1249
1144 1469
290 823
1215 1317
1172 1278
55 1470
1336 1338
216 446
664 1473
427 1511
359 716
124 307
58 663
496 1132
1472 1477
1226 1443
198 955
219 1411
1213 1414
1125 1393
364 785
564 1287
319 907
39 1057
763 966
881 1140
584 807
193 245
695 1087
395 1382
1105 1124
652 1101
213 920
192 1433
913 1069
392 1158
638 690
329 1157
467 1259
568 1223
409 870
950 1341
242 577
1445 1455
49 1466
1346 1530
596 1391
719 1560
192 1504
673 855
692 1268
119 1310
827 1278
670 1319
104 332
12 709
358 1191
1100 1449
360 1047
217 432
352 623
430 946
926 1358
364 397
780 971
309 740
777 1216
526 624
198 281
426 631
310 745
381 987
72 1520
493 1381
68 1241
26 1331
1124 1564
1072 1547
815 1200
55 146
1302 1342
807 865
161 1303
494 800
757 1017
637 805
227 1176
1 51
263 661
42 1257
1014 1211
504 662
554 872
4 75
251 529
97 553
96 529
1010 1391
1 52
151 269
158 765
1497 1539
670 1081
894 1152
341 1312
836 1309
451 1411
240 1565
307 1489
481 564
1103 1564
634 1410
34 841
559 796
660 783
918 961
385 425
169 1171
186 295
893 1443
583 1446
503 1037
1104 1461
271 1236
913 1025
187 220
424 705
509 896
340 1046
736 1446
374 1192
981 1467
1241 1432
379 641
78 210
391 972
1199 1386
191 1345
979 1256
214 1550
400 1500
5 1338
160 164
1173 1500
389 1349
377 1383
376 1552
1097 1474
97 1212
155 1262
1019 1189
101 1000
949 1400
1155 1490
452 828
576 766
181 858
949 1345
1020 1184
953 1552
768 1116
878 1229
847 1007
624 893
811 1042
618 1345
82 211
1126 1594
188 1075
1218 1585
1076 1169
898 1051
287 288
256 923
1075 1435
724 959
31 873
1031 1162
481 1088
112 1506
211 1031
296 756
102 788
751 1287
345 658
1023 1488
909 1352
28 237
579 1514
806 1355
150 359
1087 1313
289 930
286 1218
758 780
941 1158
520 798
455 944
156 1315
437 717
637 1127
525 1405
739 1251
667 1232
1035 1484
138 945
203 1114
75 865
487 978
723 923
726 814
794 958
176 1358
115 1492
1 1206
415 1017
525 684
1086 1554
336 1510
251 1035
38 1191
975 1283
244 566
62 1034
261 540
138 927
273 707
44 1251
722 1084
194 1125
46 585
690 1319
25 279
928 1381
652 1414
1136 1501
779 1159
1070 1125
506 777
375 421
1064 1495
1297 1552
1195 1277
631 1475
1350 1542
1323 1537
453 534
1072 1483
340 865
418 1360
1037 1067
567 654
152 722
1023 1288
308 1537
1254 1574
98 967
917 1387
724 942
12 606
73 936
391 1059
660 702
56 1131
201 482
57 1500
319 1192
356 1502
808 1398
1295 1522
1402 1560
763 1016
760 1062
880 1265
766 1128
1201 1359
849 1357
175 1352
203 1398
326 491
185 1596
505 1548
271 1450
846 899
304 488
1415 1504
1134 1355
526 1512
502 532
588 1381
1018 1305
555 1429
529 1183
681 825
440 1057
297 1277
508 818
592 1094
1436 1589
1093 1185
477 686
954 1363
36 612
413 1112
175 1238
596 904
600 909
543 552
723 1396
558 1040
1014 1126
18 347
341 785
318 1435
668 1029
364 1557
26 253
996 1197
419 946
516 915
770 1264
14 1567
648 700
367 1315
1087 1343
1106 1494
232 990
700 1144
617 1266
33 614
293 474
144 1407
276 651
662 1479
91 637
150 1122
268 860
272 860
85 310
17 383
856 1407
678 1248
505 769
34 1515
131 1537
1378 1536
112 1112
698 753
1106 1167
925 1225
1277 1318
77 1459
575 857
531 1101
221 996
593 1001
73 826
783 813
362 710
56 78
605 1329
845 978
1213 1394
585 1528
340 755
1539 1575
1280 1447
1505 1516
740 983
446 1098
475 859
1342 1383
498 1561
167 801
358 393
164 1337
346 1422
758 1301
82 1553
121 156
1063 1247
931 1161
1296 1424
123 999
114 490
416 1039
194 321
92 1580
1325 1573
11 1384
472 784
1081 1497
897 1538
1153 1482
503 552
476 599
388 863
322 928
309 1519
1260 1440
24 176
300 1499
407 1468
375 1304
177 1420
671 675
119 1597
978 1322
30 1082
419 980
128 1448
643 1309
183 627
678 1491
1026 1555
198 791
149 1243
222 1076
298 762
504 1065
1538 1559
20 970
36 842
549 720
322 1521
1145 1195
956 1597
953 1233
664 1394
389 982
733 1444
76 1111
41 742
234 280
1060 1132
65 375
436 1299
43 1283
411 819
612 1276
716 1105
301 753
471 888
755 1432
650 1400
144 457
198 826
172 1403
902 1473
181 1027
226 1126
1001 1430
253 1065
373 1061
440 1286
992 998
1469 1544
108 1518
1434 1498
335 519
155 207
679 1271
66 152
497 1339
657 1048
550 1599
367 1481
1102 1591
1075 1586
118 742
963 1534
851 1269
244 721
443 1162
663 1086
84 385
343 454
93 1545
1060 1253
1163 1198
817 981
89 100
834 1510
608 769
352 453
1001 1416
52 1363
349 458
1074 1196
277 645
212 602
634 1458
151 1345
535 585
40 434
557 1365
572 779
1180 1411
280 1310
62 233
895 972
627 1460
760 1353
778 1010
677 1300
227 602
68 1128
789 1152
802 951
820 1385
362 1598
192 1069
427 1158
794 1551
154 775
607 1219
323 1027
449 1119
910 1096
466 1101
648 1085
1114 1590
33 53
425 1282
50 1251
130 1036
380 1585
17 1427
25 466
19 140
626 1563
1118 1582
551 1354
91 319
968 1412
982 1544
714 1359
833 1409
145 1376
615 771
381 831
606 1422
1220 1248
37 97
85 232
937 1501
877 915
548 1187
64 975
3 495
636 1425
139 480
896 1413
993 1356
574 1179
226 536
110 1299
110 1478
815 1312
561 1060
229 390
248 398
645 657
604 950
368 672
799 903
200 1266
1049 1368
603 1166
736 1138
185 1172
683 1510
823 1386
188 711
376 633
276 1070
599 1048
73 600
207 767
548 976
1149 1231
555 876
300 757
911 1232
1236 1574
28 975
315 1419
127 494
590 933
598 1457
249 857
659 906
368 960
1124 1594
479 901
878 1425
116 1010
317 413
227 1514
360 1218
43 1553
821 828
513 616
804 1072
1325 1330
1332 1404
686 979
1070 1578
293 711
124 901
1328 1531
929 1517
1155 1219
308 1498
719 861
462 1181
798 1243
1242 1254
331 409
952 1178
795 960
163 1292
787 1036
35 1292
1508 1509
157 790
166 577
277 1598
508 1372
1049 1532
382 1577
418 764
729 1452
804 1100
681 1586
531 1033
136 489
327 355
142 966
88 642
586 859
541 1593
513 581
655 1485
21 899
399 1430
355 1037
605 636
403 708
625 1526
422 1056
498 561
854 1230
424 1303
1270 1596
39 450
205 829
48 1214
316 823
122 464
333 1573
251 668
159 617
255 398
1473 1516
803 1426
305 701
233 413
144 1549
833 889
54 336
1197 1549
104 299
635 1269
99 306
169 1147
120 951
301 841
95 890
399 975
1071 1399
941 1487
208 1423
1122 1478
363 1353
947 1503
1184 1558
356 1459
211 447
204 528
844 1442
161 514
145 626
1219 1388
595 997
1136 1341
1155 1253
850 1021
159 591
435 893
542 854
122 512
1190 1193
341 1053
365 1247
284 866
272 890
1380 1479
817 1213
584 1237
189 426
1092 1194
879 1174
765 1022
177 330
867 1105
137 741
604 649
47 415
235 314
1208 1516
127 964
461 498
155 1389
202 496
9 467
267 1194
638 755
1290 1476
22 1155
23 746
278 1404
618 1297
5 320
930 1097
545 1150
816 1211
556 784
606 647
182 447
84 1026
362 943
128 1583
552 1373
507 808
580 779
868 1365
314 917
1417 1451
912 1533
572 1291
354 418
944 1041
288 405
438 960
659 989
547 1176
786 1313
1050 1439
694 1517
994 1527
297 613
767 785
403 1211
29 578
976 1106
753 1134
264 891
1430 1476
456 1104
1426 1507
431 1288
927 1156
582 1305
21 1440
156 878
46 421
1323 1344
814 888
454 1203
215 852
390 1318
53 1088
557 1051
1130 1225
467 1007
1102 1238
919 1512
478 614
254 836
1 1459
8 377
330 1491
776 1428
1019 1269
133 1417
83 447
816 1103
208 859
942 1308
101 830
553 1436
329 611
361 537
1209 1239
1094 1145
157 610
609 1515
881 1429
34 1123
434 1573
224 1374
734 1334
713 775
70 1217
1198 1369
275 1350
294 580
734 1294
261 732
1109 1570
167 1144
241 1527
201 438
619 1535
32 41
25 199
153 343
1145 1187
324 840
76 470
1467 1486
233 295
530 1166
392 1460
494 828
796 1224
411 687
386 1188
206 1091
143 1436
30 813
134 970
87 597
935 1437
259 487
1039 1544
31 485
477 1399
535 543
285 1500
1074 1189
310 1047
1294 1589
586 1281
38 1409
132 423
82 929
51 423
1136 1406
4 600
20 1462
370 1162
1067 1164
409 665
690 835
570 813
1063 1346
789 898
559 746
241 553
56 156
197 861
928 1368
41 146
538 1199
334 1533
644 1513
388 615
105 502
1174 1321
1401 1561
1011 1061
1022 1335
118 1171
225 258
276 1093
140 622
282 866
218 503
507 791
52 1132
222 1431
32 711
793 1303
84 491
366 1472
629 1332
1506 1584
201 1076
685 1225
230 1566
23 1370
573 1275
661 1187
247 1350
135 1272
399 515
798 1260
386 674
558 1085
988 1019
396 597
540 1111
1131 1374
1147 1281
258 907
920 925
709 1088
345 1552
578 733
308 1444
576 994
470 1356
202 562
60 1268
120 867
950 1050
417 1188
632 1493
500 751
290 1507
442 601
325 1083
287 833
1427 1466
890 1207
917 1517
111 212
124 1223
639 967
980 1526
31 959
196 1175
1287 1419
951 1513
419 822
244 652
968 983
68 1129
749 854
856 1461
495 1284
520 555
875 1151
759 1497
159 304
150 770
1030 1396
561 833
700 1399
275 443
380 1252
182 1089
1399 1462
353 1372
2 41
154 653
727 1480
789 1576
114 1587
551 1569
782 831
555 580
1166 1521
94 129
152 1107
400 553
488 570
596 663
254 1549
197 752
666 1023
611 981
40 1496
53 1548
1059 1330
1015 1157
71 448
95 844
1059 1408
699 1581
803 1580
476 1284
793 1443
98 902
3 631
512 1406
445 456
594 824
638 708
402 856
911 1230
14 1408
43 123
1495 1599
302 811
230 1509
1042 1186
191 936
378 772
996 1161
196 888
680 803
754 1236
350 1228
91 1289
235 527
513 1530
104 830
248 405
456 1148
186 262
401 1074
752 966
679 1029
784 892
609 1455
730 1402
636 1321
805 1246
312 643
379 1584
1127 1174
69 834
166 1164
624 1587
672 964
381 821
44 1177
90 1245
420 759
209 1160
1072 1091
905 1475
539 1305
175 310
440 1360
9 411
1080 1182
696 1122
1034 1512
102 586
149 1264
170 387
61 228
463 1542
726 754
929 1102
18 938
739 1387
728 843
1003 1311
12 1020
502 590
616 1249
238 539
413 897
1083 1085
391 657
285 1008
1032 1033
307 904
139 862
1040 1165
92 319
197 1327
170 1430
597 860
607 1078
4 461
1295 1534
717 1586
396 410
1225 1380
464 512
513 1099
1023 1428
209 583
1068 1288
290 1185
1181 1392
509 1193
429 458
277 1173
1306 1396
165 912
45 269
225 1566
206 969
420 888
492 1052
85 127
57 1269
840 1084
595 1354
187 665
21 298
83 91
1026 1037
412 1480
982 1110
884 1275
623 1588
283 1556
116 1551
32 873
61 1153
779 1061
586 921
640 1290
486 1541
218 473
548 1205
131 1258
383 1215
22 782
745 1280
646 1569
153 406
648 1107
656 1386
887 965
997 1443
240 747
109 650
29 744
681 1329
564 1456
145 1475
427 965
185 1010
279 285
775 812
330 1543
52 210
490 1392
67 1273
293 1024
748 1030
42 841
552 1277
1341 1377
388 1553
77 1309
386 1422
1420 1581
537 1221
426 561
918 935
927 1121
42 161
158 916
630 1031
1317 1474
923 1183
219 580
87 1509
693 798
157 367
221 291
544 997
770 1221
24 1196
363 507
105 632
777 954
620 1525
11 1350
1244 1250
1114 1133
1283 1453
1082 1579
781 933
732 1172
801 1147
13 49
1424 1438
108 894
524 885
125 469
849 1261
142 1009
511 1446
1326 1364
1026 1175
1098 1320
669 1011
653 1442
373 1265
31 902
44 744
934 1226
650 974
154 652
1115 1235
448 1135
142 1255
383 1335
275 348
751 1568
351 1370
730 1179
23 647
438 565
203 1180
794 1283
50 740
905 925
278 749
521 1557
901 1169
689 1507
423 1382
800 1214
944 1031
837 873
351 1482
408 673
753 1268
797 1045
534 1456
1064 1451
455 1513
106 988
1046 1180
879 1418
97 1136
325 500
249 404
270 1260
59 991
98 961
428 1091
483 1568
264 1397
1033 1270
119 748
257 995
177 1019
676 871
400 1284
1315 1555
935 1347
313 1048
204 939
494 678
89 1579
1139 1403
20 905
761 810
846 979
506 1484
443 1439
179 683
65 199
121 1417
144 1179
759 1271
883 1094
356 541
461 892
478 1565
471 1575
949 1437
46 1572
83 1567
614 1331
1052 1216
563 941
54 926
422 1108
452 826
707 1583
582 588
889 1445
1210 1458
36 315
688 867
282 1182
976 1058
137 1530
265 488
1220 1407
167 805
162 1213
850 1216
439 508
452 732
827 1252
656 939
106 263
277 391
224 1529
468 1377
1376 1551
594 1209
658 1533
311 641
59 1431
450 1406
223 647
369 1005
372 1363
565 847
469 887
81 671
74 1005
363 858
414 876
528 697
1472 1532
658 1074
280 658
1177 1327
140 1582
424 1170
66 1247
745 1029
217 1503
358 1250
1363 1540
201 477
1224 1250
257 357
538 1304
630 957
147 1575
96 1525
809 1234
122 1203
337 1178
148 1066
246 1077
501 964
58 1489
3 701
501 546
1127 1523
318 932
1171 1334
1002 1397
137 646
69 1298
851 1432
69 517
133 1569
566 700
152 747
707 1464
632 1066
188 1493
792 968
87 701
762 1168
332 591
709 725
596 1054
432 788
844 934
313 811
692 723
991 1401
402 739
544 1322
59 1444
10 1253
961 1352
650 1138
403 1160
1071 1539
433 1372
252 1470
733 1195
496 1229
511 1571
1009 1524
269 534
1055 1455
249 822
321 974
575 1281
67 1418
134 485
522 1265
185 725
1045 1326
186 206
120 869
500 1125
587 1560
229 1401
523 584
291 1179
593 796
102 500
61 734
641 1018
549 1320
620 714
406 1438
491 691
602 1210
445 651
135 1138
684 1067
350 1003
231 1322
507 1340
589 1192
639 1517
797 1176
11 1593
632 862
1046 1511
619 810
629 1577
1113 1504
258 557
169 290
567 644
1280 1349
761 1403
948 1492
93 993
393 1062
328 618
262 433
110 274
914 1298
79 1510
656 1593
60 1423
528 1322
1284 1392
86 838
62 408
882 1573
1039 1333
180 502
200 510
289 577
115 1302
1264 1373
527 1237
451 499
1156 1173
234 694
195 1379
70 1348
265 483
426 799
383 928
1223 1541
1262 1464
1434 1492
117 915
727 1356
1301 1529
1338 1482
802 970
916 987
309 369
332 1518
264 1017
762 1535
899 1272
533 1571
906 1538
178 1137
870 1249
736 1261
619 1588
516 531
236 543
172 202
398 1113
285 980
212 1578
841 1112
245 778
473 1296
61 382
1017 1244
355 1547
573 1083
342 449
1263 1456
1327 1485
1057 1282
836 1075
556 741
39 546
744 1050
1175 1401
107 689
35 1393
965 1351
247 1105
174 1468
1181 1192
696 877
125 1425
313 1335
662 842
1042 1141
518 911
313 1007
910 1086
239 871
431 1197
952 1286
447 1102
340 1156
499 1377
511 1098
874 1471
1084 1203
348 1546
622 1150
492 933
219 1453
1008 1505
323 864
1013 1359
109 995
618 1190
842 1558
132 1434
629 1099
306 1383
200 348
702 1016
194 1409
831 1590
947 1314
112 757
673 1367
86 1081
1107 1158
435 1000
613 1009
1347 1373
1184 1592
193 948
8 1078
188 1094
385 1119
465 1210
48 846
324 403
15 842
1365 1454
469 947
17 729
615 1490
103 1498
1167 1556
1011 1490
1532 1545
898 1100
1044 1543
92 1407
748 958
1027 1328
641 1028
96 702
394 1597
588 994
366 482
573 1361
376 1534
72 698
1175 1377
295 702
938 1352
544 1061
125 743
810 880
437 1167
378 752
667 737
906 1165
165 1396
839 1214
562 1208
626 993
45 140
460 644
366 425
838 1442
184 1539
634 1333
1300 1385
1043 1353
266 988
429 911
733 1562
79 603
266 1200
1185 1585
724 731
114 640
444 818
1328 1416
452 463
334 1190
115 1534
454 719
817 900
267 730
19 282
342 1140
933 1293
956 1119
835 1426
1080 1151
124 297
754 1064
370 958
327 474
1132 1470
16 1595
955 1123
115 1003
74 1431
163 1318
432 1488
1077 1156
333 1541
490 1120
773 1340
774 1316
651 776
146 363
417 535
451 995
1079 1129
621 1109
1279 1336
655 830
139 1308
135 572
106 1068
227 1486
527 1590
134 1265
1143 1400
795 1276
582 1421
1196 1317
738 1513
272 1525
123 1028
100 674
919 1261
158 680
128 1016
394 1486
489 675
778 829
676 1480
624 1391
729 949
583 1323
183 1457
89 971
90 501
601 887
804 1398
506 1300
1293 1384
819 1116
303 1565
628 645
914 1397
1151 1468
912 1220
1301 1382
1069 1121
349 1084
691 742
223 575
242 980
94 991
387 1049
741 1529
749 809
993 1477
266 1555
401 1130
1024 1570
959 1461
395 445
781 1505
30 684
55 63
664 940
1240 1395
4 448
939 1583
344 1268
1095 1541
377 978
631 772
173 1387
1051 1208
1267 1420
50 410
718 1203
1032 1108
852 895
232 394
126 370
1152 1416
537 913
283 360
256 698
603 1464
613 1343
611 1004
226 1413
595 678
67 99
371 837
1056 1279
459 915
610 835
260 1445
350 1381
37 1154
222 1078
27 220
691 885
239 1252
475 676
159 434
297 1036
1204 1576
1153 1559
1202 1304
369 807
744 1098
179 865
1142 1320
1200 1481
322 705
79 178
521 922
839 1096
1319 1508
339 942
35 77
193 518
737 747
107 1465
1354 1569
1089 1193
337 751
1246 1458
872 875
250 1485
1258 1578
268 346
346 1182
64 942
977 1211
1103 1124
460 1514
332 973
1142 1276
117 1107
1255 1355
71 1246
312 418
27 307
1052 1080
876 1369
475 932
530 633
665 1423
478 716
1366 1559
1113 1433
212 957
434 756
457 1344
300 342
237 267
145 795
735 799
986 1293
889 1451
625 763
1208 1324
745 1548
460 766
699 1448
239 402
1375 1469
922 1116
178 708
415 786
1168 1522
276 1170
74 1038
325 1575
547 1463
683 1038
1002 1110
281 649
191 425
133 1046
595 1571
1006 1126
924 1022
338 1249
519 1264
545 1209
162 829
472 1514
483 604
274 977
661 1160
1234 1454
640 1289
304 344
528 1468
304 855
485 907
670 943
1180 1308
274 1337
151 1310
511 1413
396 864
1358 1447
40 1150
826 1542
909 1496
21 955
927 950
218 458
814 1477
499 804
107 743
105 348
709 1395
113 1285
1056 1308
98 664
311 339
116 867
486 1209
65 194
569 1469
671 737
875 1527
554 1460
299 302
629 1137
538 1568
608 1309
535 540
231 711
334 582
78 1095
294 548
205 712
327 626
468 1191
908 1032
815 1446
321 1025
621 1593
531 832
802 1449
962 1148
832 1375
1122 1528
773 1154
851 1274
103 567
1045 1243
365 542
1097 1163
260 1052
1290 1326
882 1383
38 1570
387 1189
2 1260
243 1174
234 803
532 948
211 1140
422 924
443 1157
361 1227
696 985
616 1227
90 109
113 549
821 1062
963 1421
126 493
1224 1394
8 614
482 1018
30 1194
463 1181
308 592
298 520
464 781
1051 1165
190 677
1073 1332
390 1564
329 900
721 1567
891 1121
89 883
1357 1597
463 1357
300 694
250 903
693 860
598 886
1055 1339
750 1025
355 764
63 1528
331 571
1054 1212
1292 1338
845 1347
415 467
726 764
828 946
690 806
558 1522
715 1319
235 1223
495 593
571 1285
221 1243
416 940
287 756
644 699
326 1222
954 1030
1472 1531
533 1543
131 1040
571 1339
76 1178
1301 1306
981 1110
26 316
668 1531
42 480
1375 1595
661 1291
615 1371
372 784
574 705
559 1325
514 1079
840 952
296 382
117 490
66 1242
288 1290
1257 1298
1365 1374
96 213
476 560
795 1388
255 1506
286 1092
1367 1441
704 1043
85 1058
1101 1312
800 825
1247 1488
344 1463
412 839
720 1224
125 1324
601 668
566 984
621 1390
223 1188
3 1424
354 550
921 1294
80 1205
938 1135
897 1417
292 607
254 1394
331 1027
129 132
1433 1524
148 591
263 1276
183 1450
137 906
103 1530
35 1104
311 884
706 986
622 1227
836 1356
474 1494
199 868
576 1553
592 962
1336 1521
916 1453
866 1012
281 519
812 1002
818 1024
843 1477
364 666
1008 1470
953 1397
1366 1474
36 870
395 883
428 768
273 628
479 1395
28 556
1273 1543
286 1595
473 1149
88 759
34 1507
335 1466
362 787
114 281
325 1357
318 1140
240 429
877 1217
361 414
1238 1411
379 1047
591 630
1195 1327
259 1588
692 1165
587 1426
606 884
303 604
323 1595
260 338
189 1515
809 1131
458 887
853 1561
821 1592
421 1577
314 853
532 786
282 1580
688 1013
60 1262
280 714
1326 1450
394 669
864 984
146 905
289 636
656 1379
1144 1526
648 1503
1071 1313
1367 1600
477 519
706 1334
71 728
834 1390
539 568
563 874
1187 1582
637 970
894 1159
13 1230
148 746
245 524
172 1361
1266 1335
962 1532
70 864
712 1076
384 1263
916 1149
695 704
530 932
790 1508
930 1305
654 1576
569 1519
687 1442
384 1096
570 787
686 926
433 495
233 1481
1351 1563
1108 1201
291 1504
579 914
116 1391
536 780
983 1429
681 910
172 1231
1274 1435
523 579
845 1586
257 497
653 914
65 471
827 1258
912 1502
195 1006
121 246
687 1207
830 1538
267 1064
616 1330
675 1499
1239 1253
12 592
598 1177
215 1261
706 1448
138 1563
95 764
1236 1279
472 705
317 1564
1128 1490
1222 1235
589 945
516 937
444 468
147 1292
839 1025
113 1460
973 1068
1036 1066
794 1600
230 296
442 1366
1294 1519
1244 1540
989 1502
113 731
386 441
279 1509
455 682
667 1307
182 493
225 306
653 672
969 1228
1449 1480
438 1457
129 680
1405 1494
1207 1445
428 982
393 1157
305 466
107 1306
649 727
79 486
256 1271
88 1528
557 815
780 1207
987 1042
917 1170
672 1021
510 671
890 900
1129 1267
820 921
646 1164
1028 1342
112 326
649 1221
23 66
712 728
932 1434
39 354
1009 1592
929 1544
430 1471
1062 1518
889 1405
1117 1551
404 1579
239 1093
11 1091
303 501
131 1415
217 726
660 886
252 1413
166 411
47 920
539 639
129 1245
100 565
1095 1200
271 1511
662 984
174 1447
374 471
800 956
417 692
882 1482
990 1324
28 697
312 1321
9 880
1461 1535
242 768
1077 1547
108 208
1020 1297
10 550
72 371
1028 1501
688 1141
577 1240
693 771
20 1286
878 1555
715 814
67 1372
677 1146
72 589
774 965
743 979
581 1346
14 1079
345 1452
126 1419
236 450
838 897
673 792
337 1526
433 538
777 1316
183 1080
454 689
968 1489
171 1178
1018 1238
197 234
682 1141
449 1312
273 896
368 608
1006 1422
472 1516
574 1241
75 522
480 1089
1229 1429
819 1431
324 1130
298 951
170 735
149 473
322 1557
437 1385
587 1435
374 1050
369 1109
164 381
203 574
288 767
167 349
14 954
121 320
92 598
934 1380
476 1231
962 1329
654 919
812 1234
937 1492
80 406
94 824
59 168
220 1204
1068 1218
966 1536
284 1073
225 1425
122 787
299 542
15 612
271 1270
772 1004
516 1364
986 1376
352 1523
998 1333
1437 1471
111 1323
309 1591
367 1599
1099 1215
590 1039
84 163
49 868
859 1406
312 1160
236 1421
484 1171
93 1142
937 1139
215 460
871 1546
179 1404
1048 1412
758 1599
904 1029
607 1141
1232 1557
689 1441
351 767
143 301
453 823
143 565
40 261
605 1117
395 831
2 1065
274 1487
45 1118
774 1576
165 782
49 760
353 1302
1237 1378
160 540
848 1529
371 543
992 1428
13 57
551 1103
410 536
349 521
1240 1484
599 1355
95 1100
497 765
526 585
977 1444
173 902
62 315
558 948
459 1020
1146 1216
147 1086
1364 1579
695 849
1244 1412
997 1463
549 1379
874 1143
149 1582
855 1205
435 990
148 788
320 351
247 268
205 1409
195 1099
248 621
350 554
186 1201
669 761
1495 1561
328 926
99 155
446 633
491 730
412 685
356 788
1104 1217
175 1168
811 953
503 517
222 617
54 171
999 1384
302 484
270 789
896 919
588 1115
645 1387
224 1228
1058 1168
991 1369
732 840
515 1256
191 515
1219 1518
7 879
15 106
255 694
204 266
478 1281
339 601
371 992
1412 1441
677 1498
466 666
797 881
334 573
1005 1325
118 992
536 729
263 1278
1007 1459
206 518
372 571
94 1520
706 728
1163 1194
99 710
204 1349
642 1289
547 1060
241 527
1351 1354
111 870
37 1267
208 773
703 1566
518 1150
724 869
881 1120
1053 1255
651 1535
612 1054
38 187
496 1408
465 1041
635 801
151 792
716 1316
407 880
232 1067
242 635
293 1226
396 843
594 891
806 851
625 931
707 774
715 1378
627 1331
499 778
436 1596
773 1302
17 117
214 224
339 1458
738 1511
1169 1262
1090 1282
722 1182
564 1452
589 907
268 1566
53 1035
655 1536
1159 1368
360 1161
81 389
270 493
738 1332
514 1361
1314 1463
1056 1188
858 1014
1466 1495
138 1454
87 763
713 1127
2 1486
382 829
1296 1592
957 1318
182 1235
935 1206
335 894
972 1333
509 1348
337 1053
1079 1149
567 1565
1073 1087
791 861
682 1242
431 620
638 1344
847 1441
718 1320
797 1185
963 1204
597 725
345 384
353 1317
697 717
1044 1278
440 450
213 250
1315 1371
534 853
790 848
161 1041
1123 1134
444 886
214 1248
832 947
136 181
995 1343
157 1047
720 1438
33 931
294 1549
323 521
180 866
33 1089
316 863
436 1300
