1600 4000
475 1303
435 1433
254 1397
174 987
469 1147
1312 1330
827 1352
442 1301
707 1328
397 770
87 1096
817 1487
237 1257
547 1006
79 421
1184 1582
887 953
222 903
283 834
1192 1518
1131 1598
1006 1168
434 1107
274 570
767 1030
327 1129
444 1251
125 1210
121 994
801 1360
3 610
761 820
64 1109
226 1047
77 233
413 1078
57 1271
1347 1483
896 1022
494 1470
265 794
998 1253
662 1135
743 1095
462 1140
962 1561
1173 1182
869 1242
1349 1376
3 511
65 648
111 773
276 943
367 950
787 1464
286 397
631 1163
869 1293
675 1586
880 1204
912 1240
221 922
542 1176
1017 1040
481 1421
813 1561
1341 1353
981 1188
704 1134
321 716
606 803
60 674
1259 1503
236 1105
143 1527
282 1202
1017 1428
710 1374
425 447
1015 1386
198 743
840 1213
55 1039
845 1151
125 1048
1 449
918 1275
744 910
361 888
428 963
802 1012
1416 1506
395 486
830 1410
726 843
448 1243
338 1414
241 300
16 1220
1172 1363
20 93
341 1452
885 1143
164 327
234 1583
157 958
389 443
138 852
1026 1302
345 427
32 1325
959 1249
783 913
715 1296
154 257
827 951
487 756
320 1276
18 670
503 1388
792 1577
1148 1412
487 886
661 1472
847 1158
518 540
336 1177
163 1218
208 1393
61 1420
460 1187
442 658
169 418
496 1117
418 1167
214 1514
55 446
206 1046
38 537
1065 1111
298 873
362 463
661 1004
52 864
307 838
938 1513
1491 1534
322 843
980 1125
1350 1465
336 1024
658 1406
150 525
118 1568
1025 1126
190 966
168 1054
998 1366
47 1264
997 1032
875 903
149 562
1028 1488
384 1079
233 372
935 1155
597 868
178 313
717 1556
106 636
1196 1311
530 881
109 1106
1038 1463
1527 1544
834 1209
318 1277
584 1004
659 1182
197 1261
22 661
630 1243
20 1327
241 768
215 1566
758 1499
1040 1163
283 1228
216 487
66 588
1516 1562
9 1541
985 1155
688 930
173 550
610 1402
284 1593
664 811
75 829
655 937
511 1217
745 914
272 1190
22 1544
705 847
402 1543
576 1039
247 266
1225 1316
407 1423
697 1000
472 1085
690 1161
43 1043
1037 1390
303 1194
1001 1082
191 810
773 1145
453 1098
880 1489
1212 1258
636 1257
575 1488
855 1469
623 1145
559 712
789 1368
37 477
184 595
1035 1055
7 1187
22 530
434 608
419 1452
945 1274
1480 1501
221 425
663 1518
331 1332
400 1299
800 1174
53 160
114 633
785 1252
137 419
272 1456
588 925
1156 1429
157 452
56 373
123 1219
552 650
535 1566
1079 1234
341 1351
722 1577
295 1413
39 1532
833 1076
790 890
188 1232
514 1290
547 1191
1266 1293
507 982
286 993
1224 1397
394 1024
212 855
10 266
161 1170
730 771
140 564
774 1383
520 984
298 1350
542 1544
203 920
235 284
450 1388
663 1166
343 975
285 966
906 1399
419 825
181 558
94 734
82 332
27 1306
1444 1510
1204 1567
347 459
541 976
1170 1275
122 761
462 1268
299 868
211 1313
585 1289
488 709
29 1497
593 1540
489 1277
393 497
90 783
95 406
109 730
943 1540
523 960
40 1328
56 964
206 530
302 855
273 1575
860 1363
596 1364
661 1489
76 1033
1225 1287
913 1363
257 622
503 683
161 799
837 1437
1089 1285
369 1256
162 982
178 867
1085 1548
741 1111
325 1003
124 709
101 766
25 1526
377 875
117 1165
269 360
248 1404
771 1133
256 1365
105 577
17 947
543 1348
1063 1572
305 469
272 1241
544 1587
814 1091
220 402
727 904
639 1387
100 677
959 1453
185 445
441 1139
535 1373
22 1415
252 577
1343 1582
416 652
386 1140
831 1278
729 1385
1078 1453
420 1424
514 534
171 664
1082 1180
1005 1459
595 1065
22 1262
312 635
605 1183
180 920
174 1114
512 523
194 355
225 884
9 361
238 1509
707 1588
417 1127
1100 1265
487 1265
785 1206
29 953
919 1221
19 253
606 1123
73 1286
1117 1338
192 1160
728 734
461 502
744 781
1150 1193
630 1427
135 580
557 616
1264 1581
1179 1229
811 879
694 968
389 682
419 814
269 819
210 592
930 1470
230 1113
699 1501
157 1484
55 851
164 692
957 1460
345 893
338 738
429 1166
702 798
34 334
393 976
622 1393
629 869
810 975
569 1457
1336 1483
8 530
207 686
153 292
1434 1559
670 1299
656 1058
174 583
75 1248
508 1472
1053 1541
531 1558
349 1591
706 1069
1198 1473
246 431
308 1418
879 979
934 1101
290 520
292 1113
766 1525
438 440
159 667
635 1413
61 448
760 787
139 932
377 1071
24 1382
52 1059
904 1564
246 1458
1374 1401
255 1355
718 1242
1084 1486
98 590
358 788
203 677
290 1537
921 1211
515 706
1291 1320
731 1086
618 628
177 617
47 919
777 1062
1110 1221
1098 1254
333 1057
455 1569
1283 1362
470 1444
741 1187
102 284
443 1021
591 1198
933 1258
1078 1491
133 1431
245 1245
604 966
34 643
261 323
806 1532
272 450
193 565
1160 1390
149 404
169 1590
464 592
751 1124
1209 1593
538 1394
901 1169
229 1147
246 379
945 1441
270 1348
4 936
193 778
569 1137
818 1236
207 544
39 379
134 683
5 1082
213 1229
59 951
450 1556
176 649
560 744
827 1591
97 720
619 947
564 680
350 552
50 680
665 757
844 1560
1397 1426
829 984
515 1281
1220 1402
742 1536
38 230
87 647
307 716
1445 1469
739 1533
265 1482
515 784
570 796
708 1339
941 1473
128 440
137 704
1178 1531
409 1060
255 412
27 756
976 1361
1074 1310
643 781
464 599
258 303
758 1202
148 1169
335 930
375 1512
407 858
228 711
108 1281
428 666
1199 1510
792 1502
9 1535
215 447
215 436
30 1408
391 1467
535 538
548 1478
640 1041
1134 1402
1335 1552
348 757
888 1568
1074 1557
492 739
513 732
574 1149
601 682
261 868
557 1531
224 225
319 887
482 591
159 1163
1126 1165
970 1068
69 215
655 901
806 1573
612 1153
80 778
23 499
268 1247
456 876
887 1092
861 1264
1015 1447
130 475
39 1391
122 199
1005 1476
1221 1446
731 1404
260 799
846 1101
402 532
244 685
454 1202
409 1019
1575 1591
538 1298
577 1337
241 524
797 1103
363 850
546 800
305 583
95 1096
352 473
713 750
224 295
309 893
616 1516
489 1001
846 1088
533 1290
247 274
987 1511
1008 1415
782 864
85 1551
212 807
375 824
632 1004
413 894
137 990
514 1093
768 1362
212 1241
793 1596
178 208
126 984
131 1480
680 1138
485 907
818 1314
1278 1487
714 1054
538 579
646 1068
657 1336
729 1069
613 1205
390 1312
1456 1536
363 1017
221 1581
405 1564
64 140
417 1206
205 1115
813 1193
205 653
132 1457
261 591
238 467
197 665
366 1026
707 1416
639 1575
484 606
32 639
1177 1347
151 1598
388 725
474 1130
440 1169
437 989
983 1363
1172 1256
211 1118
995 1322
516 886
889 1154
5 755
323 1099
194 1437
719 1318
1168 1182
753 1510
1038 1375
34 411
637 1090
710 909
967 1452
254 603
1504 1546
5 352
96 422
420 830
1047 1598
1048 1137
344 1152
66 1442
895 1241
40 185
436 866
16 110
164 1012
485 857
199 1421
471 684
685 961
62 464
1286 1486
184 577
16 1583
404 428
607 612
252 1041
1263 1387
586 1213
720 1039
424 1377
486 1144
467 1411
95 520
118 611
1364 1482
781 1266
3 103
106 1295
1033 1493
28 1468
306 1331
968 1175
693 1508
382 763
733 1342
264 369
259 636
882 1372
660 923
243 1212
712 774
772 1151
549 874
1087 1243
788 1321
810 1190
821 1488
579 973
451 1370
344 1127
502 1050
1494 1504
314 545
313 1575
263 1511
1279 1533
1423 1541
1038 1205
564 874
721 964
859 936
24 1063
293 340
779 1314
811 993
218 278
324 1166
1200 1331
168 1275
803 1288
470 1524
1445 1455
877 1087
380 1171
907 1546
777 1202
859 1465
239 330
1011 1422
653 765
743 1303
955 1232
179 494
301 422
949 1375
30 1510
1192 1255
172 741
679 1240
598 1229
196 1304
830 985
930 1315
456 1327
737 1130
973 1164
120 317
454 634
33 1262
127 359
1036 1527
1075 1121
136 1443
404 1342
161 845
415 1052
968 1316
974 1403
1013 1157
789 1160
1031 1263
104 617
605 1528
1413 1564
899 977
1272 1459
286 598
1039 1581
105 1209
578 610
475 723
1254 1585
1155 1201
1171 1212
1227 1409
1223 1446
438 1292
708 1405
1173 1407
24 554
57 657
1376 1554
629 1345
912 1258
36 763
90 622
829 979
432 457
393 1264
915 1165
161 1521
144 681
863 1172
732 823
1052 1557
270 1577
1231 1593
16 635
51 749
907 1171
1197 1372
690 842
1420 1450
535 1262
1145 1373
835 1331
830 1241
203 330
668 695
326 388
60 757
921 1452
307 1520
653 1328
905 1343
626 1432
196 1344
851 1270
80 106
1269 1565
944 1352
1248 1578
113 854
633 794
678 1007
992 1489
127 687
508 1075
726 1347
56 771
620 1178
158 1034
432 977
748 755
345 1549
236 747
86 453
791 948
1300 1493
404 1261
1172 1192
728 756
549 619
779 1090
44 655
46 1094
702 1071
1040 1466
1062 1283
212 228
11 1545
430 809
442 946
183 1159
749 962
263 576
696 1091
326 1039
858 989
547 764
92 701
292 452
1049 1110
498 578
481 1234
253 1309
1130 1566
390 562
892 1330
1509 1521
843 957
1292 1481
1282 1395
134 353
186 1451
1283 1391
715 823
214 1545
1175 1395
1292 1382
444 949
1044 1260
34 460
356 865
643 1486
78 1425
608 720
907 1104
1350 1354
1539 1582
428 770
1074 1539
60 939
759 1424
872 1223
505 1246
148 1395
108 843
171 944
571 1054
935 1509
35 1094
129 994
485 1430
1077 1136
140 147
43 699
1156 1430
424 710
282 1502
994 1304
57 306
824 1003
918 1151
801 1383
681 818
496 1451
375 1515
878 1389
1317 1586
28 1252
775 1585
649 1124
355 783
136 481
1420 1513
749 1299
719 1057
990 1096
107 354
1562 1577
657 1584
501 948
26 1408
528 1319
216 1257
699 932
72 1530
1470 1596
676 1090
244 780
457 854
522 1354
295 786
249 1235
277 777
223 497
1068 1476
459 518
926 1123
652 1234
408 853
117 261
1133 1506
904 1019
1047 1055
320 396
953 1379
335 1144
605 1186
476 1433
418 1189
448 1438
407 712
233 716
418 1503
785 1213
75 96
602 1517
1016 1156
850 990
677 1348
504 574
942 1514
1219 1422
387 793
111 147
695 705
1259 1280
271 627
155 1497
412 1572
588 859
2 1124
715 1080
468 1209
201 290
357 1565
76 637
349 1371
691 823
953 1032
327 1109
370 1450
531 854
114 1448
809 1470
250 695
92 458
736 964
33 709
490 858
1174 1218
740 837
42 217
50 1201
66 1062
90 285
130 969
558 838
398 527
533 1279
186 1308
860 1295
1116 1439
55 1069
594 1208
1315 1595
754 1382
1186 1385
294 770
140 782
1251 1254
340 1368
123 1508
100 276
47 1089
153 1317
717 1277
820 917
94 940
835 1488
1121 1278
105 631
293 1496
949 970
253 561
131 1001
158 428
1291 1326
405 787
833 1569
1072 1153
227 1191
949 1081
385 884
945 1112
378 858
844 1522
262 1027
1184 1198
141 873
181 675
328 455
124 267
744 1500
10 94
124 1391
220 810
1314 1329
1061 1207
582 1514
469 685
865 1528
440 998
773 897
533 738
898 1349
383 1326
1204 1432
311 667
111 1224
256 1381
391 831
762 1093
1170 1211
425 529
670 1366
845 1512
954 1159
158 813
872 1023
810 983
1378 1421
261 1235
510 594
816 1366
346 551
868 1272
936 1273
645 827
395 1570
988 1310
1475 1556
250 996
846 1158
805 1056
43 1206
1142 1204
729 1460
648 906
162 614
737 1204
787 1296
1057 1424
1122 1408
780 1426
870 1250
49 667
709 1155
115 529
885 1354
264 1392
1181 1572
1093 1300
388 1145
186 1035
131 516
18 1143
838 1073
814 1212
548 961
126 928
781 1136
940 1350
585 679
516 618
675 889
400 426
29 82
38 232
669 1083
65 79
188 382
89 329
447 477
104 795
63 1085
366 1147
298 831
41 620
155 1425
524 812
25 858
586 1327
903 1136
304 806
1307 1324
648 876
1147 1451
886 1529
36 290
555 1031
548 1025
416 635
1010 1213
591 1596
823 1280
65 919
27 747
233 1468
744 1465
410 458
482 880
1238 1581
152 1251
439 977
126 723
292 543
763 1141
127 478
785 1289
1343 1427
808 1494
687 705
399 1444
8 1232
122 176
1060 1323
64 836
239 1574
694 776
396 1471
124 700
922 932
77 243
923 1336
344 474
1180 1301
182 1479
765 1587
554 971
507 602
762 795
881 1306
385 986
83 1010
653 1399
671 971
1189 1443
643 790
969 1587
23 911
1377 1548
804 1401
170 1429
1143 1488
11 1358
972 1519
166 337
403 1398
175 895
262 281
168 252
600 1360
5 1070
924 1214
851 1244
1515 1594
146 265
963 1167
24 1476
34 1220
44 204
402 836
342 576
297 1162
582 1210
724 1149
343 938
309 341
145 1253
1196 1574
117 210
328 357
128 1293
554 1322
725 991
396 1461
837 1230
702 1210
796 1189
613 822
116 1410
353 426
576 651
637 1331
35 289
545 1355
985 1523
35 967
970 1590
324 354
386 509
767 1220
38 385
188 1230
666 1273
191 1208
732 1371
82 1431
1000 1335
218 1453
849 1077
320 783
461 1477
129 180
634 1501
154 569
443 1257
441 644
275 480
528 979
1035 1448
559 1340
997 1508
852 1226
164 311
314 532
926 1513
338 625
689 1566
590 1506
438 1255
273 1064
650 861
23 926
68 1068
119 412
1226 1234
266 1534
982 1011
1021 1062
139 1340
51 498
370 584
673 1194
317 1208
289 799
587 698
1256 1536
718 719
99 438
528 1435
479 1077
1095 1563
189 1080
984 1111
628 1551
1144 1450
121 1339
54 1554
15 686
470 1128
772 1284
81 935
78 595
860 889
300 931
332 588
1058 1157
947 1367
129 420
19 1380
144 1546
4 1474
1318 1525
227 1197
895 1328
48 1441
972 1540
628 1199
280 1330
729 1353
234 681
134 1079
817 1151
1069 1449
291 567
96 433
686 1500
703 1404
969 1417
17 1170
1106 1321
291 663
888 1463
45 214
54 719
116 971
364 1359
729 1361
316 334
387 809
909 1351
82 398
939 965
1080 1446
96 429
460 1096
70 736
746 933
975 1112
977 1215
1089 1237
898 1014
1070 1489
1438 1574
921 1321
120 1381
302 597
1009 1211
1120 1494
1013 1372
637 669
659 1325
746 1309
465 1176
613 728
359 914
604 1279
118 1365
359 856
1043 1370
69 437
319 788
425 701
4 127
83 135
1178 1233
627 1244
367 1255
671 1522
179 1342
746 1525
413 751
541 617
118 1597
78 601
323 654
315 316
383 1116
425 445
991 1045
56 870
213 1153
14 136
416 1574
353 705
773 936
632 1219
189 703
517 1007
130 1550
824 1123
69 117
573 1455
1485 1555
395 595
821 1091
893 1522
628 1485
306 1586
599 1129
507 1026
482 1004
928 1371
371 1088
849 898
674 1599
842 968
256 753
51 992
464 1287
21 416
114 431
266 1447
996 1529
883 1403
674 880
162 473
368 867
318 737
332 391
1008 1148
31 796
66 1119
348 825
382 687
850 1396
654 1591
408 1026
198 388
193 234
299 1313
735 1083
1353 1496
40 861
1179 1469
527 768
386 1030
214 471
526 985
1438 1529
1231 1250
913 1142
521 1384
875 890
373 1448
1102 1589
363 965
478 561
1146 1430
1187 1468
83 416
237 1122
32 1312
231 1552
1319 1500
352 714
247 1400
159 946
418 1247
1579 1599
104 443
1182 1249
93 1383
119 1180
1081 1529
1064 1465
727 1268
244 972
185 1428
128 172
1456 1559
259 1429
535 900
782 1313
1472 1519
183 1301
1440 1519
660 991
746 944
553 1356
492 690
334 1297
108 624
812 1046
81 1239
165 1456
1054 1265
614 1156
511 825
437 956
1384 1445
436 808
537 1358
24 623
716 766
51 339
1029 1325
178 722
587 1110
899 974
826 988
235 938
780 1561
1043 1072
70 1068
519 1377
1033 1042
330 698
201 590
80 647
15 187
42 1157
873 1102
245 762
994 1245
318 1226
1225 1420
387 684
1064 1139
868 1492
58 931
626 877
399 653
433 1419
755 770
409 431
835 1269
16 1158
1000 1406
25 524
816 915
539 867
552 1183
922 1133
1411 1533
492 660
600 851
1140 1543
696 1584
40 365
205 454
929 1405
499 882
1355 1527
1161 1504
41 1081
1485 1533
905 1352
1390 1447
242 1441
354 845
102 636
133 698
498 501
67 412
978 1291
1138 1301
250 1187
25 1174
230 479
302 1444
350 486
1201 1329
133 1450
71 191
575 1073
266 1367
943 1001
111 300
229 1351
139 1289
717 937
206 1590
645 793
665 1063
23 167
2 1222
1140 1317
897 1466
515 1520
134 336
797 1341
107 1403
749 881
1305 1462
627 1332
274 1268
46 1011
1121 1496
965 1302
403 1374
519 1520
698 901
321 1137
131 175
1115 1498
390 928
165 938
799 1147
13 480
1064 1101
706 1294
3 668
340 1417
68 1389
36 582
1100 1203
902 915
1256 1543
1223 1586
1287 1310
281 1356
1327 1412
6 1375
822 1382
1399 1507
705 978
814 1259
303 1209
110 798
487 1172
98 677
1231 1308
103 1408
145 484
507 1303
1142 1484
772 1066
193 674
1119 1286
1104 1351
2 333
58 1393
995 1284
7 960
86 407
848 1317
277 1567
563 1396
101 1135
323 727
736 1067
723 1407
1351 1441
310 673
451 1407
89 1393
472 1455
972 1145
641 1371
156 1365
298 312
559 1401
358 1381
318 333
550 1460
748 1555
1200 1360
533 1599
566 685
1493 1503
483 1235
579 1580
330 618
71 1436
123 522
871 974
158 877
401 638
596 1367
1100 1271
1282 1587
48 113
862 1075
574 1399
352 559
1207 1356
593 654
424 1386
311 1231
597 1247
963 1144
1263 1296
91 505
750 1167
590 1071
366 859
376 1536
503 1329
700 1319
35 477
455 630
331 583
1001 1201
531 1409
599 1196
280 1167
310 752
99 228
59 507
332 863
513 1555
106 753
384 1120
672 1535
1055 1099
146 1302
1154 1304
15 1528
11 1024
296 1073
911 1221
271 931
1233 1348
1024 1435
1065 1571
31 815
149 1173
1171 1385
1174 1473
1012 1442
171 405
321 1164
59 1213
997 1387
661 1117
210 995
403 829
142 670
257 612
1346 1411
386 1458
493 1491
610 1378
421 1418
84 1200
309 1051
288 1542
883 1347
312 855
54 986
906 1332
1000 1028
231 1083
148 1519
1360 1472
831 1081
393 1446
908 911
567 717
789 1230
849 1159
607 1142
242 1345
534 1398
41 146
1118 1548
1345 1495
663 1288
144 1438
1165 1539
58 1018
1046 1498
1166 1520
405 467
413 1053
167 353
860 1280
72 625
1271 1336
177 720
337 341
1228 1476
371 941
352 1295
31 411
1253 1284
785 1038
333 358
505 1266
580 621
183 839
210 1505
298 553
432 1326
1199 1522
1379 1569
200 264
882 899
1131 1524
17 890
927 1332
959 1358
536 724
269 351
324 917
52 589
199 1380
1019 1222
465 700
789 1416
567 750
510 954
919 1073
28 1364
474 580
523 1340
897 996
924 1224
357 1086
1034 1370
260 1027
1490 1501
541 1448
37 399
222 688
673 1102
526 1401
1103 1186
39 974
223 459
1428 1598
439 1407
567 776
88 1344
759 1177
614 1263
217 575
1276 1514
1002 1239
255 902
336 662
691 1385
497 1241
693 1524
349 590
479 1188
556 1265
426 459
603 708
1015 1576
308 426
230 864
692 1003
1234 1419
343 1599
449 834
401 828
558 734
44 466
146 955
264 891
1100 1571
546 1332
109 1197
470 1338
273 1018
275 964
273 849
573 1096
69 1311
10 1423
161 1362
198 1595
91 852
371 797
91 1438
200 1306
158 183
504 1007
764 1254
522 1037
1019 1454
26 1410
254 693
1526 1585
950 1515
629 847
99 244
265 958
838 1434
62 824
394 1087
204 1506
73 447
374 821
1222 1422
605 1388
140 1338
415 736
142 367
284 1454
491 1396
609 999
968 1303
1089 1154
84 698
217 225
49 388
1014 1016
283 960
192 1460
1343 1458
219 514
3 463
791 1440
617 1484
18 761
337 912
179 1319
317 1058
896 1060
142 820
602 691
631 1558
1186 1474
358 993
235 1553
1294 1549
697 1036
548 1167
864 1559
193 1334
946 1070
826 852
12 1065
6 439
173 979
468 900
329 805
598 1070
509 1093
1126 1251
980 1313
441 554
93 742
110 1032
815 824
185 460
544 1289
445 1567
219 1075
79 1416
12 46
948 1475
304 396
587 809
948 1041
73 1570
1119 1580
125 367
191 1272
583 616
755 1190
315 1555
400 776
1289 1513
189 502
1191 1597
899 1570
304 335
200 247
671 899
522 795
481 1372
801 1017
196 758
786 1002
1247 1400
253 778
26 186
109 151
124 834
699 1333
243 669
439 574
296 624
19 1552
373 1408
878 1423
254 987
666 1563
146 834
348 959
746 1573
681 1517
136 226
405 717
356 652
301 1514
285 1275
48 269
80 839
780 1443
422 749
611 1387
494 629
1150 1482
445 563
13 1387
100 732
250 604
8 1273
39 1165
83 784
1108 1369
174 925
334 1277
223 664
1110 1390
268 322
442 1278
78 500
1040 1183
202 382
177 647
490 853
347 659
202 1276
319 1270
141 422
867 1540
99 903
281 1369
251 1149
417 1060
934 1261
612 1229
227 1417
978 1326
1015 1174
260 597
692 1063
63 880
966 1171
19 786
267 1020
592 819
293 1442
97 890
676 1449
540 1294
721 925
112 678
472 1112
58 1549
54 191
86 1203
1056 1136
1045 1464
1034 1248
222 529
573 1277
513 654
1023 1283
153 1291
441 878
26 547
1403 1523
833 1123
861 1558
545 1260
1030 1443
136 957
1020 1305
238 1377
550 1021
475 1228
163 1560
249 912
503 1203
557 771
614 1010
485 1498
517 920
305 1250
364 573
195 1507
1581 1597
767 1154
1059 1060
640 1412
1064 1530
284 1102
408 586
933 1228
400 1341
143 406
752 1505
591 767
241 255
230 802
149 279
449 1236
801 1436
657 1218
159 672
905 1181
555 1232
413 1368
752 1448
369 585
1478 1579
359 1180
127 589
738 1163
1294 1594
758 1168
242 325
1414 1563
76 373
295 384
1158 1454
125 769
497 701
129 1380
939 1025
871 1380
1018 1478
898 1548
1262 1465
695 738
837 1122
251 1148
64 777
197 578
802 1032
890 1516
227 529
1084 1385
509 1280
414 1473
730 1089
38 1097
2 1285
137 1307
66 638
223 703
1041 1242
21 1044
682 1487
227 684
1431 1484
207 907
493 502
245 448
113 1592
1037 1550
688 1381
262 956
351 1486
21 1340
84 945
480 568
289 1424
129 882
208 849
169 853
570 768
511 1025
1010 1104
189 1141
30 911
443 525
762 859
263 392
68 1101
801 1435
1263 1573
571 1590
794 1299
112 1368
967 1056
401 664
328 1337
287 960
747 828
209 1278
88 1053
31 706
972 1356
639 1077
74 317
1053 1066
81 1184
122 624
138 1583
518 1180
727 1497
98 1194
694 1010
203 615
243 603
316 1589
430 760
435 992
700 1593
368 1035
149 1190
56 1014
176 1409
468 1584
885 897
1006 1483
166 1107
447 1320
521 818
121 527
128 1087
775 1503
961 1216
63 194
347 500
1146 1457
684 1557
179 807
259 1394
274 633
297 843
13 109
786 1338
789 910
71 429
47 874
55 1538
115 397
1076 1475
848 1579
345 1494
1052 1313
423 461
595 835
409 1464
816 1129
115 1550
75 1084
1333 1339
92 1108
154 280
1212 1335
346 1002
175 1399
222 362
632 1546
380 731
235 1534
285 1049
402 1524
324 462
707 1228
981 1115
632 879
12 1433
73 335
183 1536
909 956
186 863
567 623
50 1159
697 1123
1262 1307
453 1183
832 1106
478 686
896 1462
315 1541
437 1139
47 342
367 697
1372 1439
782 1109
403 1059
176 1467
360 488
377 853
449 974
796 1184
493 839
421 998
303 1028
76 981
678 714
676 1269
98 1017
618 1571
1071 1515
42 65
916 1196
163 1214
1049 1153
270 626
1421 1477
297 1149
488 1547
147 1284
642 1359
273 1160
565 989
172 294
650 778
258 1596
714 952
251 326
929 936
1 1208
371 524
1023 1245
676 917
118 1203
95 1369
201 335
1097 1579
113 1572
331 684
337 523
188 690
77 676
377 1568
326 465
485 963
923 1013
433 883
145 1396
598 739
347 1166
52 287
102 1547
853 1113
510 913
618 1312
4 120
71 1098
713 1190
401 804
406 865
565 812
220 545
160 983
715 1254
275 342
4 627
539 1290
200 1397
275 1069
496 751
360 560
651 1414
175 525
85 549
623 692
836 856
579 991
1246 1382
1320 1449
877 1005
1200 1565
365 1383
411 1127
62 504
1143 1149
229 554
209 1427
407 894
803 1499
1120 1152
550 1108
152 1152
86 398
992 1391
627 1359
1044 1552
364 1386
376 1240
439 506
704 819
155 991
288 855
85 110
289 800
233 1003
120 1185
900 1496
324 1468
276 647
415 1006
882 1394
206 1220
60 948
278 1406
218 1061
805 1479
329 1435
523 1291
1264 1558
215 1333
389 1499
689 1345
713 980
180 1477
446 1445
160 624
147 259
310 1260
236 1029
563 1244
258 1323
1469 1521
937 1597
361 832
291 823
250 391
888 1344
6 1274
709 1562
553 1572
1454 1472
651 1520
112 892
495 648
209 599
603 1100
294 1243
740 1233
1397 1538
1194 1352
552 593
48 458
1375 1388
1013 1126
1471 1600
1334 1459
822 1406
62 1238
942 1373
162 226
52 759
442 510
63 802
1024 1276
1108 1301
704 1061
1299 1553
269 506
1124 1458
213 1295
169 301
126 840
174 192
1354 1549
654 1527
918 1202
240 1260
14 594
85 374
1224 1495
482 608
81 1357
1388 1427
560 865
1271 1377
543 766
934 1282
501 1119
646 937
92 918
61 1191
621 1298
378 1537
1051 1090
689 1065
106 561
724 790
331 520
981 1252
237 647
788 1497
456 489
498 1288
332 1456
115 1195
156 375
668 683
1433 1556
1343 1396
1250 1374
11 973
512 909
93 1580
202 916
228 537
268 1381
27 1078
192 792
490 1440
279 1371
644 1398
682 1537
989 1359
346 400
397 970
891 1504
1208 1296
246 1522
219 519
115 713
822 1437
1075 1330
83 467
881 916
263 346
842 908
1036 1312
1122 1495
256 820
929 1116
935 1366
687 1379
343 619
466 741
662 710
170 1179
500 800
10 652
65 1092
236 1499
479 1304
383 776
551 1160
1032 1300
630 1308
493 815
477 839
1004 1537
563 1214
558 1249
262 356
1022 1452
777 1481
994 1095
444 848
710 1116
410 883
245 1211
658 873
157 327
398 1360
434 1168
775 1562
108 177
997 1230
207 1346
337 465
894 1464
71 578
740 1589
625 649
70 896
887 1598
446 1564
609 754
279 1436
847 1498
91 733
333 862
123 1285
638 1272
1058 1178
275 1243
361 1571
544 614
660 725
199 564
932 970
48 1216
187 1405
743 812
7 143
593 1444
940 980
138 1467
720 1028
6 833
532 1316
901 1418
218 1412
232 280
314 395
525 922
1143 1463
1148 1308
1162 1551
297 1121
672 1302
655 660
84 714
933 942
89 1169
568 886
1176 1373
415 1503
602 1090
1439 1526
646 1433
759 1249
88 927
87 1042
12 463
1175 1392
218 512
488 1079
515 1285
532 1079
57 745
1027 1135
691 836
533 917
1085 1354
604 967
483 517
596 1242
262 1440
708 1310
640 1532
1106 1367
156 1063
105 1417
107 1297
1049 1495
1139 1364
795 1554
527 1105
134 1307
156 976
1141 1218
362 707
278 415
1195 1490
293 680
53 982
17 1193
971 1361
72 927
1083 1133
950 1567
121 847
816 1549
315 1227
107 975
313 1425
213 978
818 1036
121 1230
222 1376
762 871
825 933
628 833
796 1072
344 1447
672 1414
957 1059
570 1008
14 931
216 794
995 1067
606 688
30 373
1322 1500
171 1139
637 1310
224 1398
445 1274
1426 1493
396 1323
519 860
102 922
312 1107
98 522
389 806
563 696
484 1440
854 1285
279 1116
135 1392
1350 1496
758 792
666 1081
361 950
305 1323
692 1201
390 718
31 1547
925 1395
571 641
79 444
184 364
812 1427
651 808
384 1374
805 993
1120 1368
120 1442
581 665
205 1492
1088 1471
165 914
75 307
26 830
871 1179
112 730
556 1526
561 1103
433 768
1333 1599
1355 1531
826 903
1391 1557
357 1480
1067 1517
163 1512
593 1114
374 619
392 489
906 1535
240 914
73 252
711 1518
103 356
322 800
175 342
152 1214
1051 1215
748 1469
844 1525
617 1114
390 1406
19 745
726 1346
476 911
1380 1545
908 1284
329 724
453 1270
886 1525
37 131
359 1038
1421 1462
17 940
211 644
202 1588
309 910
170 753
889 1432
1150 1217
450 1597
339 383
1083 1132
819 1531
568 1436
393 1128
112 139
539 1511
119 517
538 754
671 1141
607 954
435 1138
748 943
840 1185
376 982
751 1150
1046 1357
1197 1238
610 939
294 1023
832 1531
5 925
494 1523
1058 1576
1490 1556
1326 1574
301 951
36 406
282 770
1054 1223
516 1238
61 565
217 1246
384 1589
793 1341
1535 1580
366 1217
926 1033
733 1378
879 892
779 797
190 434
721 1530
773 1423
826 1162
1393 1576
1582 1587
1040 1293
277 365
8 788
287 1328
517 1542
145 399
271 371
203 1455
2 774
391 569
763 1092
765 1344
403 621
1297 1357
307 518
308 1553
410 1347
360 378
1048 1236
616 1401
779 1181
100 1362
935 1239
7 380
895 1505
1 1379
319 1506
354 609
166 867
713 1168
270 546
220 1573
1296 1578
572 914
97 156
566 1113
132 798
107 689
192 555
1315 1439
602 1290
536 1132
973 1207
920 1185
1037 1305
924 1269
832 1474
557 1414
209 1030
1093 1095
200 299
8 1348
97 295
426 634
1061 1402
190 1102
185 1288
513 1272
947 1031
414 876
1128 1205
491 1594
542 1463
1043 1544
257 754
759 760
123 1542
282 848
946 1588
67 240
53 167
597 1485
446 1311
540 1138
723 1135
198 956
1261 1600
671 1091
221 1252
842 1507
712 1179
251 594
514 1282
54 1563
1009 1537
302 649
113 1269
929 1585
264 1270
303 1487
870 1006
100 1304
1219 1258
1297 1500
1311 1482
1082 1493
421 655
555 1076
542 574
946 1445
381 1103
722 1002
320 349
241 1309
769 988
1376 1458
116 339
668 921
1107 1592
1309 1559
87 1553
871 1188
638 740
582 1523
181 1424
294 385
237 1105
804 1530
435 1565
456 1539
424 621
520 1097
1404 1568
952 1151
480 1251
910 1135
254 1114
239 952
702 786
1333 1468
383 656
458 981
239 1576
1286 1429
190 1509
33 411
263 715
1486 1492
650 862
1265 1459
500 586
74 964
575 1189
172 585
745 966
353 480
213 409
469 1555
609 1361
15 1400
226 1008
37 1028
490 1533
956 1320
1148 1477
255 1226
527 790
536 1455
328 379
764 821
551 1548
331 1357
774 927
608 957
36 677
40 291
49 1413
1157 1239
160 411
195 312
339 1295
322 1451
1405 1578
575 1169
926 1122
216 670
180 906
379 436
742 1542
249 350
11 817
114 730
144 1582
130 756
80 349
207 733
299 1300
542 1538
583 678
187 1082
67 1344
1314 1538
477 883
268 656
815 1195
374 798
839 924
505 625
67 1545
506 1318
259 1047
99 1222
1155 1287
195 1480
282 474
478 1324
1502 1505
476 1045
466 1156
150 1176
420 1016
891 893
410 1504
468 669
308 387
1185 1481
792 1580
385 763
503 642
955 1088
549 1132
872 1405
817 1221
584 620
516 934
1318 1370
180 1384
841 1231
1020 1547
611 1080
483 716
965 1479
521 1288
278 1467
281 1188
1188 1490
153 1045
557 791
182 1128
1134 1218
828 1319
1346 1595
905 1366
832 1471
150 1430
451 1592
473 1300
594 1417
460 1475
640 1050
49 806
208 1099
137 1095
611 895
237 486
105 840
636 1479
214 232
969 1050
94 217
143 243
625 1118
502 504
987 1215
102 688
35 436
1237 1267
1474 1495
685 1146
20 1020
151 641
194 693
90 973
117 1005
170 1516
1029 1140
658 1029
690 1240
45 1027
316 633
209 251
550 986
576 1491
244 1446
892 975
1066 1428
1127 1235
154 917
1217 1225
42 1311
564 978
370 1134
735 1044
286 642
1 1383
280 681
151 1591
1011 1059
869 1349
682 1287
206 893
1224 1275
615 752
382 774
1129 1323
28 1216
905 1115
962 1384
615 1578
635 1016
338 1255
116 1550
306 440
1322 1334
478 1055
299 1177
1086 1586
577 1161
937 1162
850 866
1464 1489
1273 1355
173 1316
240 988
718 1415
947 1551
958 1239
145 613
568 1152
841 1055
764 1466
195 401
104 891
872 1161
775 803
1048 1130
155 482
600 1273
1508 1569
748 1279
543 589
148 1509
620 1346
421 996
242 521
1307 1584
457 1457
159 971
219 738
202 326
874 904
1076 1342
722 1131
712 1389
817 939
559 819
638 1584
394 1515
28 558
319 767
481 1410
1048 1238
394 1510
742 1335
216 1009
518 1540
695 1419
944 1483
288 1113
745 1337
601 1439
491 1109
350 582
1131 1215
508 701
584 901
841 1256
451 634
1112 1560
459 1437
248 642
556 864
784 1345
195 231
1144 1338
176 1485
130 231
592 1436
341 816
1352 1369
15 1107
484 1502
930 1274
414 1161
448 579
1281 1534
711 722
201 699
188 278
422 1349
438 1086
857 1462
351 1293
141 427
1227 1292
863 979
669 1035
556 1450
1181 1315
268 423
781 1502
609 870
147 242
288 1532
286 1565
941 953
365 1125
94 1463
249 437
311 1027
72 1454
1133 1175
562 734
811 876
343 508
372 581
225 1600
313 1042
288 1583
277 512
432 634
573 920
306 392
232 592
399 643
103 406
279 1086
866 1447
139 238
848 1437
154 479
844 1111
566 876
541 1453
219 1232
951 1057
211 546
389 1546
771 1376
171 1303
229 509
500 1173
1274 1422
679 1152
101 731
334 993
329 750
529 1314
346 372
138 320
50 119
79 128
495 1461
875 1127
1019 1050
6 615
475 656
486 619
1425 1554
201 1563
370 877
365 995
226 1236
348 1072
13 63
386 857
234 804
1030 1112
122 727
1126 1247
511 1158
454 1197
497 878
357 1124
165 881
1077 1577
476 1425
772 1390
467 838
623 1014
387 955
734 1259
325 887
51 826
639 1233
358 1315
363 1479
506 1517
600 1530
506 1571
187 265
423 711
718 1324
760 1286
151 988
376 1560
164 820
1225 1317
309 1203
152 1359
835 1061
455 757
362 473
491 1217
177 380
61 456
314 1214
62 846
740 1416
69 1245
491 589
645 1467
144 673
267 454
1434 1590
1562 1575
499 805
472 1226
656 1250
235 493
521 1199
666 1012
495 1473
429 659
310 916
377 1379
397 760
912 983
1370 1505
1103 1222
441 931
238 675
277 752
894 999
607 1267
44 87
756 1335
969 1294
114 850
142 1267
1009 1215
604 962
809 1229
703 1594
68 434
841 1521
198 584
495 1072
1146 1223
232 863
1193 1200
325 463
29 246
153 1003
167 462
360 1392
562 1331
1364 1491
958 1162
532 923
1257 1260
680 1246
187 1576
534 1080
537 885
181 323
84 553
381 1497
258 731
545 1324
92 221
74 1305
679 1271
41 1329
621 1266
836 984
526 1434
182 1568
20 664
703 1240
525 1290
683 1362
49 1378
27 765
585 821
173 417
270 1164
465 519
211 468
1012 1098
1267 1512
452 466
747 1207
181 662
693 854
378 1092
725 1297
909 910
794 1094
162 364
464 1131
857 1138
611 648
601 869
408 1268
381 1545
471 548
281 1007
197 837
496 735
1051 1475
1034 1547
368 1007
85 553
133 1481
1164 1596
1013 1176
494 866
248 1009
616 986
694 825
1078 1236
150 608
7 885
778 1373
37 1292
549 1052
898 1411
245 1534
633 1029
322 427
488 1583
1279 1558
111 1216
276 1426
1389 1592
9 1242
552 679
469 686
641 965
999 1552
856 1589
126 1192
961 1356
110 1031
350 1477
135 1516
761 1432
43 366
783 1084
108 1186
379 697
91 1316
562 1018
897 942
764 1431
473 499
642 1511
1336 1412
457 1340
645 874
9 1498
220 856
231 463
560 1365
132 1170
101 293
997 1109
1492 1573
205 646
1128 1561
141 170
580 1339
466 822
184 1184
659 1237
44 1164
630 708
1261 1539
829 1154
74 1357
287 1524
340 1101
450 1205
537 1461
663 1066
640 1175
1267 1478
831 1178
990 1252
1434 1453
1237 1403
739 1015
512 952
296 589
736 1248
375 1253
674 1544
267 355
1418 1432
431 1043
571 958
544 1400
103 696
317 1404
1002 1146
687 1507
135 178
12 551
581 652
1193 1480
1249 1324
938 1588
10 369
97 689
580 1490
540 1470
29 1062
588 1132
543 1237
455 1422
737 775
116 845
13 88
342 791
150 896
735 1000
368 889
14 1542
540 1066
398 927
327 1415
536 673
316 1363
1142 1268
86 615
1367 1442
1211 1494
347 842
260 728
733 1426
163 950
240 726
50 1049
808 1070
32 1330
1073 1266
1191 1246
631 1567
300 841
1281 1451
225 1375
315 916
321 1182
199 1018
204 1441
504 578
77 1219
551 1543
392 470
795 798
501 508
940 1088
787 828
599 766
304 1106
919 954
125 1334
338 1559
21 737
1321 1529
489 1270
596 1045
368 431
1050 1153
945 992
739 1183
372 851
68 256
862 1196
915 1449
30 234
754 1076
807 1298
1137 1199
492 1369
381 977
45 304
451 1021
750 813
641 846
875 1508
248 271
18 675
42 420
1022 1173
89 1339
46 1430
1097 1419
93 626
424 444
555 581
942 1125
1361 1560
961 1337
305 1098
260 1235
64 476
900 1216
471 1466
598 1105
772 1091
143 678
683 1538
807 827
531 1507
58 427
60 1461
20 224
41 173
572 1137
483 696
313 1517
951 987
339 1233
531 802
172 1305
430 888
1118 1341
1011 1087
369 724
165 355
258 1318
274 1551
104 572
934 1020
432 884
657 1306
381 419
32 1461
59 1337
152 253
283 769
624 804
453 1564
197 1119
167 1570
613 1478
433 1206
828 1595
70 581
996 1557
1281 1518
1321 1342
257 1099
45 1022
782 1579
344 1097
1298 1320
414 1521
769 1129
166 461
1099 1588
310 1134
160 1159
423 873
53 330
603 1244
76 998
769 1181
622 1386
944 1114
586 921
498 1553
1471 1487
119 410
168 1528
461 1034
14 190
1466 1594
430 963
138 667
999 1429
1141 1245
665 728
929 967
224 879
287 1474
462 1569
510 1111
88 1378
301 509
983 1057
526 908
300 852
141 1227
77 404
547 1021
1358 1512
606 799
1014 1519
132 1005
560 1052
780 1026
412 649
725 857
142 980
662 1150
814 1298
658 1067
1117 1535
228 1283
148 423
363 570
484 587
856 1600
941 1037
223 1205
96 1042
667 1449
168 565
741 1110
194 1407
600 1227
534 1481
132 1566
196 913
1125 1206
46 556
569 1325
318 1248
539 923
1071 1395
1185 1306
1008 1462
351 417
311 790
45 757
607 1115
743 985
761 1513
249 374
355 645
72 435
490 908
395 1528
212 1595
472 572
495 870
541 704
815 1476
1418 1459
408 721
644 765
267 501
694 1543
296 1163
620 1136
644 1578
376 1431
133 928
626 1121
285 336
952 1177
862 1415
735 1526
33 505
646 1483
528 1125
452 751
43 1244
236 1132
474 861
566 1108
166 348
534 596
74 204
1046 1482
915 1523
1104 1276
345 1592
1022 1084
1259 1384
449 943
651 1130
291 902
247 354
721 840
351 1044
362 429
962 1419
290 1334
82 89
356 701
325 1041
308 513
1120 1353
536 1499
1255 1358
289 1074
196 572
941 1484
1570 1585
672 1322
1033 1460
314 884
229 900
866 954
182 1550
95 1389
524 1402
90 702
169 1329
23 1435
742 924
605 1386
208 1194
392 700
539 723
292 1410
1117 1413
370 1157
1554 1561
928 1400
1031 1409
891 894
394 902
813 1094
452 483
1280 1600
248 629
1409 1518
587 1428
726 1309
844 1353
986 1056
1 53
21 1047
732 918
959 1349
458 1056
296 755
302 955
101 784
776 1192
612 811
719 793
622 1051
33 797
252 1118
492 668
239 1025
1067 1104
378 1532
372 872
807 976
204 210
380 902
1105 1195
430 892
499 1042
566 1207
340 571
157 1282
70 1398
155 1394
526 803
321 1501
747 753
67 791
530 1189
1074 1325
865 1308
528 1210
182 1394
271 1023
1092 1365
328 1094
297 1541
276 1253
546 990
1198 1457
1392 1593
57 949
25 78
414 1016
711 808
446 631
884 1411
272 904
779 999
189 561
18 283
989 1198
1036 1511
650 1443
878 1210
179 496
427 932
471 1492
1195 1302
457 691
184 1420
706 1085
1053 1327
59 568
81 601
632 960
784 1258
