1600 4000
172 1404
733 1091
737 1263
31 874
326 1497
614 1572
702 1139
644 974
758 1084
534 1349
1176 1231
495 941
59 931
145 977
189 683
632 802
9 1467
955 1357
314 525
303 614
529 698
278 1005
120 579
204 318
60 1090
1168 1521
1425 1466
365 818
544 1141
113 1595
1421 1555
856 1459
1 380
42 447
606 791
1312 1462
980 1258
446 779
18 1425
67 184
258 319
381 1544
981 1290
544 852
188 835
22 863
267 310
1358 1363
1037 1064
285 1050
1075 1283
913 1113
649 1100
274 1487
414 612
855 1589
656 867
15 485
840 1334
68 653
2 1546
1185 1471
67 1397
580 1247
657 1135
181 243
492 1189
172 1417
146 1116
506 793
61 1469
449 912
186 409
122 884
92 270
85 1305
860 1505
1152 1502
608 1116
160 327
887 1563
58 231
920 992
215 979
373 881
677 1206
1042 1120
51 1544
909 1298
693 1574
1075 1450
287 701
571 902
1051 1234
102 438
316 622
99 649
1147 1568
289 946
433 1170
846 1343
115 1521
51 1197
743 1302
92 830
509 1085
1479 1525
1562 1588
812 1548
905 1046
668 1422
900 1271
315 1560
201 1506
428 1082
288 462
11 691
44 1132
352 1194
393 1381
805 1065
304 721
273 1049
589 645
502 953
979 1001
523 651
524 1317
374 1417
50 1503
213 553
38 1317
57 325
205 1236
294 655
1091 1406
695 701
149 1098
679 1526
689 776
170 343
947 1399
225 1344
113 1315
431 566
119 650
520 1251
707 1392
803 881
819 1448
26 735
408 909
57 1287
372 1088
910 1541
350 1561
178 939
208 757
1350 1463
981 1016
174 781
364 612
517 1246
927 1371
52 1508
624 1356
187 1006
990 1362
49 1472
75 531
520 1048
668 1517
1006 1202
336 1532
663 884
423 1025
555 1202
541 582
55 1229
473 1356
790 1486
120 1541
357 800
806 1575
351 1083
591 720
182 270
354 1252
772 1325
906 1565
727 887
300 1550
331 817
606 700
107 1348
315 1170
485 1273
475 529
890 1347
272 1017
1142 1243
620 1146
264 927
709 988
170 780
263 1395
496 980
203 520
484 841
885 1198
774 1347
93 1590
334 727
290 1589
258 1493
1572 1573
153 1069
732 1148
18 109
251 385
299 486
38 202
86 1200
1408 1598
277 1035
108 760
166 1274
287 455
641 886
21 97
863 1449
132 1533
453 642
1281 1514
1382 1425
577 1220
1049 1356
45 839
1384 1505
1085 1181
1113 1201
672 1505
1118 1458
1293 1566
60 1216
183 221
1321 1361
1383 1528
769 1087
764 1555
1114 1274
896 1234
47 1228
188 1410
962 1591
849 924
1114 1467
760 925
835 1420
824 1150
1074 1099
399 1290
1284 1442
789 1411
278 775
492 800
522 1030
1191 1320
957 1258
1511 1565
1029 1196
736 1196
551 1288
1487 1561
1181 1192
755 1044
262 1044
459 1581
1199 1485
1180 1346
349 597
721 804
178 541
76 961
1123 1163
405 453
1054 1115
994 1384
385 811
164 577
412 1152
310 1029
188 481
475 1443
31 238
1146 1339
272 1534
420 1499
236 1185
3 500
829 1534
915 949
244 349
606 753
392 601
35 759
487 978
1388 1482
158 750
1177 1396
1178 1528
199 1374
429 722
363 913
7 358
515 958
1227 1340
288 978
1101 1550
463 648
276 1562
556 1066
402 702
398 625
1210 1277
63 1284
268 298
398 821
142 1107
134 1572
1384 1385
489 1448
357 1143
50 555
1091 1362
950 1364
225 422
497 532
573 910
1046 1300
208 1367
1306 1434
1080 1097
410 738
1006 1502
168 1381
219 1557
180 1564
572 820
1118 1412
959 1365
807 1243
183 661
707 1216
631 1434
716 799
613 1311
366 831
838 883
899 1109
886 1489
332 978
949 1269
42 930
963 1466
1017 1372
153 623
511 1145
229 1054
91 1353
962 1389
853 1097
277 817
224 1165
88 105
363 852
1120 1186
539 543
226 1150
830 1488
35 1211
211 1076
1460 1495
79 438
1162 1541
1112 1474
66 745
896 1461
1444 1594
86 1578
297 1392
114 252
40 1418
592 1569
1092 1299
657 1218
123 1384
1134 1452
248 926
1392 1553
515 1267
234 418
826 1478
576 822
781 1176
582 1000
967 1131
151 1214
542 1106
688 1391
87 389
90 1444
92 201
546 747
144 1054
829 1510
353 1205
268 864
267 1016
556 1448
639 1174
807 1581
744 1539
239 714
410 1218
54 83
179 364
98 740
161 769
1139 1452
1140 1222
710 776
1000 1382
1138 1588
367 1255
411 1533
393 1223
1039 1435
157 1084
1481 1592
447 1284
1002 1430
898 1058
737 1047
139 1147
151 1264
1497 1592
840 1172
446 913
82 1537
140 861
472 617
374 1033
795 1342
1058 1372
630 1199
448 780
465 1272
344 998
1444 1573
706 907
1205 1355
211 1575
1192 1213
1236 1462
848 1425
196 599
619 1308
809 1471
618 647
594 1361
377 418
93 197
498 1266
1111 1520
345 1217
1034 1051
533 892
194 260
6 1469
454 1469
99 580
666 1021
28 513
926 1431
911 1082
1130 1366
65 235
186 1448
1012 1358
378 780
397 1041
94 1202
689 700
88 1103
113 892
305 1042
113 208
1029 1359
902 1053
1316 1527
147 659
136 1492
48 1473
400 1330
425 509
379 843
761 1167
140 318
379 1020
785 866
129 282
342 460
488 1530
384 1141
1174 1474
198 729
130 868
229 1134
1513 1519
219 940
584 1295
580 933
236 1529
862 1194
509 593
257 739
209 1234
421 464
1331 1491
609 966
922 1520
996 1222
540 831
165 718
360 1211
39 440
247 1109
747 1504
467 783
840 1035
684 1261
1284 1515
722 1458
241 1436
106 1063
743 1187
668 1469
169 470
806 1109
565 1577
442 1069
424 1003
1375 1535
319 770
287 463
275 646
1165 1573
742 1596
831 1244
458 474
253 656
25 1376
1336 1372
754 1530
412 511
685 971
52 373
111 979
147 216
46 1403
72 1220
40 1109
553 799
129 1278
235 1054
744 928
1094 1403
882 1597
483 544
734 749
114 151
137 767
79 957
291 1062
645 1322
684 1470
474 1491
2 295
174 975
1151 1474
488 588
798 1325
547 841
169 729
1104 1275
669 734
1100 1260
126 1254
788 1033
301 989
17 731
853 1262
730 907
728 786
521 563
185 683
391 692
588 760
649 1004
143 873
115 982
136 272
129 982
28 88
957 1122
393 883
556 1292
751 1538
331 949
512 928
439 607
975 983
456 1082
555 1212
402 1215
645 1173
531 1104
639 1168
441 1432
1007 1072
1087 1416
692 1290
340 980
157 1332
52 1300
442 635
356 504
155 914
422 1337
1311 1431
173 378
964 1545
508 792
682 1313
495 1027
903 1437
784 1167
119 1445
619 1441
143 1228
585 817
954 1541
1153 1262
725 872
1536 1598
501 1527
147 290
974 1304
436 624
30 327
371 1129
318 706
71 274
1379 1521
74 912
243 1143
637 1478
69 1268
637 1462
293 670
252 800
838 1075
970 1121
260 1367
293 1247
819 902
64 1393
615 764
62 670
846 986
182 971
551 857
514 1439
919 1105
827 1590
58 1197
166 474
1270 1380
815 1239
44 797
438 1042
244 906
316 317
1051 1215
1195 1229
509 1496
1182 1214
775 1339
100 1551
695 1501
109 1395
1003 1233
335 873
261 386
578 681
327 1583
810 820
388 1273
715 1554
283 352
719 1348
337 1156
187 459
463 1020
230 1412
227 445
1036 1537
280 471
242 869
1130 1208
361 601
341 342
597 622
369 1383
570 1328
338 368
83 419
217 249
1049 1226
212 286
932 1353
447 1213
1006 1056
377 468
569 841
452 891
135 626
312 695
146 970
128 814
189 873
172 351
221 946
501 1316
430 1137
681 1092
1043 1347
465 574
344 1516
153 576
84 184
959 964
294 1229
35 1456
228 763
952 1244
530 992
149 895
32 177
742 1251
8 1293
864 953
464 611
1094 1560
291 850
252 782
1049 1437
470 1078
1300 1552
1119 1517
323 450
300 1058
701 1513
476 562
1341 1576
105 652
388 1395
149 636
523 619
1549 1583
246 1001
246 1442
106 1036
222 1173
457 528
450 1405
941 1183
5 754
180 596
985 1428
1021 1287
59 1019
444 1157
895 1339
550 693
265 1454
199 421
1078 1194
671 945
113 1453
300 702
1094 1229
711 1459
519 1402
1 1265
94 847
232 559
928 1181
961 1345
18 910
462 1337
987 1027
353 703
984 1598
171 517
1073 1296
553 714
1052 1246
189 328
401 501
336 1578
704 1254
1171 1257
502 1069
450 1338
80 993
57 407
1416 1531
448 875
678 1337
209 214
1 72
682 1308
490 1575
837 847
122 1053
487 750
120 1016
1377 1546
115 1292
237 759
973 1014
375 1565
131 751
449 776
901 1194
976 1183
358 1259
1316 1482
564 937
306 738
932 954
949 1062
280 746
794 1537
633 1083
43 1027
285 434
1472 1598
1446 1503
127 812
1478 1563
798 895
364 1322
617 699
846 1080
545 980
203 726
93 340
598 964
258 403
132 359
477 535
191 1435
172 369
554 1343
76 627
1087 1457
684 1497
281 1490
1127 1493
844 1009
500 1000
142 665
155 1101
426 1144
562 1118
917 1092
416 439
383 741
1235 1248
876 1438
1059 1088
5 1068
14 615
935 1302
92 946
1133 1334
870 890
83 1161
66 262
842 1165
53 868
1045 1439
627 1295
1078 1188
575 844
493 1300
361 1132
796 927
1367 1517
385 1245
483 1029
210 627
1157 1275
1324 1362
399 923
330 690
210 1301
689 1359
400 523
454 1399
1206 1405
455 1183
426 745
1121 1213
445 1270
171 1313
199 747
404 1507
458 472
602 646
98 483
387 1279
357 880
679 937
1235 1275
592 1529
84 615
36 152
95 860
1150 1309
812 1141
512 1495
78 1089
12 62
598 1289
502 565
591 1472
703 1434
994 1326
1413 1516
476 740
251 1184
1074 1520
695 719
112 1564
643 1209
163 395
1365 1366
507 1555
1182 1562
482 1096
744 1513
427 1368
489 954
428 903
1203 1529
349 1026
578 1544
1154 1359
615 1002
843 1486
364 524
88 229
422 516
208 1498
888 1372
965 1124
659 1126
70 942
397 1394
719 1352
1277 1536
981 1412
69 1473
605 1458
704 1268
386 650
175 1111
305 762
568 1474
256 1591
336 376
560 957
642 974
697 877
893 1249
387 768
386 442
696 709
32 1440
822 1557
993 1262
994 1396
445 756
569 875
680 1376
1461 1559
222 1462
228 1241
1216 1466
410 1185
225 518
1032 1342
167 710
603 1572
47 626
776 1505
256 1335
478 1558
498 943
716 766
139 860
121 548
249 958
605 1031
578 938
63 1179
558 1389
162 178
380 1248
244 777
1323 1439
1105 1182
472 858
153 1259
569 706
128 1226
7 1028
383 545
1542 1592
686 1223
998 1190
613 901
946 1257
1507 1528
785 914
24 736
181 1026
552 1268
625 1166
1237 1264
533 931
671 1021
1301 1302
67 1095
324 552
29 977
951 1586
89 586
667 821
268 459
123 167
973 1518
758 1133
2 598
207 550
241 408
1056 1113
426 593
733 1409
268 663
1333 1374
1242 1490
302 1555
1126 1409
360 1272
66 1174
960 1296
577 664
1320 1526
1097 1487
1124 1261
466 1190
816 1096
160 947
506 1456
901 1403
20 717
399 1042
441 1291
885 1381
257 642
822 944
21 590
1078 1192
749 1499
968 1022
550 787
995 1558
249 832
80 1069
202 1400
870 1405
692 1086
391 510
167 855
1149 1180
1235 1376
208 287
192 1577
527 1325
389 403
1358 1372
128 1209
1025 1362
1090 1382
370 1597
865 1534
307 807
318 432
599 931
647 1222
154 458
170 285
1338 1545
632 1203
674 1161
1238 1451
343 1414
877 1502
395 865
582 1176
718 907
504 1072
626 1151
380 725
432 1063
1208 1426
1 1052
899 1197
439 783
292 1048
788 1304
495 1008
604 919
675 1003
834 1587
232 1594
408 1540
1246 1321
282 607
631 1512
783 1224
975 1516
395 718
1108 1332
215 956
460 817
103 960
273 1462
10 23
594 1424
465 499
57 1193
778 1314
456 770
70 773
1084 1419
704 1191
335 1232
503 1413
271 561
175 627
1060 1062
163 1251
726 1453
284 675
497 1419
1205 1346
932 1274
173 1015
411 882
27 1114
190 497
441 1059
418 1492
1519 1583
183 1318
673 947
599 1329
570 701
1285 1364
216 1247
529 1239
257 931
594 1195
276 777
566 706
415 988
493 700
1110 1403
1294 1527
413 1414
753 894
391 1057
471 1380
1116 1306
828 1280
925 1256
512 713
558 1009
281 1411
722 1125
573 715
507 634
561 1485
240 1252
251 534
559 975
851 949
437 539
55 1570
667 1309
166 256
523 1045
301 402
63 1200
888 1397
12 1550
414 907
622 1028
952 1483
1250 1564
972 981
1123 1468
435 1423
286 1033
524 1309
611 1189
584 976
238 1244
792 932
536 1511
108 935
991 1561
1432 1556
101 1364
316 1465
1226 1283
898 1098
671 1456
969 1361
562 1496
242 419
813 1231
864 1520
1082 1512
190 989
1048 1586
870 1150
513 984
630 942
41 1119
877 1292
63 771
784 921
510 1011
631 890
77 1390
658 972
644 1039
872 1221
739 1551
3 1594
231 417
552 935
56 350
563 874
278 577
369 1196
1046 1338
387 816
234 519
237 335
950 1499
1090 1299
823 1121
132 221
158 878
610 1097
928 1286
412 1108
640 1544
1250 1381
40 966
595 1475
465 543
324 1339
945 1485
813 1511
842 1337
61 1574
1068 1429
1018 1071
339 462
1278 1597
1243 1265
600 1299
550 889
1357 1466
213 1210
1301 1347
633 1323
222 1328
13 893
559 574
77 497
1294 1543
220 1476
335 424
1019 1335
904 1562
106 1026
139 547
341 691
382 812
795 1346
267 1350
1450 1579
265 360
737 991
322 679
743 1377
668 1128
412 563
678 918
1255 1515
425 871
352 1289
1157 1415
164 1533
99 1406
1056 1084
201 1599
934 1419
59 833
774 1435
881 1291
663 1055
735 1074
653 1011
482 1447
238 1251
1243 1285
148 320
108 1582
563 1536
476 696
705 779
245 1180
374 891
54 323
451 1253
1018 1153
745 798
781 847
442 1140
1305 1560
759 1149
757 1398
123 986
375 526
137 1380
508 951
464 1199
606 1034
114 146
617 651
450 1475
1059 1337
675 1486
858 987
1475 1572
257 1122
958 1308
381 1135
452 1390
991 1481
231 892
724 811
87 744
133 1132
47 1510
32 1582
602 1393
524 1257
281 1303
1111 1500
38 771
133 917
305 1152
258 1433
427 1343
461 1335
91 1585
365 973
449 990
1036 1559
853 1023
920 1383
100 1490
386 803
917 1463
1468 1525
157 1580
383 940
1267 1421
192 758
471 628
342 494
936 1295
14 1498
218 780
161 1241
727 1423
788 858
108 123
315 814
3 117
127 285
11 1000
35 1248
20 265
197 296
762 1413
520 1539
636 1287
368 529
765 827
263 1125
207 842
1396 1418
325 948
631 1193
218 308
638 814
104 920
629 1154
309 642
359 935
1304 1360
1355 1427
1044 1115
121 773
621 770
26 850
734 928
362 1061
924 1125
1158 1266
403 894
305 424
616 1498
769 886
673 1497
9 668
682 1249
613 1395
300 1493
1207 1476
786 1386
266 1532
772 797
776 1465
392 1007
426 625
400 1586
275 1125
117 1556
443 1004
1136 1430
84 943
895 1081
680 1508
202 1427
284 1008
1477 1597
243 1264
844 1085
159 1203
1276 1451
102 571
233 241
496 597
217 1252
209 916
724 1519
764 1118
87 1244
532 1341
442 1249
1452 1521
71 1092
730 1561
1408 1571
1102 1221
839 1599
937 1227
306 416
49 943
502 1122
934 1045
527 1297
289 1247
560 1001
672 997
1025 1385
1409 1442
1315 1531
1230 1433
259 275
152 1256
105 122
104 1144
1188 1432
618 1341
446 950
1286 1378
531 646
580 851
15 1209
303 457
63 188
1452 1594
176 766
191 1050
393 1070
46 604
490 534
1242 1552
967 1065
337 1581
747 871
185 570
934 1326
399 405
1043 1569
43 589
1017 1038
36 939
190 985
477 1318
304 1060
109 219
298 1270
19 1177
89 714
37 958
755 1480
486 1507
495 513
941 1307
304 729
370 808
148 1211
337 362
748 1487
1101 1179
610 1517
503 1259
135 695
615 785
649 1178
16 1437
784 1108
765 1506
193 1419
1039 1375
887 1405
1061 1383
4 669
259 590
720 1368
259 269
194 1049
322 451
18 1285
713 1281
240 646
977 1194
340 850
591 653
433 749
1111 1385
138 1310
1185 1457
1258 1370
406 1393
921 1495
504 1181
956 1103
40 585
185 1101
1363 1439
202 233
1444 1587
1386 1509
670 1033
334 721
413 1309
111 863
406 484
302 822
189 349
756 832
549 1503
296 791
326 657
733 1148
140 1585
315 1455
262 515
220 1456
961 1426
640 1023
1354 1492
568 865
971 1005
9 546
935 1459
159 510
59 119
809 1010
999 1525
528 937
260 915
1154 1501
160 942
614 1296
1025 1573
1340 1505
828 1600
152 1184
914 1453
281 918
280 876
197 715
908 996
1106 1145
1054 1269
457 1169
1387 1509
354 1137
216 1559
581 1026
1191 1262
1158 1496
448 982
512 770
638 733
1055 1236
550 626
676 713
75 1523
650 1360
664 1087
565 709
129 1071
406 1463
244 324
595 1169
1101 1315
223 849
103 124
1127 1464
467 1198
712 1181
643 794
794 1454
81 1102
419 785
832 844
628 846
583 824
21 1470
481 1400
1253 1353
703 1445
887 1170
884 1278
1314 1522
294 1333
1294 1401
283 660
298 851
384 478
345 1102
738 1456
516 1557
162 694
116 409
498 1503
1408 1528
26 1401
751 779
146 860
217 821
506 1436
126 171
165 1258
47 277
286 726
558 1565
216 1040
375 621
818 1584
310 1409
302 702
1008 1225
345 1127
157 683
23 986
85 1063
1104 1273
918 1176
1316 1484
704 1236
281 537
959 1053
306 1324
184 501
181 328
288 567
1186 1554
165 682
10 439
395 757
616 636
234 562
802 854
569 1219
448 592
540 882
27 1129
100 1431
7 223
1263 1424
521 1383
333 338
366 1427
693 1282
48 1224
1113 1526
1031 1207
168 293
1342 1378
317 711
41 1107
149 929
312 589
796 923
796 1303
507 1379
127 1265
1140 1168
1352 1497
466 1302
190 390
510 1422
1258 1411
866 1359
391 845
549 1546
1339 1483
1016 1319
237 724
195 842
1099 1498
877 1218
816 1387
420 1116
29 995
406 1324
703 1461
115 579
491 1242
6 91
34 1539
1024 1147
1193 1479
467 1335
451 989
262 526
990 1212
104 587
690 982
398 1332
544 1255
379 1560
293 1507
175 846
307 319
331 924
814 1133
1397 1415
1051 1354
599 1255
332 1589
1460 1523
96 283
805 1386
418 1031
264 727
250 363
676 1363
319 461
355 791
423 1538
414 554
1510 1548
528 1489
798 944
530 600
777 1314
482 664
396 1062
688 1351
180 430
1421 1515
93 1162
214 1259
485 492
155 790
958 1252
705 1593
173 809
672 1108
381 690
476 1072
923 1066
196 1447
357 1105
24 1107
344 1595
830 1571
30 956
1149 1272
128 879
162 898
345 1123
64 752
1085 1173
1346 1578
191 900
1305 1514
384 1199
1457 1569
932 1058
328 1183
972 1442
350 767
90 536
378 1410
628 1529
510 926
210 899
759 862
276 922
248 1411
1095 1318
686 1266
69 930
526 1476
117 1151
303 1297
1079 1398
1151 1522
46 1455
723 1036
91 768
1412 1579
23 444
489 754
227 365
616 1468
70 1417
826 859
48 1182
127 323
458 1283
526 1242
236 1193
836 937
530 761
293 450
168 192
177 466
186 427
625 1583
226 890
396 1035
458 894
592 1172
1083 1377
743 836
286 1399
33 392
87 1416
23 674
128 357
292 1164
815 1183
195 576
118 886
655 883
988 1401
274 1040
854 1162
143 889
401 1366
1249 1293
133 1584
524 1512
160 1112
85 1031
547 750
998 1489
778 1494
929 1234
311 358
1461 1569
1291 1416
377 422
207 1327
739 1154
690 909
1010 1533
427 753
102 323
823 1343
905 1132
871 1314
68 296
110 603
204 692
660 1159
925 1178
1057 1073
967 1469
105 114
856 1479
1136 1348
600 901
530 1355
197 1374
354 1209
65 1446
957 1531
549 1569
108 1220
389 1365
309 396
1155 1528
948 1205
608 1099
89 1501
834 1094
269 751
76 1356
513 1126
636 1209
632 1486
297 389
434 1580
347 1015
125 193
811 1553
37 1484
278 1501
372 1270
480 775
95 1538
52 1588
519 1530
1319 1387
1307 1571
420 608
169 386
237 878
288 969
1441 1582
1168 1554
101 1071
49 1378
962 1077
154 546
98 971
1091 1208
400 790
292 1081
833 951
968 1156
818 1349
483 1570
119 142
1356 1391
649 916
675 1349
410 739
989 1493
688 1293
843 1323
164 629
1142 1341
78 854
250 1461
79 906
227 1050
502 1333
1182 1313
154 1507
459 1297
288 436
712 1037
438 474
58 1473
907 1024
79 1427
1195 1424
54 774
699 723
155 791
750 1077
102 1357
953 1050
1076 1286
342 413
500 1320
263 1022
921 1126
609 645
913 1215
78 1440
258 1041
508 910
307 451
560 1585
121 174
788 1140
175 762
251 967
416 1574
630 1387
1037 1283
46 1179
30 738
772 1094
1014 1131
985 1086
134 1549
153 1099
246 313
1132 1201
90 169
1047 1293
75 1568
746 1282
69 662
72 206
330 881
182 246
339 1316
376 1039
1082 1158
541 1198
298 545
479 1553
280 1102
505 1430
854 1357
652 1024
211 224
138 1449
1361 1567
666 755
161 223
159 779
1334 1472
181 790
560 710
994 1557
195 490
330 816
748 891
564 1165
162 1481
548 1233
453 720
34 636
493 1310
337 1566
852 924
731 815
565 1141
173 1336
31 168
305 1166
390 810
492 1153
589 741
505 1518
181 1579
388 1331
455 1037
1064 1292
534 575
975 1131
314 1002
22 1476
138 1157
26 662
73 725
121 588
470 1596
398 817
805 1317
747 1511
1061 1228
940 1211
407 637
661 1238
175 1278
629 996
705 1188
572 1124
253 499
795 1028
243 1438
681 883
152 1477
655 1191
538 802
37 321
70 566
184 1208
1446 1523
83 821
562 1405
1041 1080
512 1402
414 930
36 527
463 834
315 1179
1171 1447
491 1221
351 763
1007 1221
107 727
49 801
869 1227
641 657
522 536
641 805
344 634
588 929
206 714
447 535
493 1373
603 1440
434 1320
616 1421
1353 1408
90 954
355 1342
614 1110
199 1197
660 1428
299 995
653 1138
405 732
1126 1332
1245 1340
1326 1506
789 1595
1042 1252
714 904
586 1463
578 1319
97 214
24 994
664 1066
680 1083
479 535
212 1260
859 970
49 1382
1357 1457
145 478
671 1212
10 196
15 133
581 891
936 1450
255 1547
13 602
415 610
661 731
6 676
1103 1540
225 1313
12 1600
405 1009
1335 1589
10 1459
254 1393
436 712
158 528
129 1213
142 748
1017 1133
1019 1348
1387 1543
555 1267
1010 1562
240 508
434 1031
1010 1336
443 929
43 96
360 880
351 844
465 1322
468 1500
131 1545
1207 1398
1201 1327
329 1355
265 1168
110 1494
715 1139
362 1275
1047 1396
667 1174
1008 1420
346 992
117 554
250 1079
963 1578
477 1289
1265 1590
803 997
343 731
249 823
484 1210
54 1114
1288 1576
348 514
741 841
818 868
638 1443
575 698
198 215
232 1320
933 1192
314 716
710 1478
86 829
593 1137
558 1300
454 1573
441 728
1081 1426
801 1518
707 1430
845 1135
1070 1237
879 1389
621 1136
1499 1529
1079 1368
136 1305
1014 1202
25 1453
500 1345
617 660
1203 1231
1152 1533
295 1286
150 740
27 789
680 912
911 1401
437 1130
732 1005
310 634
1000 1429
728 1491
165 1111
112 856
200 296
829 1511
1231 1435
691 991
254 635
753 1018
381 1257
543 862
20 311
1186 1279
310 795
372 1364
14 1040
855 1086
576 1312
205 1142
845 1545
29 253
597 1428
531 843
264 1315
356 1513
170 1480
176 1506
570 1585
1127 1355
110 1591
144 673
185 1318
732 1259
1542 1558
224 1426
337 506
164 1297
663 803
118 875
20 65
28 965
1066 1390
697 1185
275 1378
1266 1413
99 548
135 1330
3 1375
300 348
416 503
658 697
346 1046
116 1077
301 1242
757 813
417 686
223 1465
149 764
57 1010
1117 1582
105 461
400 1379
197 207
677 820
1065 1075
141 183
1139 1175
734 1155
557 1593
254 1544
477 1530
2 1542
74 970
867 1052
1220 1438
711 1232
1050 1164
437 1167
270 394
702 801
869 1113
228 1400
28 1180
978 1230
696 1552
575 977
1118 1311
435 683
406 1424
45 1443
207 1331
428 663
41 289
230 1145
1311 1563
96 640
954 1235
1479 1539
908 1224
1392 1526
762 1458
1222 1328
381 612
667 1024
818 821
454 551
659 1303
518 1213
1189 1313
371 1323
411 1110
441 1538
25 421
171 282
349 755
771 1256
99 938
91 473
956 1321
239 1398
37 1004
32 941
559 767
882 1051
15 1013
624 1012
160 431
511 805
126 1284
953 1155
981 1446
348 888
922 1024
167 708
110 672
1098 1575
910 1371
392 552
764 798
248 1019
388 923
540 1136
329 894
440 859
204 903
7 317
1204 1345
804 1076
191 480
860 1584
428 1367
1083 1423
17 32
398 1161
687 1117
1280 1442
693 803
678 709
269 1416
535 967
583 617
53 1263
347 388
62 94
469 1015
440 742
30 238
1160 1349
255 1150
1121 1263
862 892
716 897
1319 1589
666 833
533 941
14 893
382 1349
900 1431
61 401
551 577
296 1408
187 306
245 581
85 1420
78 1044
1029 1513
60 1565
634 1270
546 1175
430 1464
647 1117
1230 1596
855 1410
133 1188
259 1038
556 797
573 609
154 1190
66 809
124 1369
437 771
1073 1281
292 1161
1039 1338
95 1369
548 1297
724 1294
591 880
878 1312
743 900
784 1072
626 1370
643 1475
307 595
863 943
158 1201
1073 1326
1098 1371
413 1373
944 1028
826 828
505 1005
124 525
92 1250
61 708
142 909
332 1261
584 982
4 1330
1369 1508
568 1394
622 940
463 1013
1227 1276
687 752
130 629
380 1038
1017 1447
763 1100
38 255
112 1333
499 1455
1406 1467
116 1571
73 141
213 519
200 864
460 985
291 1030
947 1292
371 889
1352 1432
586 1594
103 536
1162 1176
328 875
916 1489
647 1303
239 1547
873 1391
795 820
762 1447
112 355
659 1512
183 1198
934 1117
792 1553
408 707
545 1435
45 637
16 210
240 394
936 1422
799 1068
1496 1522
134 790
404 1449
634 959
516 1108
234 440
1018 1268
1079 1415
266 417
314 1543
33 1329
279 487
703 1599
505 586
325 700
34 547
423 677
46 1128
564 1368
1032 1314
210 530
106 748
607 1006
7 1239
504 835
1399 1418
495 1307
966 1067
537 1115
53 309
265 448
316 491
574 757
340 1308
494 1207
1255 1585
620 726
905 1023
492 1377
274 596
923 1401
1043 1514
321 1488
77 1002
1089 1404
1164 1336
255 934
332 1317
573 665
371 1458
312 480
392 1159
53 104
136 405
261 898
521 952
287 826
280 853
432 778
40 1207
1175 1179
393 938
266 563
865 1309
518 1351
1130 1449
753 1440
769 1510
326 921
843 1457
1014 1225
1363 1407
339 1502
410 415
519 1143
569 874
107 1550
290 1106
50 1086
203 341
479 713
496 1378
481 763
308 707
222 829
884 1561
1196 1248
426 905
317 587
518 1597
134 1555
162 490
686 885
782 993
33 257
661 1537
925 1170
130 516
650 1547
589 1523
378 1241
272 768
455 1291
1247 1324
2 220
1407 1484
346 687
86 896
525 696
1269 1417
407 1494
29 1386
851 1304
605 1032
859 1418
95 729
163 295
371 915
126 1358
366 1149
327 855
334 766
124 1571
4 678
657 956
878 1370
145 372
1081 1490
107 912
825 1282
600 889
135 161
62 1468
163 1582
908 1166
338 1527
41 684
1327 1486
289 1187
366 1535
362 475
596 664
309 754
857 1240
637 639
567 831
946 1554
455 872
382 1131
51 717
127 395
51 997
82 974
138 144
370 1567
796 831
750 1295
97 1588
772 1374
33 787
995 1191
1424 1468
674 886
140 808
751 903
662 1574
212 1480
539 1464
1070 1322
1287 1518
464 796
74 1253
67 343
8 233
483 1543
514 999
836 1103
180 283
213 1436
420 557
767 1475
316 889
262 264
1007 1467
452 1459
279 1057
618 1162
486 1164
200 509
199 1391
481 811
420 1218
333 1472
204 1470
8 1437
555 760
488 944
469 1011
279 825
352 452
1186 1329
955 1023
137 580
38 902
380 1308
1296 1477
179 464
177 1566
218 473
86 497
68 247
660 1388
898 1133
80 604
148 1226
28 1208
1221 1360
775 1342
681 1370
242 1400
306 1077
73 372
688 897
531 1524
387 1145
613 752
271 301
161 419
150 1433
68 738
623 1512
341 1263
780 960
1146 1265
648 1586
1352 1549
777 945
667 1067
343 858
148 761
513 665
192 193
1222 1331
712 990
899 1068
260 929
556 1454
211 358
150 1581
403 1492
676 802
76 773
435 984
1149 1360
1146 1253
557 1346
339 408
828 1375
320 1474
439 824
297 962
918 1240
911 1552
444 864
888 1269
1026 1344
933 1212
402 1172
268 370
1306 1556
549 1525
165 810
1142 1280
166 1089
504 765
1141 1551
1112 1499
1119 1215
677 833
141 472
54 94
237 1402
223 1306
125 794
689 1451
670 1167
9 659
109 323
582 1332
177 1321
291 619
1324 1441
120 356
1386 1415
242 837
987 1514
786 971
227 548
888 1392
517 1095
1289 1526
718 793
838 1277
411 1230
925 1500
948 1400
631 996
1084 1243
126 775
50 948
847 1556
585 870
654 1414
766 1106
271 485
456 1373
155 921
377 741
469 594
962 1190
1012 1535
314 927
193 945
16 1328
521 1165
683 1322
567 680
574 1480
247 427
180 655
514 1503
467 573
25 156
1273 1548
365 1371
56 277
19 85
705 1089
333 1169
60 584
538 1015
475 522
744 852
187 1166
783 1428
122 269
986 1366
515 866
454 1470
1154 1330
123 221
206 383
71 1219
11 364
571 694
1434 1478
324 564
938 1504
397 1034
206 1504
611 1506
291 307
698 875
282 1275
710 1558
194 1362
1123 1246
474 1525
308 311
592 694
172 485
360 1172
460 1231
633 808
321 662
1030 1580
661 773
84 261
185 1496
648 881
507 851
304 905
19 1286
434 595
226 812
239 583
429 494
275 653
39 711
528 1450
114 302
641 1227
229 1107
198 1376
217 321
365 867
17 1345
200 449
376 814
235 1180
774 1088
623 800
39 791
1125 1537
342 527
987 1600
656 716
1519 1547
295 621
652 983
503 955
581 735
1056 1599
436 1173
1215 1224
224 350
880 906
669 1591
708 1389
55 361
1147 1567
572 578
340 919
919 1312
468 1277
836 1393
939 1592
264 480
822 887
394 758
350 654
334 339
610 644
579 1273
984 1566
800 1139
292 382
852 1175
1245 1365
97 1327
516 1593
1135 1302
322 1260
152 1295
869 1217
374 726
470 498
640 1554
968 1115
187 561
363 1112
1334 1563
897 1021
735 1123
964 1064
249 685
608 808
279 755
995 1288
607 999
347 583
1035 1148
301 1145
902 1481
749 968
745 1466
196 496
30 1368
333 666
322 896
976 1085
23 469
1020 1091
417 584
256 868
708 1430
557 1032
554 1281
418 482
1171 1310
119 894
239 930
1234 1350
182 470
421 768
42 328
648 1025
874 1364
25 870
241 752
815 1228
102 429
991 1210
740 1160
1223 1301
533 1105
17 1240
413 1129
43 587
529 595
760 1473
60 867
66 837
42 540
1004 1402
728 1351
1046 1096
252 1038
226 983
1015 1307
374 466
596 857
101 1272
598 1171
344 1167
914 1409
246 1214
134 916
179 1360
433 930
116 1483
347 1124
480 895
58 1422
279 992
176 1298
75 163
209 269
70 1543
1195 1439
101 1048
419 635
424 801
969 1279
22 876
973 1485
191 986
642 792
368 1250
13 605
611 1095
242 312
968 1454
254 853
202 640
87 1546
377 1199
325 804
1161 1232
1033 1501
402 1487
1089 1205
532 1206
1088 1558
73 721
1081 1354
722 1163
250 694
294 845
1564 1584
906 1467
961 1398
546 866
118 1352
1020 1455
723 1351
436 1423
896 1326
353 1047
136 1307
44 651
840 976
498 1425
807 1290
453 1211
232 599
861 1043
56 1214
235 245
251 718
756 1596
219 1376
89 652
1318 1385
245 385
666 1280
16 761
706 786
588 1120
613 1057
156 192
9 186
359 804
827 1344
379 655
353 1483
924 938
742 1254
858 1515
658 1534
6 1078
397 696
1151 1371
690 808
331 1402
17 736
308 965
940 955
1201 1552
259 1361
205 1422
43 833
137 276
79 329
194 517
590 715
1072 1301
356 1124
111 624
433 1288
90 277
154 865
110 945
318 1065
482 1022
581 871
922 1043
196 1578
654 1276
376 1488
847 1012
783 1296
1036 1204
1009 1369
96 446
472 823
368 1238
827 960
352 1013
723 926
893 908
171 1013
993 996
701 1498
198 336
1235 1354
189 1038
166 1047
665 1583
124 1323
295 1397
827 1030
1107 1336
468 793
1262 1532
226 593
867 1058
231 522
787 1184
80 1463
1245 1488
221 797
412 687
282 606
1080 1153
131 1285
720 1584
407 549
1298 1576
1067 1421
885 1093
205 1329
118 1069
159 335
254 1063
806 1022
471 1257
927 1491
1261 1587
579 1271
758 1452
1005 1406
299 1418
125 378
620 811
1229 1310
1075 1365
139 839
1419 1559
1237 1500
1064 1325
76 1023
179 219
737 1366
1086 1187
173 739
1310 1548
779 1071
1004 1473
959 1548
332 598
619 837
334 612
45 1586
1055 1239
77 1080
435 651
139 759
673 813
64 487
830 911
745 977
677 1470
468 607
1241 1363
228 505
394 489
111 1564
684 1174
178 848
375 1413
673 686
144 156
73 1406
1311 1451
150 252
177 916
601 801
767 1315
1232 1369
33 1092
638 784
267 1338
525 658
630 693
1192 1454
169 507
1087 1550
31 234
12 540
1020 1197
850 1568
170 679
271 974
289 1441
1155 1556
94 150
11 1156
437 1524
319 809
541 1131
263 547
879 1217
218 255
1073 1230
662 966
478 1345
868 1553
630 740
131 1330
1027 1600
861 1545
69 1514
525 543
312 1090
309 404
682 688
646 1433
904 1341
564 824
39 50
484 1260
951 969
1143 1404
534 1159
499 1014
963 1110
83 486
1052 1159
699 1237
557 854
903 1535
1203 1280
81 699
859 919
559 597
518 1184
1198 1384
477 1204
182 1128
566 777
587 826
1105 1587
1382 1434
168 327
1093 1579
486 705
159 554
147 214
694 857
167 1067
989 1471
806 999
685 1450
285 1484
1063 1291
290 444
793 1256
330 491
583 1041
218 648
204 273
449 689
224 403
832 1306
354 535
586 1163
882 1200
1076 1591
64 1388
121 1225
34 602
1022 1187
311 901
730 841
1134 1489
1433 1522
244 628
29 608
228 627
825 1188
1028 1547
59 345
654 1093
936 1045
375 731
969 1217
303 1536
120 320
6 612
593 792
987 1178
431 1377
424 1568
622 1059
366 721
676 1344
1019 1294
1173 1250
862 1193
605 1097
203 1214
253 1037
1116 1305
58 863
100 1271
832 1200
390 717
270 430
950 992
553 825
52 1390
313 1121
515 1477
603 990
816 1190
81 724
670 884
1146 1595
115 538
240 842
638 823
700 939
1319 1516
481 618
104 1504
276 1239
1156 1169
735 897
488 1021
131 756
205 879
157 1590
1390 1527
336 749
232 457
625 669
500 998
247 1068
313 571
571 836
601 1375
44 1444
432 1060
976 1303
201 1598
324 633
348 611
691 1568
878 1367
654 1546
479 1443
247 462
494 1523
848 963
443 620
272 284
1477 1493
788 1285
447 1238
213 656
522 1410
401 489
1016 1281
473 918
704 1464
233 1576
389 425
8 1417
730 917
650 1093
320 384
71 736
1 639
1219 1536
394 825
964 1070
576 1251
178 633
220 517
26 266
1003 1013
511 1186
236 835
390 1593
55 346
423 1030
97 527
1233 1540
848 951
333 669
206 734
763 1060
685 770
494 1156
997 1061
635 952
973 1347
1044 1389
499 1142
765 1538
1077 1484
48 893
511 1460
1166 1530
77 942
373 1471
712 1212
303 1354
561 709
220 1443
27 1580
81 346
55 582
39 1509
432 587
106 601
1577 1588
645 1539
834 1187
135 1148
799 1245
367 1482
567 1333
430 1175
22 1271
45 1099
440 983
610 1220
1177 1570
200 1445
15 804
404 503
462 1328
1223 1495
628 1061
194 1436
369 1140
72 1410
64 78
890 1274
541 947
835 1053
84 1254
609 838
643 979
1144 1492
71 1577
361 1219
1195 1599
542 983
65 520
212 487
838 1394
772 1343
1001 1052
148 209
1266 1353
900 1312
241 1009
471 1264
444 1460
299 1370
271 1334
891 1128
725 1566
672 754
286 652
741 1048
24 1158
1103 1143
665 1065
970 1575
384 1396
417 948
359 1532
1003 1395
877 1241
658 1437
14 1321
298 572
632 1122
132 1428
567 848
723 1110
542 789
1202 1299
362 1130
1060 1144
456 1093
781 1518
840 1160
53 590
623 697
785 794
428 1012
469 1040
274 1134
909 1494
1106 1269
1325 1412
35 681
145 1169
141 1509
230 1228
538 1112
188 1155
568 1595
41 438
404 1414
89 125
263 1524
799 1542
1240 1551
145 355
488 1327
260 1170
446 514
147 1090
1057 1399
1102 1373
766 1482
671 720
1079 1509
1138 1460
5 1540
828 866
922 1373
151 1404
467 1289
988 1576
1163 1567
1379 1532
302 1465
230 914
1128 1282
414 604
379 1041
778 1225
1249 1541
782 1290
543 1551
308 915
397 955
5 230
1011 1100
294 1407
72 933
125 1053
164 761
130 313
156 616
222 1276
1177 1223
551 806
95 1045
326 1423
552 869
459 476
708 1581
585 1138
118 565
27 533
273 600
445 1331
297 1206
692 950
604 1135
1122 1158
523 824
107 771
93 1479
184 215
98 431
1217 1287
299 819
944 1018
151 313
80 82
278 1159
245 1560
376 837
117 304
266 330
122 1160
1002 1119
643 678
203 1471
782 1394
501 1066
802 845
539 1064
98 195
111 1340
1517 1577
993 998
176 972
590 871
47 176
943 1488
415 1446
65 140
338 542
385 1244
602 1403
367 1519
8 558
566 1178
116 451
942 1531
36 1100
100 1278
174 1200
356 1267
62 856
284 1441
778 1096
561 1233
1236 1579
473 728
382 1129
570 1120
1032 1225
235 756
1071 1254
506 639
42 1136
815 850
635 1374
36 1056
984 1436
1088 1445
786 1062
21 1391
10 96
329 1596
146 624
367 484
1429 1524
572 1055
460 1237
390 1276
526 1163
425 1490
1109 1448
656 1059
415 1277
698 1515
179 1095
1502 1521
980 1104
699 1535
103 261
1385 1570
675 1358
585 936
174 1271
3 24
338 880
101 195
383 839
999 1274
250 915
839 857
532 1137
797 1232
401 1035
478 560
75 1261
1007 1172
103 1388
331 1238
1379 1429
68 1260
297 697
1420 1485
787 1117
416 1350
409 429
4 156
88 1204
56 1282
539 1455
231 1429
1157 1476
421 1407
781 1279
138 876
1160 1445
647 1137
190 1298
370 532
819 1240
1224 1298
214 722
248 396
1119 1129
453 960
353 367
4 348
12 883
849 1549
773 1264
81 953
445 1253
351 1329
1138 1500
1427 1438
443 820
373 457
132 1147
1491 1587
536 691
774 1283
143 256
435 544
387 620
988 1127
48 979
391 493
443 1256
227 290
872 1453
355 711
965 1055
939 1464
736 830
373 423
141 793
861 1381
248 1001
74 1288
329 1510
717 834
56 109
537 1134
326 1074
1218 1524
311 713
965 1279
933 1404
243 782
19 359
508 1348
997 1219
284 1267
679 1380
270 1592
74 632
368 1040
1153 1216
491 1504
322 1248
411 926
34 603
16 719
358 748
614 1340
466 621
429 1570
273 879
1196 1204
685 1206
399 409
1216 1226
21 1096
1115 1144
212 596
267 537
1426 1549
717 1359
67 912
1272 1480
732 765
904 1189
674 719
729 872
13 1451
320 787
186 911
215 452
233 746
978 1520
574 1563
431 752
496 1508
1407 1531
789 1317
931 1508
920 1494
51 158
325 591
37 651
5 354
31 537
568 737
623 1431
61 1432
433 899
985 1516
137 253
966 1304
807 874
321 1299
553 687
193 1344
20 1465
19 1067
317 579
609 1388
861 1027
461 1574
629 1148
897 1415
347 479
144 1076
1171 1449
1008 1114
143 1590
952 963
1540 1580
130 363
1011 1567
644 1034
742 1542
112 849
261 490
13 82
1152 1380
920 1070
216 730
225 1233
542 961
369 674
917 1074
746 1534
409 1268
698 1184
18 1350
283 856
461 641
904 1482
1351 1495
201 1098
538 1397
44 217
733 1414
1394 1593
810 1440
475 1483
873 1246
892 1438
82 908
769 1189
361 1120
11 813
22 1177
396 575
725 1034
849 885
211 407
1104 1411
198 545
594 913
425 1164
229 456
341 1420
521 1522
972 1481
819 876
644 768
236 810
422 1557
746 1559
618 1210
238 1600
