40 100
7 8
22 40
4 15
19 29
27 31
9 12
14 29
11 13
8 35
11 24
34 35
7 10
3 15
33 39
22 29
5 39
6 40
2 26
2 5
34 38
5 31
5 13
10 15
1 38
8 28
2 35
10 38
39 40
10 19
20 22
27 28
18 39
30 32
17 31
18 19
14 23
21 36
17 30
14 37
20 30
12 31
7 12
4 7
13 36
26 33
8 37
9 27
25 40
3 21
15 17
2 16
1 2
9 23
32 36
18 32
13 37
22 34
5 27
4 23
23 25
20 28
21 23
33 38
24 36
6 9
6 7
6 11
16 38
16 34
24 29
28 39
3 14
6 21
3 29
18 25
17 33
20 24
15 20
24 31
25 34
9 21
16 35
11 12
12 14
4 30
1 32
13 33
19 37
30 36
26 32
4 8
1 25
18 40
26 37
16 26
22 27
10 28
1 35
11 19
3 17
