1600 3200
653 1533
248 543
233 666
19 909
558 600
492 1146
642 1430
741 1028
918 1366
171 1368
123 515
815 945
8 936
257 1178
595 1088
830 1091
122 1076
1233 1454
559 889
277 1588
597 1110
446 923
779 1599
341 495
126 1030
454 1302
19 623
1021 1104
884 1003
1370 1516
246 314
696 1081
522 1542
313 332
96 711
68 1494
1101 1174
147 1001
1369 1408
753 1386
115 771
391 680
260 1056
165 1473
586 1258
557 1344
179 919
1111 1172
76 1220
157 779
961 1378
174 1354
224 304
919 1517
883 1254
92 1137
914 1510
261 600
281 777
180 373
86 309
321 1168
619 634
435 1390
108 375
31 153
666 1598
397 906
250 383
226 1017
1000 1344
1383 1488
169 1183
846 1471
58 346
181 906
329 1542
369 465
176 889
176 964
119 1287
78 84
20 843
696 1116
884 1412
1425 1519
280 644
330 627
11 921
641 1584
512 615
915 1397
59 884
250 899
1361 1456
606 1219
243 1431
188 1000
639 1252
118 1338
722 1399
1053 1408
92 342
197 1590
254 336
315 1571
428 1322
467 1144
196 1529
568 1034
214 1222
26 278
534 825
796 1183
127 1023
49 619
776 1453
41 93
450 1209
871 1036
690 1441
173 661
557 1348
131 1161
779 1015
917 936
59 1376
461 1301
650 1265
251 1027
1190 1255
407 556
263 736
434 897
279 603
698 929
744 1196
756 1338
399 699
21 1181
648 1395
722 865
1360 1488
604 704
98 832
24 922
552 1210
69 737
709 1375
764 1253
221 1199
240 1092
114 774
572 938
1092 1303
868 879
37 337
40 1579
569 1584
417 783
901 934
381 877
978 1419
1122 1274
780 859
69 1144
51 1356
313 1057
202 1273
51 515
1086 1292
1167 1528
86 1241
731 845
55 1091
460 894
795 1087
693 1345
134 813
647 1151
1071 1227
88 762
2 1410
208 1376
237 1514
683 1417
26 802
370 448
1307 1586
794 944
392 1464
234 1446
99 1395
436 1296
630 1134
1276 1466
512 1153
154 1484
40 934
732 1103
442 1054
1547 1557
905 1017
686 985
562 1201
1279 1461
444 464
733 1574
123 357
345 923
362 469
1093 1488
518 949
346 1166
425 1312
1088 1187
116 1429
183 794
190 1438
183 1306
6 1249
938 1013
175 390
279 1590
564 1583
299 457
854 926
704 930
1069 1369
674 1315
1065 1322
481 1000
706 1156
420 1105
1118 1182
290 1301
578 1276
525 1366
1080 1251
246 820
121 1243
835 1464
718 1297
619 632
1246 1403
816 1393
266 1426
80 584
595 1091
649 916
328 1072
1106 1540
144 1400
298 969
519 1109
1016 1522
204 732
410 1249
334 1075
284 951
957 1576
861 1040
1290 1386
740 1436
538 948
316 1174
1119 1267
151 1365
1281 1371
691 1185
160 507
849 1039
260 1407
336 443
85 1521
133 285
1294 1600
362 511
307 1529
97 748
496 888
334 1574
453 470
23 286
179 1535
1066 1520
412 1490
902 983
1075 1294
439 1049
552 626
861 1217
431 542
895 1055
272 1345
693 1489
229 768
485 1520
50 1523
150 1142
516 1062
605 1354
630 676
32 739
780 1552
154 495
393 427
679 822
751 1355
1076 1081
420 431
54 912
889 946
170 788
472 1376
165 1022
228 602
493 568
97 1419
402 1198
455 1333
1114 1287
908 1315
526 563
543 1480
1072 1582
307 1257
667 1105
1082 1539
835 1429
96 542
293 343
622 1277
120 786
221 825
192 1510
44 649
192 1562
995 1492
72 1012
876 1060
746 772
112 956
36 47
192 553
1141 1268
385 890
1399 1586
887 1562
297 1042
12 259
371 965
1196 1447
30 1138
433 456
434 502
41 185
318 932
1123 1200
227 680
456 1349
1204 1331
850 1036
128 682
501 693
1092 1504
322 854
1469 1587
40 1583
30 296
331 1295
716 1233
127 627
312 511
554 1073
1002 1513
352 767
270 336
562 797
612 1570
576 790
974 1415
297 1242
156 833
504 1592
316 377
340 1189
727 1402
1002 1440
627 1204
195 378
557 1515
320 1486
425 1452
804 1261
625 1226
677 913
360 990
275 1436
734 1103
880 1297
1267 1557
221 1330
3 145
1506 1558
1224 1450
230 499
238 1038
916 1298
34 817
1225 1442
1415 1469
181 1578
610 1034
786 1310
527 1494
1240 1595
300 1585
1167 1495
612 1182
142 514
306 1563
818 921
426 1075
275 1004
382 1594
71 140
1337 1500
360 701
127 1125
888 1020
365 845
999 1472
626 1559
1064 1347
38 1163
534 615
283 468
346 1037
309 674
245 1246
1022 1061
544 1503
550 1580
414 1173
1455 1514
891 1311
407 868
539 733
1325 1423
398 872
1139 1551
796 898
207 904
28 274
741 1239
261 1130
1061 1442
502 1075
732 1120
643 1047
766 1086
1171 1421
733 960
302 798
1 150
620 1397
652 859
433 1392
236 970
325 900
138 419
13 389
747 911
260 1085
396 1553
298 583
38 1470
801 1004
750 1279
1213 1342
354 1385
672 762
704 1434
751 1476
195 1594
163 749
115 1160
904 1099
1192 1353
275 1541
253 1351
690 1473
212 1068
166 227
910 1474
602 961
1139 1434
1142 1290
225 891
566 1168
131 692
701 729
608 1195
844 1587
374 545
821 826
776 904
711 1131
278 474
366 1339
564 736
590 1454
252 324
9 193
1157 1264
523 545
327 437
95 886
966 1395
410 988
116 404
196 841
340 883
596 692
32 134
742 1150
1340 1404
1104 1219
921 1520
985 1521
104 327
739 1071
830 1238
823 1056
388 500
400 1458
89 883
352 617
105 699
9 70
435 909
81 276
320 1561
135 210
79 1093
29 1469
142 385
367 1319
135 136
665 856
36 1052
640 648
602 1332
881 1531
145 299
784 789
978 1555
1095 1123
46 1545
82 386
118 242
1355 1546
268 1101
107 269
1396 1532
658 885
129 869
124 1003
494 877
230 858
1050 1381
1281 1592
608 1567
109 476
1255 1420
746 1549
162 569
191 634
774 842
1071 1198
100 284
36 1273
405 765
95 860
443 1129
273 1325
133 677
331 617
553 1121
997 1269
144 831
58 1264
16 873
761 771
1198 1523
891 1138
150 618
1343 1360
637 757
664 1011
1230 1594
314 1338
13 1525
522 598
42 1162
987 1264
441 697
67 997
79 397
819 1511
5 894
589 1526
1339 1569
871 1439
249 1013
617 1201
662 1554
31 765
229 289
403 1013
504 1206
143 604
321 1452
153 1313
199 293
1147 1308
575 1079
1202 1544
92 737
783 1271
523 812
765 1298
552 1235
477 1245
673 1110
347 992
1084 1193
241 311
476 1432
452 793
574 1074
27 1536
179 526
1413 1544
901 1435
33 893
172 695
1084 1392
548 838
261 549
1095 1268
1373 1573
1038 1424
190 1562
294 1451
114 1256
943 1169
720 773
109 858
1187 1592
37 1305
546 963
752 1549
740 1491
350 1144
283 744
320 373
288 1480
948 1248
377 912
255 877
43 1464
962 1015
707 1452
18 1113
622 1036
231 1010
120 879
391 545
278 422
93 1228
60 1550
447 1222
141 423
573 828
298 610
233 1241
265 300
199 1274
1223 1577
543 1324
56 542
657 988
513 1388
215 962
981 999
59 832
365 478
1041 1060
438 1550
690 1573
78 637
528 548
740 1292
541 852
1537 1559
22 380
167 1389
5 1080
426 1312
959 1319
760 1568
519 1290
274 292
963 1420
26 1012
846 1309
186 364
1275 1470
375 792
211 1347
319 683
137 541
1450 1584
4 595
989 1300
338 728
218 1133
146 876
932 1471
214 721
104 538
239 613
30 1174
629 1277
453 1187
1199 1555
721 1125
108 1493
941 1479
39 415
446 647
200 1193
375 1103
1215 1494
310 930
934 1037
643 789
730 1531
285 475
316 1533
27 1150
917 1256
568 949
827 1434
955 1094
1218 1280
157 242
138 1245
755 1148
718 920
285 899
663 1217
18 173
25 855
189 1368
306 703
853 1047
1145 1387
1191 1544
903 1112
355 1132
609 1418
204 385
574 1412
896 1203
28 363
332 1442
571 1154
727 1003
542 948
1026 1224
322 1486
535 1138
91 842
594 1499
136 1199
544 723
343 1409
629 1249
217 480
259 349
663 805
429 1302
459 1156
1254 1509
1317 1420
441 1065
1068 1241
6 596
18 1200
61 1324
852 1266
290 390
775 928
743 1210
139 1175
496 983
338 541
425 659
1262 1591
406 589
54 486
1153 1441
74 143
171 1357
570 1311
513 684
903 1596
668 1207
584 701
1180 1266
643 675
902 1120
816 1302
744 791
925 1449
388 1206
791 924
153 282
586 703
447 1418
913 1294
862 932
918 939
70 609
544 830
209 962
76 1420
491 1431
356 1198
894 1529
151 528
66 410
84 988
1179 1390
110 615
1424 1433
491 1030
487 497
787 1169
982 1202
734 735
112 1328
532 748
147 188
1090 1436
147 200
234 669
17 1587
1108 1151
564 912
421 1264
1014 1331
296 1313
961 1289
344 684
316 1578
132 1235
1126 1252
639 1552
182 402
176 1048
549 1569
495 796
673 702
887 994
90 618
12 433
1079 1536
1082 1291
766 1184
781 875
1359 1404
520 955
1127 1430
437 1461
378 714
193 1040
655 750
1234 1484
666 1387
409 837
899 958
665 1369
878 1452
529 843
451 1218
370 795
603 662
687 1443
43 74
645 759
723 853
985 1126
213 535
533 778
652 1386
487 817
418 611
222 917
320 696
575 1030
184 1441
55 340
182 1431
529 1532
1041 1362
646 1104
871 963
259 681
288 1482
1024 1284
1003 1196
1392 1473
168 1380
482 869
751 813
623 1327
287 536
493 1477
463 1308
158 1564
194 876
196 1588
976 1292
459 1129
322 424
1232 1550
117 598
416 1311
36 629
775 1005
616 780
424 1593
1513 1581
115 608
863 949
178 1351
602 811
466 561
746 1211
302 405
86 1247
463 1109
260 1382
959 1400
782 1321
352 843
560 573
920 1362
211 353
911 983
373 1450
47 1196
370 821
461 733
1351 1455
347 980
756 1057
1214 1535
483 706
531 1560
969 1447
445 468
159 801
1295 1443
1001 1569
569 1385
614 1548
264 1206
1042 1584
133 380
659 692
274 1229
312 530
294 670
841 1350
262 1126
702 769
640 1078
247 601
590 785
415 618
783 1218
1057 1381
631 1332
361 1216
353 933
75 1556
720 1505
712 1530
484 1233
1414 1599
355 485
323 1091
248 1378
750 1439
282 1167
669 905
39 1074
409 668
215 606
35 1019
269 401
691 1164
870 1140
827 840
1401 1560
591 840
471 819
159 1550
1239 1581
614 1430
910 1495
66 721
395 1513
644 1265
682 1269
724 947
1132 1510
309 1591
99 847
638 682
45 1071
251 974
64 1590
661 761
374 936
533 958
1069 1399
211 1474
685 946
997 1252
133 810
623 1155
196 368
845 1070
172 1428
1101 1254
1009 1269
872 965
263 1208
1037 1460
294 859
839 1001
173 1596
699 1468
1147 1353
436 1220
489 1422
521 1453
611 727
203 1206
164 1214
612 1166
132 1368
885 1082
353 1543
708 713
1162 1316
240 1555
422 1276
458 1262
27 1115
188 777
103 234
46 925
407 824
940 1333
249 343
604 1320
365 1136
1081 1128
237 388
440 1333
447 712
1326 1337
301 672
465 924
106 327
1111 1358
582 1426
240 856
62 581
291 697
330 1177
45 1215
827 1237
120 800
901 1043
212 943
475 1554
1118 1492
177 387
130 241
91 341
1228 1379
591 992
777 1224
203 707
271 339
72 979
164 450
229 630
1034 1079
1141 1587
150 1148
34 1085
126 1541
44 1293
119 503
517 1272
1371 1408
510 868
691 914
225 1137
367 785
161 1590
419 963
1053 1572
894 1195
537 1600
301 488
275 593
585 1419
460 825
646 1440
113 769
474 695
772 997
245 1029
808 826
572 635
169 1567
115 1300
679 1466
53 1388
532 1404
1083 1491
242 1361
1422 1472
52 760
310 1059
158 791
1146 1346
67 1017
360 951
52 171
591 1116
860 878
460 887
105 1023
17 1230
386 601
217 607
512 1278
597 1158
25 185
189 1266
1044 1150
226 305
1350 1433
165 610
13 1010
287 1323
833 1547
377 1429
403 775
730 827
793 824
660 1427
579 994
484 694
1025 1154
516 973
753 1162
887 1557
276 476
73 129
882 1599
132 780
719 738
417 1320
559 1553
720 1067
122 685
734 960
397 1282
817 1115
662 749
202 798
25 177
81 496
508 653
351 1248
711 1187
1135 1266
205 1236
769 1295
515 564
714 882
2 1042
480 1324
178 1393
672 1285
203 1119
1067 1097
497 834
28 1186
63 1019
239 803
81 1326
124 398
182 1579
547 1483
438 848
287 992
78 1073
485 1342
323 1105
222 1018
467 599
23 504
717 722
279 1156
1406 1509
265 473
922 989
254 1565
479 1509
387 1329
219 667
296 1374
322 776
206 1566
1155 1394
799 1197
49 795
61 359
1182 1330
60 312
608 754
181 231
1031 1564
1137 1335
1131 1380
549 896
105 999
576 1180
246 1270
1225 1515
1226 1279
109 171
185 1446
551 870
223 412
248 747
720 1595
152 289
7 437
13 874
284 1255
228 1270
563 971
10 520
220 1289
434 777
753 784
482 1242
67 1545
209 336
330 1388
610 914
392 489
605 729
206 488
281 696
108 1006
592 1598
302 1427
1227 1565
458 1303
593 1311
1381 1565
446 705
759 1379
946 1014
793 1058
723 985
621 695
387 1244
325 697
57 810
430 975
555 1102
1048 1489
24 1580
193 1127
1360 1366
297 1437
34 492
1019 1101
149 286
761 1520
719 761
1260 1586
303 573
1383 1526
54 317
671 1336
180 729
903 1498
793 855
154 1504
6 1444
296 1105
206 1184
193 215
210 483
863 951
442 965
288 365
152 1152
329 1172
396 1567
160 172
1053 1197
872 1586
358 821
1493 1589
249 1486
982 1032
364 1027
103 235
860 1503
422 1495
885 1237
494 676
717 1317
565 1016
643 1072
50 417
583 1559
866 1538
197 1253
603 1007
431 953
446 1479
1140 1409
216 595
898 1202
191 1357
515 1573
1086 1320
1253 1347
1205 1287
9 525
100 1078
65 657
1493 1534
219 1077
967 1033
787 1524
673 1052
972 1383
286 1410
236 1133
1144 1179
170 1209
170 1216
521 1108
536 1117
1418 1475
807 1600
1022 1461
944 1508
70 945
369 1484
328 1024
381 987
1096 1509
456 1396
155 673
255 1008
627 1002
741 922
101 1432
149 368
470 474
435 955
430 933
306 953
581 1577
351 1375
187 1260
280 1127
151 218
901 1595
656 1063
641 933
486 1359
53 1293
244 1556
954 1297
27 1262
570 988
1392 1446
384 415
392 957
284 1440
147 1565
781 1110
525 798
1015 1224
689 1394
162 1598
1186 1233
126 688
267 999
1288 1350
847 1064
962 1364
872 1093
722 1574
866 1236
30 968
338 952
47 649
281 1524
439 874
759 849
1164 1481
1006 1363
641 956
317 523
180 1080
931 1439
553 1047
1121 1455
1362 1470
1061 1364
5 937
978 1458
828 1001
593 788
1032 1410
201 1069
4 1310
1067 1511
200 1067
807 1195
754 1357
1094 1159
418 487
20 1303
506 1275
443 1334
15 1190
127 1506
925 1445
633 1275
148 1262
1096 1378
11 1107
7 824
352 452
1273 1372
921 1160
1174 1238
83 1201
201 1189
831 1411
386 736
397 888
224 828
333 382
871 1497
131 1124
1160 1555
847 1370
395 907
232 768
671 1046
15 1235
383 1045
810 1222
1137 1236
139 1317
1341 1483
208 911
270 723
379 1228
651 848
864 1497
399 1035
378 674
1140 1149
1507 1569
806 1009
823 1228
1529 1571
213 500
1021 1237
1165 1467
694 1033
865 1320
119 266
770 797
326 927
814 1131
39 790
441 1350
261 613
69 678
33 833
334 626
579 984
442 619
3 1221
906 1580
1072 1548
291 935
1016 1456
645 1147
1054 1162
676 811
100 1294
579 967
570 738
510 873
1077 1513
639 740
914 984
1112 1334
175 1373
1010 1159
98 389
764 1314
246 972
1328 1593
556 998
63 748
1189 1192
807 1199
332 856
145 942
895 1261
959 1008
1057 1280
788 1589
117 633
1261 1272
61 1096
90 597
1208 1501
1040 1179
742 1457
554 597
26 1528
379 1331
358 368
480 920
1126 1345
586 1279
99 618
86 977
391 1238
915 1368
504 1501
862 1371
866 1050
509 818
1197 1257
2 328
247 1390
1201 1444
495 1575
21 1351
191 874
143 786
502 851
857 1258
6 267
160 585
635 915
672 1207
393 1097
754 1517
136 349
118 1217
75 493
1009 1246
681 826
1358 1430
198 609
106 1173
283 299
149 361
282 366
381 1019
104 794
566 1302
195 398
29 1389
508 836
272 349
279 980
574 1482
1100 1216
57 475
189 929
916 1149
1090 1521
80 1193
598 1012
62 161
1098 1212
24 250
298 419
458 1291
843 1533
1066 1155
406 902
5 1100
1051 1176
1099 1157
524 829
509 698
886 990
1249 1286
1122 1457
806 1117
31 1203
394 415
152 1459
141 311
203 417
148 1493
814 1447
502 1505
50 1145
561 1365
9 1567
271 1054
1254 1560
337 873
554 647
425 1213
265 345
428 836
1095 1407
201 1282
87 1281
660 1456
130 473
358 1128
66 625
1140 1145
964 1542
65 964
862 1479
457 1576
38 1261
642 968
800 1046
860 1463
107 1571
367 969
252 1588
369 1296
1212 1519
268 969
536 1083
126 265
489 1480
335 1402
512 1129
441 1080
256 510
217 1143
469 1181
159 321
317 1415
84 1161
583 1598
45 725
621 1244
324 1167
1074 1377
3 1064
327 1473
177 207
8 632
822 1346
41 653
432 991
820 1028
746 968
1097 1353
1029 1280
421 1286
599 853
752 1274
1035 1265
651 1576
881 1245
503 1315
758 1589
162 824
273 915
466 1597
161 1405
289 455
247 354
253 508
1372 1504
65 1551
423 1406
744 1414
103 1186
413 896
326 1148
408 1011
1477 1522
451 692
74 1398
893 1300
242 1040
80 755
922 1298
198 1076
505 1208
307 518
1006 1421
927 1348
1359 1457
379 1178
101 1185
942 1438
66 589
85 1318
1205 1403
498 1231
424 1059
427 1484
630 1283
157 569
574 854
411 1578
514 568
858 990
48 1413
1065 1307
146 489
282 290
411 1039
638 748
326 470
1120 1581
924 1561
272 596
503 1318
10 168
1002 1444
3 1214
93 565
253 315
537 838
977 1032
87 779
582 1107
223 293
529 991
220 1283
197 1100
854 1478
478 819
919 1384
184 371
184 1312
773 1355
961 982
206 1548
1135 1428
970 1552
664 1582
524 1194
49 433
1024 1063
111 125
950 1305
323 966
1477 1508
880 1192
747 1394
235 244
43 857
375 580
41 912
931 1163
705 1208
138 555
1194 1466
307 668
577 665
403 1377
1125 1263
201 742
64 968
1081 1491
582 1352
1425 1538
498 1384
603 1337
756 1486
462 706
71 1297
718 1087
979 1309
71 1135
633 976
389 519
72 314
235 1272
361 1021
1034 1204
16 776
103 146
14 1289
754 797
1010 1591
994 1506
845 848
218 1534
644 1449
89 390
483 749
539 1205
655 1548
289 1304
266 1390
544 1110
97 1117
501 1246
958 1054
662 1031
19 1326
12 384
295 808
532 682
334 678
68 694
416 688
825 1087
342 1053
492 1527
414 560
448 1299
140 916
763 1391
846 1158
715 1255
635 1079
1240 1453
1175 1464
725 1547
464 1143
195 1525
614 929
1008 1416
472 770
449 655
1045 1414
958 1267
121 473
168 1334
628 1217
437 813
636 1111
724 1171
249 661
803 1448
646 1113
1429 1592
808 1169
270 1211
975 1257
355 396
7 204
906 1355
380 775
1134 1425
519 1194
409 1393
844 1050
414 490
588 782
613 1582
356 383
264 594
214 1285
1317 1437
950 1087
1016 1171
681 1460
220 314
657 1215
577 1353
528 1445
540 572
228 1334
342 1056
165 335
185 367
134 1332
164 1482
410 420
125 1583
517 1114
600 1146
1098 1333
640 837
636 1213
657 1328
667 1364
106 1243
339 837
37 76
1074 1594
160 1528
598 1481
472 707
403 956
1352 1539
406 1557
990 1362
1401 1412
110 1065
348 954
812 1148
109 1356
424 1055
680 1446
99 226
1398 1515
584 1314
677 1505
731 1319
475 675
364 1558
111 449
547 669
768 802
33 1066
670 787
526 1579
421 689
1191 1457
32 1000
1349 1366
53 587
646 1193
10 299
267 810
221 1213
782 1535
1143 1186
78 1424
187 1102
991 1348
601 1526
1263 1507
543 1456
317 1115
1007 1336
1185 1485
684 1028
248 923
886 996
149 330
676 1514
35 461
819 1225
798 1375
1132 1336
684 1400
404 1313
8 1191
945 1539
880 986
851 1102
257 263
1423 1478
1209 1503
1100 1465
191 747
1024 1532
345 716
500 1014
295 1219
156 607
217 349
571 1124
554 1004
864 875
12 292
4 691
152 513
1377 1465
183 802
831 1283
187 1290
614 799
447 1146
331 917
106 611
449 1189
1077 1411
1304 1352
680 1433
717 799
534 802
376 1062
388 474
1239 1284
1106 1370
155 240
1288 1525
991 1020
19 137
310 455
71 1574
529 1540
2 1078
861 1082
1203 1216
130 846
1248 1316
156 712
345 1437
245 488
411 1426
303 953
540 1585
1299 1426
577 1387
1271 1537
297 1158
675 832
121 205
174 1501
1132 1445
236 1540
817 1341
210 1286
829 1572
155 1298
140 524
60 442
587 1407
1064 1534
363 1098
483 1379
911 951
111 1095
239 1239
578 641
383 1387
264 851
20 139
648 1480
83 661
812 1363
291 623
884 1044
304 1291
498 694
590 1335
112 1099
1025 1047
547 1524
268 839
75 1533
486 577
616 752
1211 1375
411 1258
989 1441
784 1451
481 1221
233 272
457 823
328 457
23 479
356 1188
436 1346
683 1278
444 490
405 1485
254 1595
98 1271
1149 1166
94 1543
360 459
373 1376
357 1469
21 1165
587 792
283 1552
405 1597
116 179
308 669
1177 1327
841 940
937 1223
1318 1588
79 394
762 1343
288 1336
702 1050
281 337
528 1591
469 670
315 536
626 712
652 1322
664 809
182 1060
814 839
343 1181
787 811
45 1572
186 1083
1223 1481
243 1405
308 728
208 622
1205 1234
743 1128
1416 1549
76 1027
202 580
984 993
306 1112
1289 1393
58 371
430 499
535 812
803 1134
338 1462
390 728
1045 1421
310 1090
194 354
51 857
80 269
144 470
426 1160
59 1316
503 1352
1278 1483
256 868
654 1267
742 1341
713 1410
52 1556
372 1308
156 1007
561 1344
273 348
1042 1490
1025 1321
650 1356
255 875
1058 1272
8 578
52 199
806 1175
231 1314
808 880
422 1343
996 1157
93 1465
638 876
890 1532
91 658
1011 1436
180 804
129 1522
638 1340
517 685
16 1388
550 882
760 1506
118 755
903 1545
1159 1443
881 1455
158 335
38 301
239 1492
1411 1503
606 1489
231 908
467 1378
477 967
463 677
734 1159
104 730
869 1558
486 763
35 520
136 663
325 620
287 523
370 1188
1165 1517
56 1462
169 711
318 651
107 325
17 356
701 1244
141 1142
1335 1593
1013 1537
92 1460
1210 1222
374 1104
292 1076
101 250
576 1358
302 719
1234 1498
329 1123
303 981
91 1256
122 1093
966 1485
659 881
537 1176
816 897
102 1165
749 1500
183 505
309 1536
1113 1582
1036 1321
587 993
274 703
947 1597
14 1125
222 1070
557 1339
335 913
971 1061
897 1176
507 611
510 1277
726 949
431 979
220 1179
600 805
22 516
359 844
257 935
378 520
1329 1396
1349 1554
1221 1502
550 970
567 767
209 452
904 1134
1384 1476
24 986
202 1236
981 1322
644 1554
42 920
148 599
965 1534
300 1438
29 132
1223 1358
890 1152
1309 1467
22 331
545 1531
1149 1389
450 918
1370 1379
1049 1212
175 1440
1161 1304
94 716
376 1152
907 1288
40 1507
285 663
786 1356
167 511
73 655
758 1124
1211 1523
184 347
439 1423
706 1343
48 344
688 1432
228 752
774 1514
1237 1449
651 926
55 114
395 1575
941 1495
398 1413
913 1151
556 724
986 1413
745 1597
699 1422
941 1122
831 1032
992 1367
717 829
1168 1345
1329 1463
39 102
271 324
521 533
162 652
137 1009
286 1518
1164 1531
1005 1033
1283 1309
174 471
15 1496
575 1487
11 1525
550 551
1402 1593
477 500
1108 1391
304 432
865 1136
227 1241
1337 1487
822 877
551 594
710 1354
883 1561
451 679
125 1028
53 113
186 625
822 1119
612 1232
101 399
384 900
262 1338
176 408
1139 1323
490 750
507 1244
861 1417
984 1318
1026 1271
153 931
216 305
448 835
1139 1406
271 1490
1245 1263
480 940
1512 1541
715 1536
459 620
759 888
237 1566
605 781
481 1200
540 930
1221 1282
163 864
121 305
972 1306
1323 1406
509 809
580 792
782 1314
146 313
290 1011
770 1313
88 413
362 527
491 960
419 1190
232 939
420 609
700 980
1049 1530
1250 1510
1253 1600
770 1240
1191 1475
584 1210
434 471
760 870
138 1131
212 1119
163 241
83 624
319 588
726 910
416 1022
567 726
340 977
145 930
1363 1500
816 957
62 257
1058 1465
67 743
892 995
241 1250
135 401
451 946
110 366
56 821
32 1516
925 1400
134 428
85 1124
628 1397
834 1094
96 938
225 1489
280 1280
1502 1551
476 981
197 366
22 258
46 656
295 645
1 87
21 1175
855 1305
105 739
621 1321
341 1461
1004 1332
178 660
350 559
613 1293
215 1328
631 1394
198 939
102 516
386 1454
900 1417
1278 1448
781 1207
412 460
635 1207
851 998
359 1575
429 1367
47 1382
937 1293
952 1121
166 464
128 377
1330 1344
955 1097
649 1143
850 890
624 1391
218 413
773 1169
49 540
347 496
200 732
129 686
531 628
311 1511
882 1497
295 1308
1048 1460
687 1372
909 1168
895 1108
83 1155
364 745
89 1200
223 1347
404 484
14 445
642 1212
353 589
350 1299
359 1478
1083 1596
44 1029
926 1512
445 875
1063 1247
348 1154
1232 1273
75 918
90 95
546 1435
348 950
1397 1491
462 772
784 954
113 715
400 1340
379 1084
481 566
401 892
68 891
31 128
967 973
155 207
735 953
233 1127
1051 1511
368 935
509 656
531 1479
935 1232
1342 1462
679 800
704 1215
606 726
166 1451
580 1251
362 1096
173 763
372 659
139 639
413 514
122 385
533 650
629 826
194 778
1296 1572
454 698
1070 1577
48 974
737 943
374 1577
244 1077
767 874
878 1367
361 1361
621 1556
141 259
565 1380
89 387
44 482
114 1570
725 1348
209 1439
908 1475
654 1286
511 1073
1230 1516
987 1560
443 857
224 269
37 79
29 224
956 1483
974 1367
319 1466
562 620
342 670
944 1380
927 1444
432 737
277 1059
416 1183
46 898
579 852
769 1111
1046 1564
123 332
789 1492
339 1325
427 1416
262 927
685 1038
1238 1538
522 1472
238 1331
472 1184
57 497
277 429
124 591
738 1508
1114 1268
840 1250
194 421
764 864
1039 1312
735 867
757 1020
487 555
128 758
4 1052
708 1026
252 402
637 873
384 1396
905 1512
1374 1454
624 856
530 1546
572 1005
1089 1256
170 801
123 1270
376 1453
607 1589
947 1335
341 923
506 1339
407 1023
1055 1381
1015 1326
237 983
823 858
678 773
232 586
707 708
363 1544
1122 1499
462 841
549 1401
905 1449
268 1260
541 1562
710 1296
1038 1277
553 1450
1069 1291
175 1585
453 585
801 1428
1195 1477
163 1409
329 1282
546 1029
790 977
796 1152
653 1188
838 1192
467 859
458 700
690 1041
601 948
444 1014
783 1251
590 1173
1156 1568
546 1153
213 1021
668 943
741 1151
675 1363
1170 1494
312 1499
205 1502
665 1109
23 247
226 1026
689 730
294 1158
479 1220
159 409
745 867
187 432
1112 1395
972 1287
506 1468
164 1166
423 1172
28 634
454 1371
488 1170
1163 1438
62 94
1117 1559
429 1482
1142 1341
382 1377
743 954
50 1116
158 559
344 771
280 1398
107 1209
560 1471
807 1231
57 456
755 975
90 731
1448 1459
382 966
70 190
439 1094
229 1417
438 1346
667 1428
256 794
548 1563
301 785
772 987
304 1084
633 870
346 354
181 795
278 358
576 932
418 1227
849 1549
885 1467
64 1517
527 1178
292 771
435 1248
709 842
944 1285
592 1398
252 879
757 1048
671 889
1475 1526
466 820
980 1568
840 1451
524 835
478 1474
751 1474
628 1488
724 1129
112 1292
258 938
498 604
267 791
660 697
251 1058
1118 1354
959 986
818 1068
219 394
490 578
1161 1458
534 573
838 1265
394 1295
886 1171
1099 1402
186 1305
452 804
230 1323
56 494
266 805
640 848
399 567
98 1399
351 957
243 745
1431 1561
117 1319
363 414
687 709
393 465
205 1541
142 1327
143 1138
538 899
468 973
830 1130
849 1418
17 705
262 863
462 1157
931 1023
371 563
1180 1579
311 636
714 1485
469 1306
1188 1442
58 1407
513 1259
736 836
1230 1284
1374 1498
337 1501
1369 1414
1154 1445
526 1490
445 1502
355 896
1106 1542
778 924
689 1046
273 1384
113 607
815 1017
539 1425
270 709
551 686
230 258
656 1299
1404 1518
120 1234
892 1571
108 1106
471 1458
1044 1220
499 1386
372 1324
351 571
473 1177
1411 1566
64 1463
436 492
235 466
478 852
834 1303
168 256
558 719
530 867
1240 1487
599 940
96 995
212 318
251 634
681 1408
753 811
695 1088
125 994
444 1310
547 1421
426 1419
216 1496
929 1136
198 895
482 1088
85 223
484 1471
531 1136
721 898
945 1349
350 892
596 1116
455 1130
758 1231
698 1229
144 1570
642 1121
84 463
207 995
532 976
88 525
493 815
1258 1306
157 344
238 768
234 440
664 1020
119 1164
95 501
1113 1270
715 996
82 1487
1391 1516
324 844
321 1580
369 973
1524 1553
253 1448
1468 1585
82 654
1062 1463
1497 1546
73 1133
448 624
380 647
539 1538
971 1382
1522 1543
514 654
77 518
508 1049
1039 1476
357 1568
878 1581
530 937
710 1259
1415 1553
464 1177
357 428
16 1342
308 632
14 1500
172 900
55 964
35 140
700 1496
401 1528
605 756
571 1197
43 1176
1374 1437
418 1434
82 582
998 1403
406 1141
254 1184
1068 1427
1066 1178
255 1203
188 485
842 1547
319 902
636 1573
453 1007
1062 1194
622 893
637 1535
277 700
135 1558
333 1467
555 1128
952 998
1231 1301
408 1123
575 687
648 1329
558 1527
400 440
110 939
1405 1563
178 1576
893 919
836 1310
1051 1315
219 1235
60 291
81 1202
814 818
1225 1432
404 666
799 1288
1259 1512
276 1086
236 804
809 1359
797 1307
151 731
979 1008
393 491
950 1499
716 1405
412 735
34 1214
63 1018
450 738
1085 1505
989 1403
936 1357
97 461
1102 1182
264 396
960 1496
222 408
803 1530
563 1107
1006 1114
897 1078
77 928
1025 1515
166 1089
77 1183
837 928
1043 1229
1109 1247
588 1435
1307 1498
710 765
167 1518
566 1416
505 1044
501 645
210 592
1180 1325
87 1120
996 1181
423 1519
102 558
1218 1583
1055 1373
517 1145
975 1545
1170 1263
391 497
592 839
51 69
718 1089
117 527
204 1147
300 1204
560 1051
131 395
714 1035
615 869
585 1060
392 581
593 1459
850 1476
713 1507
381 725
1153 1173
313 702
7 208
1383 1435
1030 1422
73 832
276 588
862 1284
72 1409
855 1190
616 1141
1540 1566
142 625
465 693
199 970
1401 1523
124 1300
820 1546
65 815
389 538
594 1364
1035 1285
74 506
834 1519
813 1537
148 727
778 1478
1269 1389
42 928
658 790
548 1274
764 993
440 1268
978 1530
372 1551
1170 1423
169 933
11 789
477 908
850 1059
792 1382
33 88
907 1468
1243 1563
68 581
192 1259
303 1275
190 232
774 1041
263 867
225 866
174 1052
518 1092
167 1229
376 971
130 762
570 757
214 1033
785 1227
77 1073
942 1226
678 1130
729 766
48 1135
833 1090
1365 1570
1172 1260
20 1316
708 1031
333 934
982 1518
993 1098
1365 1578
323 1103
507 1043
42 1281
479 1361
63 1385
427 1527
1 505
154 853
617 674
537 1412
806 1150
1481 1575
535 565
211 828
177 315
326 739
54 1118
227 1424
339 1372
561 1031
454 1115
494 1027
318 865
952 1360
1005 1107
116 1250
703 1443
94 767
25 1045
829 1056
1462 1564
499 1085
909 1459
788 1327
161 1185
1163 1251
521 1018
1373 1447
705 1527
658 947
713 1472
800 1070
1089 1599
308 1063
1 1521
244 567
1219 1596
245 805
910 976
631 688
1012 1226
1243 1539
216 1242
100 847
552 1433
189 293
468 1543
111 438
632 686
400 907
15 430
238 1340
1470 1504
863 1242
809 1301
583 728
258 1330
522 650
1018 1508
18 402
213 671
926 1133
879 1252
10 941
243 766
333 683
449 1043
137 562
631 1037
616 1247
305 1276
1304 1385
942 1427
61 556
763 1257
