1007 682
516 726
245 748
883 928
670 793
152 956
397 891
365 682
550 566
605 938
634 992
468 780
181 885
329 365
559 907
553 756
682 916
333 1000
71 195
472 777
101 623
432 466
824 838
510 651
284 726
45 304
92 147
359 500
206 496
150 506
58 243
92 394
160 556
504 756
28 647
754 858
150 362
119 356
629 854
189 448
70 82
189 457
113 309
199 739
375 983
15 173
133 812
642 918
410 532
662 905
276 461
228 811
36 461
395 799
459 991
198 532
131 717
194 818
311 836
654 919
151 704
271 620
322 604
546 559
41 841
790 956
553 863
479 923
997 998
487 509
369 392
289 399
302 329
366 484
462 946
191 888
614 851
486 931
637 727
405 439
584 819
390 963
55 326
271 606
488 702
311 413
255 509
84 380
127 979
726 759
174 682
594 887
100 760
508 963
494 638
937 997
534 872
555 666
432 815
257 307
156 252
69 107
185 575
174 965
288 807
922 935
125 691
166 314
508 581
187 495
708 755
78 588
759 837
243 265
204 673
395 542
714 942
486 564
109 292
123 339
30 157
97 485
195 453
455 956
65 105
20 857
583 705
36 990
159 652
62 472
39 336
130 365
170 172
10 318
302 993
952 958
392 877
18 407
303 957
44 50
39 219
730 881
322 827
365 859
108 309
160 347
446 713
257 935
449 629
640 862
418 660
31 214
268 563
640 691
59 956
350 1001
383 949
361 363
21 462
37 397
653 904
530 586
390 701
704 711
761 864
377 591
184 187
497 647
109 282
452 523
199 831
448 907
470 818
1 834
302 453
643 1002
408 681
524 645
8 73
662 835
361 767
648 937
97 169
836 917
179 220
270 338
43 961
278 351
814 987
145 990
449 727
292 771
639 717
554 929
64 117
1 317
238 400
461 576
200 544
130 229
54 72
17 32
762 814
91 884
776 996
26 773
201 536
288 504
472 868
201 374
62 704
330 366
751 777
164 581
540 612
478 929
367 415
151 809
164 828
248 998
137 883
327 971
180 961
523 955
545 955
757 960
253 932
576 808
109 766
80 214
113 400
537 718
737 743
752 881
172 733
35 90
60 757
441 857
24 834
100 411
251 571
67 234
205 851
72 587
673 965
445 612
57 714
608 975
86 94
327 822
642 986
599 926
175 190
421 520
37 912
715 976
13 564
48 256
458 905
935 988
100 541
110 353
299 1006
671 896
803 814
879 943
326 898
613 802
711 816
230 363
574 990
495 935
193 890
273 352
685 934
187 550
144 1006
591 899
107 310
303 761
78 661
385 431
6 892
199 411
391 572
63 398
587 794
335 448
391 828
687 988
657 746
176 293
798 834
688 724
531 1006
401 649
429 958
582 810
752 992
389 940
16 151
265 379
62 127
388 944
162 470
258 843
987 989
213 719
170 510
10 467
231 862
191 789
326 614
37 84
372 819
203 772
176 288
73 177
242 889
196 504
141 568
252 930
160 429
166 323
165 269
238 348
198 275
404 807
231 318
473 925
128 741
77 668
842 889
69 426
666 892
319 705
87 965
381 954
60 63
210 407
273 454
179 410
357 587
374 667
725 852
543 961
86 200
176 530
332 1006
638 951
870 956
713 972
564 602
252 534
43 113
624 805
670 921
560 659
39 637
248 411
589 951
328 492
362 405
501 838
97 745
148 552
670 777
141 940
271 659
87 560
178 678
543 947
187 427
32 880
638 699
31 259
979 1001
375 734
162 599
524 924
172 393
67 200
366 914
537 643
236 386
425 838
123 765
250 577
222 506
247 917
650 776
219 1007
477 714
234 489
206 754
739 979
276 333
169 359
365 899
417 937
525 808
203 995
506 633
168 674
264 471
90 834
452 680
765 1000
485 866
345 715
151 450
206 911
133 661
88 757
182 684
629 995
61 156
885 930
527 984
516 718
262 811
157 618
95 634
173 962
478 673
280 298
578 629
65 382
738 785
238 984
436 801
211 463
326 450
271 743
330 402
357 428
318 446
167 286
179 251
236 367
729 794
136 954
318 702
101 844
353 403
239 567
51 367
57 261
674 885
354 624
314 826
158 569
144 167
507 973
514 869
364 445
391 789
110 538
760 930
450 870
80 515
23 798
44 848
204 410
104 899
217 767
466 586
723 993
768 906
189 296
288 418
860 989
117 527
82 987
226 870
671 973
10 837
620 909
514 599
430 776
802 904
33 304
691 789
65 1001
4 515
561 716
94 399
257 713
448 757
791 903
812 944
386 943
81 963
28 63
62 730
272 460
466 563
245 842
411 636
438 739
658 742
280 827
83 380
66 220
320 454
565 807
551 643
223 948
15 263
219 816
372 784
667 692
906 983
309 337
463 642
374 704
571 593
570 1006
457 482
792 979
49 535
867 1000
546 676
571 858
465 697
109 266
368 773
51 419
404 448
133 479
307 515
22 639
225 333
674 726
61 630
383 928
293 882
288 776
248 740
278 326
41 261
567 865
232 368
280 790
19 331
149 846
63 294
36 667
198 738
729 792
110 473
69 862
248 852
193 925
115 987
539 915
214 301
16 456
234 944
97 557
578 833
127 570
156 490
328 834
386 528
643 846
758 903
421 662
420 944
90 651
21 301
306 550
343 646
122 451
313 418
427 440
433 483
276 527
56 258
416 421
59 678
186 233
376 888
111 297
419 688
71 121
163 344
46 442
835 870
166 367
366 541
541 820
160 729
413 482
426 601
75 752
266 957
114 451
135 910
296 589
641 763
75 361
339 816
46 572
748 755
604 732
28 923
119 803
418 471
983 994
134 712
15 584
788 818
106 223
600 618
770 868
752 981
555 961
104 936
269 994
502 726
696 820
68 870
145 815
232 465
620 937
653 980
277 738
231 869
264 628
809 1007
50 528
375 486
511 932
560 806
627 707
29 770
311 995
202 271
150 660
145 554
582 830
638 972
220 230
373 418
208 988
84 324
339 532
227 867
62 403
115 805
275 794
369 578
20 662
515 632
220 836
265 331
216 564
130 799
161 628
552 797
35 836
137 200
641 856
447 1000
83 983
665 832
513 954
686 873
10 361
317 670
193 702
299 445
605 817
6 857
380 537
903 1005
266 942
99 447
535 996
413 732
233 774
10 882
