1 2
1 9
1 16
1 23
1 30
1 37
1 44
1 51
1 58
1 65
1 72
1 79
1 86
1 93
4 2
4 9
4 16
4 23
4 30
4 37
4 44
4 51
4 58
4 65
4 72
4 79
4 86
4 93
7 2
7 9
7 16
7 23
7 30
7 37
7 44
7 51
7 58
7 65
7 72
7 79
7 86
7 93
10 2
10 9
10 16
10 23
10 30
10 37
10 44
10 51
10 58
10 65
10 72
10 79
10 86
10 93
13 2
13 9
13 16
13 23
13 30
13 37
13 44
13 51
13 58
13 65
13 72
13 79
13 86
13 93
16 2
16 9
16 16
16 23
16 30
16 37
16 44
16 51
16 58
16 65
16 72
16 79
16 86
16 93
19 2
19 9
19 16
19 23
19 30
19 37
19 44
19 51
19 58
19 65
19 72
19 79
19 86
19 93
22 2
22 9
22 16
22 23
22 30
22 37
22 44
22 51
22 58
22 65
22 72
22 79
22 86
22 93
25 2
25 9
25 16
25 23
25 30
25 37
25 44
25 51
25 58
25 65
25 72
25 79
25 86
25 93
28 2
28 9
28 16
28 23
28 30
28 37
28 44
28 51
28 58
28 65
28 72
28 79
28 86
28 93
31 2
31 9
31 16
31 23
31 30
31 37
31 44
31 51
31 58
31 65
31 72
31 79
31 86
31 93
34 2
34 9
34 16
34 23
34 30
34 37
34 44
34 51
34 58
34 65
34 72
34 79
34 86
34 93
37 2
37 9
37 16
37 23
37 30
37 37
37 44
37 51
37 58
37 65
37 72
37 79
37 86
37 93
40 2
40 9
40 16
40 23
40 30
40 37
40 44
40 51
40 58
40 65
40 72
40 79
40 86
40 93
43 2
43 9
43 16
43 23
43 30
43 37
43 44
43 51
43 58
43 65
43 72
43 79
43 86
43 93
46 2
46 9
46 16
46 23
46 30
46 37
12 10 51 0 10 51 1 10 51 2 9 51 2 9 99 2 9 99 3 27 99 3 27 99 2 27 2 2 28 2 2 28 2 1 28 2 0
12 4 65 0 4 65 1 4 65 2 3 65 2 3 100 2 3 100 3 45 100 3 45 100 2 45 2 2 46 2 2 46 2 1 46 2 0
12 1 30 0 1 30 1 1 30 2 0 30 2 0 101 2 0 101 3 39 101 3 39 101 2 39 30 2 40 30 2 40 30 1 40 30 0
8 16 51 0 16 51 1 16 51 2 17 51 2 17 86 2 16 86 2 16 86 1 16 86 0
12 13 51 0 13 51 1 13 51 2 12 51 2 12 102 2 12 102 3 42 102 3 42 102 2 42 44 2 43 44 2 43 44 1 43 44 0
12 19 86 0 19 86 1 19 86 4 18 86 4 18 99 4 18 99 5 39 99 5 39 99 4 39 58 4 40 58 4 40 58 1 40 58 0
12 31 30 0 31 30 1 31 30 6 30 30 6 30 99 6 30 99 7 39 99 7 39 99 6 39 44 6 40 44 6 40 44 1 40 44 0
12 13 23 0 13 23 1 13 23 4 12 23 4 12 100 4 12 100 5 27 100 5 27 100 4 27 44 4 28 44 4 28 44 1 28 44 0
12 31 44 0 31 44 1 31 44 4 30 44 4 30 101 4 30 101 5 42 101 5 42 101 4 42 58 4 43 58 4 43 58 1 43 58 0
12 7 65 0 7 65 1 7 65 2 6 65 2 6 103 2 6 103 3 33 103 3 33 103 2 33 86 2 34 86 2 34 86 1 34 86 0
12 13 58 0 13 58 1 13 58 6 12 58 6 12 100 6 12 100 7 24 100 7 24 100 6 24 93 6 25 93 6 25 93 1 25 93 0
12 4 37 0 4 37 1 4 37 4 3 37 4 3 102 4 3 102 5 9 102 5 9 102 4 9 93 4 10 93 4 10 93 1 10 93 0
12 10 65 0 10 65 1 10 65 6 9 65 6 9 101 6 9 101 7 36 101 7 36 101 6 36 79 6 37 79 6 37 79 1 37 79 0
12 7 58 0 7 58 1 7 58 8 6 58 8 6 99 8 6 99 9 12 99 9 12 99 8 12 9 8 13 9 8 13 9 1 13 9 0
13 1 65 0 1 65 1 1 65 4 0 65 4 0 103 4 0 103 5 15 103 5 15 103 4 15 87 4 16 87 4 16 87 1 16 87 0 16 86 0
12 19 79 0 19 79 1 19 79 6 18 79 6 18 102 6 18 102 7 33 102 7 33 102 6 33 44 6 34 44 6 34 44 1 34 44 0
12 4 9 0 4 9 1 4 9 10 3 9 10 3 99 10 3 99 11 12 99 11 12 99 10 12 79 10 13 79 10 13 79 1 13 79 0
12 28 58 0 28 58 1 28 58 8 27 58 8 27 100 8 27 100 9 36 100 9 36 100 8 36 44 8 37 44 8 37 44 1 37 44 0
12 13 65 0 13 65 1 13 65 12 12 65 12 12 99 12 12 99 13 18 99 13 18 99 12 18 65 12 19 65 12 19 65 1 19 65 0
12 13 2 0 13 2 1 13 2 14 12 2 14 12 99 14 12 99 15 15 99 15 15 99 14 15 30 14 16 30 14 16 30 1 16 30 0
12 25 16 0 25 16 1 25 16 8 24 16 8 24 101 8 24 101 9 39 101 9 39 101 8 39 51 8 40 51 8 40 51 1 40 51 0
8 1 16 0 1 16 1 1 16 2 2 16 2 2 86 2 1 86 2 1 86 1 1 86 0
13 13 86 0 13 86 1 13 86 16 12 86 16 12 99 16 12 99 17 27 99 17 27 99 16 27 3 16 28 3 16 28 3 1 28 3 0 28 2 0
12 4 23 0 4 23 1 4 23 6 3 23 6 3 103 6 3 103 7 42 103 7 42 103 6 42 86 6 43 86 6 43 86 1 43 86 0
13 7 79 0 7 79 1 7 79 18 6 79 18 6 99 18 6 99 19 12 99 19 12 99 18 12 24 18 13 24 18 13 24 1 13 24 0 13 23 0
12 7 72 0 7 72 1 7 72 4 6 72 4 6 104 4 6 104 5 21 104 5 21 104 4 21 72 4 22 72 4 22 72 1 22 72 0
12 13 16 0 13 16 1 13 16 20 12 16 20 12 99 20 12 99 21 36 99 21 36 99 20 36 23 20 37 23 20 37 23 1 37 23 0
13 28 58 0 28 59 0 28 59 1 28 59 10 27 59 10 27 100 10 27 100 11 33 100 11 33 100 10 33 2 10 34 2 10 34 2 1 34 2 0
13 13 16 0 13 17 0 13 17 1 13 17 22 12 17 22 12 99 22 12 99 23 39 99 23 39 99 22 39 79 22 40 79 22 40 79 1 40 79 0
12 13 37 0 13 37 1 13 37 24 12 37 24 12 99 24 12 99 25 30 99 25 30 99 24 30 65 24 31 65 24 31 65 1 31 65 0
12 16 37 0 16 37 1 16 37 8 15 37 8 15 102 8 15 102 9 33 102 9 33 102 8 33 9 8 34 9 8 34 9 1 34 9 0
13 31 2 0 31 2 1 31 2 12 30 2 12 30 100 12 30 100 13 33 100 13 33 100 12 33 45 12 34 45 12 34 45 1 34 45 0 34 44 0
12 37 37 0 37 37 1 37 37 10 36 37 10 36 101 10 36 101 11 42 101 11 42 101 10 42 93 10 43 93 10 43 93 1 43 93 0
12 28 79 0 28 79 1 28 79 12 27 79 12 27 101 12 27 101 13 39 101 13 39 101 12 39 37 12 40 37 12 40 37 1 40 37 0
13 34 37 0 34 37 1 34 37 14 33 37 14 33 100 14 33 100 15 39 100 15 39 100 14 39 45 14 40 45 14 40 45 1 40 45 0 40 44 0
13 4 65 0 4 66 0 4 66 1 4 66 8 3 66 8 3 103 8 3 103 9 42 103 9 42 103 8 42 9 8 43 9 8 43 9 1 43 9 0
8 43 2 0 43 2 1 43 2 2 44 2 2 44 72 2 43 72 2 43 72 1 43 72 0
14 13 37 0 13 38 0 13 38 1 13 38 26 12 38 26 12 99 26 12 99 27 39 99 27 39 99 26 39 59 26 40 59 26 40 59 1 40 59 0 40 58 0
14 7 72 0 7 73 0 7 73 1 7 73 6 6 73 6 6 104 6 6 104 7 27 104 7 27 104 6 27 80 6 28 80 6 28 80 1 28 80 0 28 79 0
13 4 37 0 4 38 0 4 38 1 4 38 12 3 38 12 3 102 12 3 102 13 21 102 13 21 102 12 21 23 12 22 23 12 22 23 1 22 23 0
13 16 23 0 16 23 1 16 23 2 15 23 2 15 104 2 15 104 3 24 104 3 24 104 2 24 17 2 25 17 2 25 17 1 25 17 0 25 16 0
12 19 9 0 19 9 1 19 9 10 18 9 10 18 102 10 18 102 11 39 102 11 39 102 10 39 9 10 40 9 10 40 9 1 40 9 0
13 7 79 0 7 80 0 7 80 1 7 80 10 6 80 10 6 103 10 6 103 11 21 103 11 21 103 10 21 51 10 22 51 10 22 51 1 22 51 0
13 1 37 0 1 37 1 1 37 14 0 37 14 0 101 14 0 101 15 3 101 15 3 101 14 3 10 14 4 10 14 4 10 1 4 10 0 4 9 0
13 28 9 0 28 9 1 28 9 14 27 9 14 27 102 14 27 102 15 45 102 15 45 102 14 45 3 14 46 3 14 46 3 1 46 3 0 46 2 0
13 13 51 0 13 52 0 13 52 1 13 52 28 12 52 28 12 99 28 12 99 29 21 99 29 21 99 28 21 44 28 22 44 28 22 44 1 22 44 0
12 7 86 0 7 86 1 7 86 12 6 86 12 6 103 12 6 103 13 42 103 13 42 103 12 42 79 12 43 79 12 43 79 1 43 79 0
13 10 9 0 10 9 1 10 9 8 9 9 8 9 104 8 9 104 9 21 104 9 21 104 8 21 52 8 22 52 8 22 52 1 22 52 0 22 51 0
13 1 44 0 1 44 1 1 44 6 0 44 6 0 105 6 0 105 7 21 105 7 21 105 6 21 73 6 22 73 6 22 73 1 22 73 0 22 72 0
12 28 86 0 28 86 1 28 86 18 27 86 18 27 100 18 27 100 19 42 100 19 42 100 18 42 65 18 43 65 18 43 65 1 43 65 0
13 22 93 0 22 93 1 22 93 2 21 93 2 21 105 2 21 105 3 36 105 3 36 105 2 36 45 2 37 45 2 37 45 1 37 45 0 37 44 0
13 7 23 0 7 23 1 7 23 20 6 23 20 6 100 20 6 100 21 27 100 21 27 100 20 27 10 20 28 10 20 28 10 1 28 10 0 28 9 0
13 10 9 0 10 10 0 10 10 1 10 10 12 9 10 12 9 104 12 9 104 13 36 104 13 36 104 12 36 51 12 37 51 12 37 51 1 37 51 0
13 13 86 0 13 87 0 13 87 1 13 87 30 12 87 30 12 99 30 12 99 31 36 99 31 36 99 30 36 58 30 37 58 30 37 58 1 37 58 0
13 16 23 0 16 24 0 16 24 1 16 24 16 15 24 16 15 100 16 15 100 17 36 100 17 36 100 16 36 2 16 37 2 16 37 2 1 37 2 0
13 4 44 0 4 44 1 4 44 16 3 44 16 3 101 16 3 101 17 6 101 17 6 101 16 6 66 16 7 66 16 7 66 1 7 66 0 7 65 0
12 25 72 0 25 72 1 25 72 4 24 72 4 24 105 4 24 105 5 45 105 5 45 105 4 45 9 4 46 9 4 46 9 1 46 9 0
13 22 37 0 22 37 1 22 37 16 21 37 16 21 102 16 21 102 17 33 102 17 33 102 16 33 38 16 34 38 16 34 38 1 34 38 0 34 37 0
13 16 44 0 16 44 1 16 44 18 15 44 18 15 101 18 15 101 19 18 101 19 18 101 18 18 87 18 19 87 18 19 87 1 19 87 0 19 86 0
11 46 2 0 45 2 0 45 4 0 46 4 0 46 4 1 46 4 2 47 4 2 47 23 2 46 23 2 46 23 1 46 23 0
9 40 9 0 40 10 0 40 10 1 40 10 2 41 10 2 41 65 2 40 65 2 40 65 1 40 65 0
13 7 23 0 7 24 0 7 24 1 7 24 14 6 24 14 6 103 14 6 103 15 42 103 15 42 103 14 42 51 14 43 51 14 43 51 1 43 51 0
13 25 30 0 25 30 1 25 30 10 24 30 10 24 104 10 24 104 11 45 104 11 45 104 10 45 10 10 46 10 10 46 10 1 46 10 0 46 9 0
12 1 72 0 1 72 1 1 72 32 0 72 32 0 99 32 0 99 33 12 99 33 12 99 32 12 44 32 13 44 32 13 44 1 13 44 0
13 7 2 0 7 2 1 7 2 34 6 2 34 6 99 34 6 99 35 12 99 35 12 99 34 12 66 34 13 66 34 13 66 1 13 66 0 13 65 0
13 19 93 0 19 93 1 19 93 14 18 93 14 18 104 14 18 104 15 24 104 15 24 104 14 24 94 14 25 94 14 25 94 1 25 94 0 25 93 0
13 1 44 0 1 45 0 1 45 1 1 45 8 0 45 8 0 105 8 0 105 9 45 105 9 45 105 8 45 16 8 46 16 8 46 16 1 46 16 0
12 19 72 0 19 72 1 19 72 2 18 72 2 18 106 2 18 106 3 30 106 3 30 106 2 30 16 2 31 16 2 31 16 1 31 16 0
10 13 58 0 13 59 0 13 59 1 13 59 2 14 59 2 14 80 2 13 80 2 13 80 1 13 80 0 13 79 0
13 1 86 0 1 87 0 1 87 1 1 87 10 0 87 10 0 105 10 0 105 11 15 105 11 15 105 10 15 16 10 16 16 10 16 16 1 16 16 0
16 25 93 0 24 93 0 24 95 0 25 95 0 25 95 1 25 95 18 24 95 18 24 102 18 24 102 19 36 102 19 36 102 18 36 3 18 37 3 18 37 3 1 37 3 0 37 2 0
14 1 30 0 1 31 0 1 31 1 1 31 16 0 31 16 0 103 16 0 103 17 39 103 17 39 103 16 39 52 16 40 52 16 40 52 1 40 52 0 40 51 0
15 31 72 0 31 72 1 31 72 18 30 72 18 30 103 18 30 103 19 39 103 19 39 103 18 39 60 18 40 60 18 40 60 1 40 60 0 39 60 0 39 58 0 40 58 0
13 10 65 0 10 66 0 10 66 1 10 66 14 9 66 14 9 105 14 9 105 15 21 105 15 21 105 14 21 65 14 22 65 14 22 65 1 22 65 0
16 28 58 0 27 58 0 27 60 0 28 60 0 28 60 1 28 60 22 27 60 22 27 100 22 27 100 23 33 100 23 33 100 22 33 87 22 34 87 22 34 87 1 34 87 0 34 86 0
12 28 72 0 28 72 1 28 72 24 27 72 24 27 100 24 27 100 25 36 100 25 36 100 24 36 30 24 37 30 24 37 30 1 37 30 0
12 7 44 0 7 44 1 7 44 26 6 44 26 6 100 26 6 100 27 27 100 27 27 100 26 27 37 26 28 37 26 28 37 1 28 37 0
12 16 65 0 16 65 1 16 65 20 15 65 20 15 101 20 15 101 21 42 101 21 42 101 20 42 37 20 43 37 20 43 37 1 43 37 0
15 7 65 0 6 65 0 6 67 0 7 67 0 7 67 1 7 67 22 6 67 22 6 101 22 6 101 23 30 101 23 30 101 22 30 58 22 31 58 22 31 58 1 31 58 0
15 13 86 0 12 86 0 12 88 0 13 88 0 13 88 1 13 88 36 12 88 36 12 99 36 12 99 37 21 99 37 21 99 36 21 86 36 22 86 36 22 86 1 22 86 0
16 13 23 0 12 23 0 12 25 0 13 25 0 13 25 1 13 25 38 12 25 38 12 99 38 12 99 39 15 99 39 15 99 38 15 31 38 16 31 38 16 31 1 16 31 0 16 30 0
12 7 51 0 7 51 1 7 51 28 6 51 28 6 100 28 6 100 29 27 100 29 27 100 28 27 23 28 28 23 28 28 23 1 28 23 0
12 4 58 0 4 58 1 4 58 18 3 58 18 3 104 18 3 104 19 9 104 19 9 104 18 9 86 18 10 86 18 10 86 1 10 86 0
9 7 44 0 7 45 0 7 45 1 7 45 2 8 45 2 8 93 2 7 93 2 7 93 1 7 93 0
12 22 9 0 22 9 1 22 9 20 21 9 20 21 102 20 21 102 21 39 102 21 39 102 20 39 23 20 40 23 20 40 23 1 40 23 0
13 22 2 0 22 2 1 22 2 30 21 2 30 21 100 30 21 100 31 27 100 31 27 100 30 27 87 30 28 87 30 28 87 1 28 87 0 28 86 0
12 25 37 0 25 37 1 25 37 16 24 37 16 24 104 16 24 104 17 30 104 17 30 104 16 30 86 16 31 86 16 31 86 1 31 86 0
12 37 16 0 37 16 1 37 16 22 36 16 22 36 102 22 36 102 23 45 102 23 45 102 22 45 30 22 46 30 22 46 30 1 46 30 0
12 19 16 0 19 16 1 19 16 26 18 16 26 18 101 26 18 101 27 36 101 27 36 101 26 36 65 26 37 65 26 37 65 1 37 65 0
14 28 37 0 28 38 0 28 38 1 28 38 32 27 38 32 27 100 32 27 100 33 42 100 33 42 100 32 42 38 32 43 38 32 43 38 1 43 38 0 43 37 0
9 16 37 0 16 38 0 16 38 1 16 38 3 17 38 3 17 72 3 16 72 3 16 72 1 16 72 0
15 4 93 0 4 93 1 4 93 28 3 93 28 3 101 28 3 101 29 36 101 29 36 101 28 36 46 28 37 46 28 37 46 1 37 46 0 36 46 0 36 44 0 37 44 0
14 37 51 0 37 52 0 37 52 1 37 52 32 36 52 32 36 101 32 36 101 33 39 101 33 39 101 32 39 31 32 40 31 32 40 31 1 40 31 0 40 30 0
12 1 51 0 1 51 1 1 51 18 0 51 18 0 105 18 0 105 19 33 105 19 33 105 18 33 51 18 34 51 18 34 51 1 34 51 0
15 19 37 0 19 37 1 19 37 34 18 37 34 18 100 34 18 100 35 36 100 35 36 100 34 36 53 34 37 53 34 37 53 1 37 53 0 36 53 0 36 51 0 37 51 0
13 7 93 0 7 94 0 7 94 1 7 94 30 6 94 30 6 101 30 6 101 31 30 101 31 30 101 30 30 79 30 31 79 30 31 79 1 31 79 0
12 16 79 0 16 79 1 16 79 24 15 79 24 15 101 24 15 101 25 39 101 25 39 101 24 39 2 24 40 2 24 40 2 1 40 2 0
12 4 72 0 4 72 1 4 72 20 3 72 20 3 103 20 3 103 21 24 103 21 24 103 20 24 23 20 25 23 20 25 23 1 25 23 0
12 10 23 0 10 23 1 10 23 20 9 23 20 9 104 20 9 104 21 33 104 21 33 104 20 33 72 20 34 72 20 34 72 1 34 72 0
14 1 51 0 1 52 0 1 52 1 1 52 20 0 52 20 0 105 20 0 105 21 30 105 21 30 105 20 30 17 20 31 17 20 31 17 1 31 17 0 31 16 0
12 22 16 0 22 16 1 22 16 34 21 16 34 21 101 34 21 101 35 39 101 35 39 101 34 39 93 34 40 93 34 40 93 1 40 93 0
13 25 9 0 25 9 1 25 9 24 24 9 24 24 102 24 24 102 25 33 102 25 33 102 24 33 10 24 34 10 24 34 10 1 34 10 0 34 9 0
15 16 30 0 15 30 0 15 32 0 16 32 0 16 32 1 16 32 22 15 32 22 15 103 22 15 103 23 42 103 23 42 103 22 42 16 22 43 16 22 43 16 1 43 16 0
12 10 72 0 10 72 1 10 72 40 9 72 40 9 99 40 9 99 41 12 99 41 12 99 40 12 93 40 13 93 40 13 93 1 13 93 0
13 25 2 0 25 2 1 25 2 26 24 2 26 24 102 26 24 102 27 42 102 27 42 102 26 42 17 26 43 17 26 43 17 1 43 17 0 43 16 0
16 19 16 0 19 17 0 19 17 1 19 17 16 18 17 16 18 105 16 18 105 17 42 105 17 42 105 16 42 18 16 43 18 16 43 18 1 43 18 0 42 18 0 42 16 0 43 16 0
13 25 65 0 25 65 1 25 65 28 24 65 28 24 102 28 24 102 29 30 102 29 30 102 28 30 87 28 31 87 28 31 87 1 31 87 0 31 86 0
12 25 86 0 25 86 1 25 86 36 24 86 36 24 100 36 24 100 37 36 100 37 36 100 36 36 72 36 37 72 36 37 72 1 37 72 0
16 25 2 0 25 3 0 25 3 1 25 3 34 24 3 34 24 102 34 24 102 35 27 102 35 27 102 34 27 88 34 28 88 34 28 88 1 28 88 0 27 88 0 27 86 0 28 86 0
13 19 93 0 19 94 0 19 94 1 19 94 38 18 94 38 18 100 38 18 100 39 36 100 39 36 100 38 36 86 38 37 86 38 37 86 1 37 86 0
15 25 16 0 24 16 0 24 18 0 25 18 0 25 18 1 25 18 30 24 18 30 24 102 30 24 102 31 33 102 31 33 102 30 33 16 30 34 16 30 34 16 1 34 16 0
13 34 2 0 34 3 0 34 3 1 34 3 28 33 3 28 33 103 28 33 103 29 39 103 29 39 103 28 39 86 28 40 86 28 40 86 1 40 86 0
12 16 2 0 16 2 1 16 2 36 15 2 36 15 101 36 15 101 37 27 101 37 27 101 36 27 51 36 28 51 36 28 51 1 28 51 0
14 40 58 0 40 57 0 40 57 1 40 57 30 39 57 30 39 103 30 39 103 31 42 103 31 42 103 30 42 59 30 43 59 30 43 59 1 43 59 0 43 58 0
16 16 2 0 16 3 0 16 3 1 16 3 40 15 3 40 15 100 40 15 100 41 27 100 41 27 100 40 27 81 40 28 81 40 28 81 1 28 81 0 27 81 0 27 79 0 28 79 0
16 34 86 0 33 86 0 33 88 0 34 88 0 34 88 1 34 88 4 33 88 4 33 106 4 33 106 5 36 106 5 36 106 4 36 87 4 37 87 4 37 87 1 37 87 0 37 86 0
13 19 23 0 19 23 1 19 23 40 18 23 40 18 101 40 18 101 41 36 101 41 36 101 40 36 73 40 37 73 40 37 73 1 37 73 0 37 72 0
16 37 16 0 37 17 0 37 17 1 37 17 42 36 17 42 36 99 42 36 99 43 39 99 43 39 99 42 39 53 42 40 53 42 40 53 1 40 53 0 39 53 0 39 51 0 40 51 0
14 25 9 0 25 10 0 25 10 1 25 10 38 24 10 38 24 101 38 24 101 39 39 101 39 39 101 38 39 38 38 40 38 38 40 38 1 40 38 0 40 37 0
15 7 30 0 7 30 1 7 30 36 6 30 36 6 102 36 6 102 37 39 102 37 39 102 36 39 46 36 40 46 36 40 46 1 40 46 0 39 46 0 39 44 0 40 44 0
13 31 93 0 31 93 1 31 93 34 30 93 34 30 103 34 30 103 35 42 103 35 42 103 34 42 87 34 43 87 34 43 87 1 43 87 0 43 86 0
14 16 65 0 16 66 0 16 66 1 16 66 44 15 66 44 15 99 44 15 99 45 39 99 45 39 99 44 39 24 44 40 24 44 40 24 1 40 24 0 40 23 0
15 16 23 0 15 23 0 15 25 0 16 25 0 16 25 1 16 25 28 15 25 28 15 104 28 15 104 29 42 104 29 42 104 28 42 23 28 43 23 28 43 23 1 43 23 0
12 1 9 0 1 9 1 1 9 22 0 9 22 0 104 22 0 104 23 3 104 23 3 104 22 3 30 22 4 30 22 4 30 1 4 30 0
14 40 51 0 40 50 0 40 50 1 40 50 40 39 50 40 39 102 40 39 102 41 42 102 41 42 102 40 42 52 40 43 52 40 43 52 1 43 52 0 43 51 0
13 22 2 0 22 3 0 22 3 1 22 3 46 21 3 46 21 99 46 21 99 47 39 99 47 39 99 46 39 72 46 40 72 46 40 72 1 40 72 0
18 4 65 0 3 65 0 3 67 0 4 67 0 4 67 1 4 67 24 3 67 24 3 103 24 3 103 25 6 103 25 6 103 24 6 25 24 7 25 24 7 25 1 7 25 0 6 25 0 6 23 0 7 23 0
13 1 79 0 1 79 1 1 79 48 0 79 48 0 99 48 0 99 49 39 99 49 39 99 48 39 73 48 40 73 48 40 73 1 40 73 0 40 72 0
16 13 9 0 13 10 0 13 10 1 13 10 50 12 10 50 12 99 50 12 99 51 39 99 51 39 99 50 39 11 50 40 11 50 40 11 1 40 11 0 39 11 0 39 9 0 40 9 0
12 10 79 0 10 79 1 10 79 38 9 79 38 9 102 38 9 102 39 27 102 39 27 102 38 27 16 38 28 16 38 28 16 1 28 16 0
15 1 86 0 0 86 0 0 88 0 1 88 0 1 88 1 1 88 24 0 88 24 0 104 24 0 104 25 21 104 25 21 104 24 21 30 24 22 30 24 22 30 1 22 30 0
13 4 86 0 4 86 1 4 86 42 3 86 42 3 100 42 3 100 43 27 100 43 27 100 42 27 17 42 28 17 42 28 17 1 28 17 0 28 16 0
15 1 93 0 1 93 1 1 93 44 0 93 44 0 100 44 0 100 45 27 100 45 27 100 44 27 18 44 28 18 44 28 18 1 28 18 0 27 18 0 27 16 0 28 16 0
14 7 23 0 7 22 0 7 22 1 7 22 32 6 22 32 6 102 32 6 102 33 15 102 33 15 102 32 15 73 32 16 73 32 16 73 1 16 73 0 16 72 0
13 13 30 0 13 30 1 13 30 42 12 30 42 12 101 42 12 101 43 15 101 43 15 101 42 15 80 42 16 80 42 16 80 1 16 80 0 16 79 0
12 10 2 0 10 2 1 10 2 26 9 2 26 9 103 26 9 103 27 15 103 27 15 103 26 15 93 26 16 93 26 16 93 1 16 93 0
13 4 86 0 4 87 0 4 87 1 4 87 38 3 87 38 3 103 38 3 103 39 6 103 39 6 103 38 6 16 38 7 16 38 7 16 1 7 16 0
15 16 79 0 15 79 0 15 81 0 16 81 0 16 81 1 16 81 46 15 81 46 15 100 46 15 100 47 30 100 47 30 100 46 30 37 46 31 37 46 31 37 1 31 37 0
14 22 44 0 22 45 0 22 45 1 22 45 22 21 45 22 21 105 22 21 105 23 24 105 23 24 105 22 24 87 22 25 87 22 25 87 1 25 87 0 25 86 0
14 22 23 0 22 24 0 22 24 1 22 24 38 21 24 38 21 104 38 21 104 39 42 104 39 42 104 38 42 45 38 43 45 38 43 45 1 43 45 0 43 44 0
12 22 9 0 22 10 0 22 10 1 22 10 2 23 10 2 23 53 2 22 53 2 22 53 1 22 53 0 21 53 0 21 51 0 22 51 0
13 13 72 0 13 72 1 13 72 52 12 72 52 12 99 52 12 99 53 39 99 53 39 99 52 39 94 52 40 94 52 40 94 1 40 94 0 40 93 0
12 1 2 0 1 2 1 1 2 26 0 2 26 0 104 26 0 104 27 3 104 27 3 104 26 3 16 26 4 16 26 4 16 1 4 16 0
15 4 37 0 3 37 0 3 39 0 4 39 0 4 39 1 4 39 32 3 39 32 3 103 32 3 103 33 33 103 33 33 103 32 33 30 32 34 30 32 34 30 1 34 30 0
16 1 30 0 0 30 0 0 32 0 1 32 0 1 32 1 1 32 40 0 32 40 0 103 40 0 103 41 21 103 41 21 103 40 21 94 40 22 94 40 22 94 1 22 94 0 22 93 0
15 7 79 0 6 79 0 6 81 0 7 81 0 7 81 1 7 81 48 6 81 48 6 100 48 6 100 49 15 100 49 15 100 48 15 58 48 16 58 48 16 58 1 16 58 0
14 10 23 0 10 24 0 10 24 1 10 24 24 9 24 24 9 105 24 9 105 25 42 105 25 42 105 24 42 24 24 43 24 24 43 24 1 43 24 0 43 23 0
14 1 9 0 1 10 0 1 10 1 1 10 28 0 10 28 0 105 28 0 105 29 9 105 29 9 105 28 9 87 28 10 87 28 10 87 1 10 87 0 10 86 0
16 4 93 0 4 94 0 4 94 1 4 94 44 3 94 44 3 101 44 3 101 45 21 101 45 21 101 44 21 95 44 22 95 44 22 95 1 22 95 0 21 95 0 21 93 0 22 93 0
14 7 79 0 7 78 0 7 78 1 7 78 44 6 78 44 6 102 44 6 102 45 36 102 45 36 102 44 36 43 44 37 43 44 37 43 1 37 43 0 37 44 0
13 7 2 0 7 3 0 7 3 1 7 3 42 6 3 42 6 102 42 6 102 43 9 102 43 9 102 42 9 30 42 10 30 42 10 30 1 10 30 0
14 16 58 0 16 59 0 16 59 1 16 59 50 15 59 50 15 100 50 15 100 51 30 100 51 30 100 50 30 31 50 31 31 50 31 31 1 31 31 0 31 30 0
14 10 72 0 10 73 0 10 73 1 10 73 36 9 73 36 9 103 36 9 103 37 42 103 37 42 103 36 42 94 36 43 94 36 43 94 1 43 94 0 43 93 0
14 4 72 0 4 73 0 4 73 1 4 73 46 3 73 46 3 101 46 3 101 47 42 101 47 42 101 46 42 80 46 43 80 46 43 80 1 43 80 0 43 79 0
15 4 2 0 4 2 1 4 2 48 3 2 48 3 101 48 3 101 49 12 101 49 12 101 48 12 11 48 13 11 48 13 11 1 13 11 0 12 11 0 12 9 0 13 9 0
13 7 58 0 7 59 0 7 59 1 7 59 46 6 59 46 6 102 46 6 102 47 36 102 47 36 102 46 36 9 46 37 9 46 37 9 1 37 9 0
16 16 37 0 15 37 0 15 39 0 16 39 0 16 39 1 16 39 6 15 39 6 15 106 6 15 106 7 45 106 7 45 106 6 45 31 6 46 31 6 46 31 1 46 31 0 46 30 0
16 4 2 0 4 3 0 4 3 1 4 3 50 3 3 50 3 101 50 3 101 51 42 101 51 42 101 50 42 81 50 43 81 50 43 81 1 43 81 0 42 81 0 42 79 0 43 79 0
12 28 93 0 28 93 1 28 93 46 27 93 46 27 103 46 27 103 47 33 103 47 33 103 46 33 65 46 34 65 46 34 65 1 34 65 0
14 10 51 0 10 52 0 10 52 1 10 52 10 9 52 10 9 106 10 9 106 11 30 106 11 30 106 10 30 66 10 31 66 10 31 66 1 31 66 0 31 65 0
9 25 37 0 25 38 0 25 38 1 25 38 2 26 38 2 26 51 2 25 51 2 25 51 1 25 51 0
18 13 79 0 12 79 0 12 81 0 13 81 0 13 81 1 13 81 54 12 81 54 12 99 54 12 99 55 21 99 55 21 99 54 21 74 54 22 74 54 22 74 1 22 74 0 21 74 0 21 72 0 22 72 0
13 19 51 0 19 51 1 19 51 32 18 51 32 18 104 32 18 104 33 21 104 33 21 104 32 21 38 32 22 38 32 22 38 1 22 38 0 22 37 0
13 4 44 0 4 45 0 4 45 1 4 45 52 3 45 52 3 100 52 3 100 53 21 100 53 21 100 52 21 79 52 22 79 52 22 79 1 22 79 0
12 19 44 0 19 44 1 19 44 42 18 44 42 18 103 42 18 103 43 24 103 43 24 103 42 24 44 42 25 44 42 25 44 1 25 44 0
14 10 93 0 10 94 0 10 94 1 10 94 48 9 94 48 9 102 48 9 102 49 21 102 49 21 102 48 21 80 48 22 80 48 22 80 1 22 80 0 22 79 0
16 1 72 0 1 73 0 1 73 1 1 73 34 0 73 34 0 104 34 0 104 35 33 104 35 33 104 34 33 39 34 34 39 34 34 39 1 34 39 0 33 39 0 33 37 0 34 37 0
13 25 23 0 25 24 0 25 24 1 25 24 48 24 24 48 24 103 48 24 103 49 36 103 49 36 103 48 36 93 48 37 93 48 37 93 1 37 93 0
16 1 65 0 1 66 0 1 66 1 1 66 30 0 66 30 0 104 30 0 104 31 3 104 31 3 104 30 3 74 30 4 74 30 4 74 1 4 74 0 3 74 0 3 72 0 4 72 0
15 19 2 0 19 2 1 19 2 36 18 2 36 18 104 36 18 104 37 33 104 37 33 104 36 33 46 36 34 46 36 34 46 1 34 46 0 33 46 0 33 44 0 34 44 0
14 4 58 0 4 59 0 4 59 1 4 59 54 3 59 54 3 100 54 3 100 55 42 100 55 42 100 54 42 66 54 43 66 54 43 66 1 43 66 0 43 65 0
18 22 23 0 21 23 0 21 25 0 22 25 0 22 25 1 22 25 50 21 25 50 21 102 50 21 102 51 24 102 51 24 102 50 24 4 50 25 4 50 25 4 1 25 4 0 24 4 0 24 2 0 25 2 0
14 13 9 0 13 8 0 13 8 1 13 8 44 12 8 44 12 103 44 12 103 45 18 103 45 18 103 44 18 52 44 19 52 44 19 52 1 19 52 0 19 51 0
14 7 51 0 7 52 0 7 52 1 7 52 56 6 52 56 6 99 56 6 99 57 21 99 57 21 99 56 21 17 56 22 17 56 22 17 1 22 17 0 22 16 0
15 16 65 0 15 65 0 15 67 0 16 67 0 16 67 1 16 67 30 15 67 30 15 105 30 15 105 31 18 105 31 18 105 30 18 58 30 19 58 30 19 58 1 19 58 0
10 13 72 0 13 73 0 13 73 1 13 73 3 14 73 3 14 85 3 13 85 3 13 85 1 13 85 0 13 86 0
13 7 9 0 7 9 1 7 9 50 6 9 50 6 103 50 6 103 51 18 103 51 18 103 50 18 3 50 19 3 50 19 3 1 19 3 0 19 2 0
14 4 65 0 4 64 0 4 64 1 4 64 40 3 64 40 3 104 40 3 104 41 33 104 41 33 104 40 33 52 40 34 52 40 34 52 1 34 52 0 34 51 0
14 34 72 0 34 73 0 34 73 1 34 73 42 33 73 42 33 104 42 33 104 43 42 104 43 42 104 42 42 10 42 43 10 42 43 10 1 43 10 0 43 9 0
14 22 30 0 22 31 0 22 31 1 22 31 18 21 31 18 21 106 18 21 106 19 45 106 19 45 106 18 45 1 18 46 1 18 46 1 1 46 1 0 46 2 0
14 37 93 0 37 94 0 37 94 1 37 94 54 36 94 54 36 101 54 36 101 55 39 101 55 39 101 54 39 80 54 40 80 54 40 80 1 40 80 0 40 79 0
15 13 65 0 12 65 0 12 67 0 13 67 0 13 67 1 13 67 56 12 67 56 12 100 56 12 100 57 33 100 57 33 100 56 33 79 56 34 79 56 34 79 1 34 79 0
16 10 51 0 9 51 0 9 53 0 10 53 0 10 53 1 10 53 46 9 53 46 9 104 46 9 104 47 12 104 47 12 104 46 12 94 46 13 94 46 13 94 1 13 94 0 13 93 0
16 13 51 0 12 51 0 12 53 0 13 53 0 13 53 1 13 53 58 12 53 58 12 99 58 12 99 59 30 99 59 30 99 58 30 3 58 31 3 58 31 3 1 31 3 0 31 2 0
16 25 44 0 25 45 0 25 45 1 25 45 44 24 45 44 24 104 44 24 104 45 42 104 45 42 104 44 42 25 44 43 25 44 43 25 1 43 25 0 42 25 0 42 23 0 43 23 0
16 1 30 0 1 29 0 1 29 1 1 29 12 0 29 12 0 105 12 0 105 13 45 105 13 45 105 12 45 11 12 46 11 12 46 11 1 46 11 0 45 11 0 45 9 0 46 9 0
16 13 30 0 13 31 0 13 31 1 13 31 60 12 31 60 12 99 60 12 99 61 42 99 61 42 99 60 42 67 60 43 67 60 43 67 1 43 67 0 42 67 0 42 65 0 43 65 0
16 7 51 0 6 51 0 6 53 0 7 53 0 7 53 1 7 53 40 6 53 40 6 105 40 6 105 41 24 105 41 24 105 40 24 52 40 25 52 40 25 52 1 25 52 0 25 51 0
15 10 44 0 10 44 1 10 44 56 9 44 56 9 101 56 9 101 57 39 101 57 39 101 56 39 74 56 40 74 56 40 74 1 40 74 0 39 74 0 39 72 0 40 72 0
13 4 30 0 4 31 0 4 31 1 4 31 36 3 31 36 3 105 36 3 105 37 30 105 37 30 105 36 30 51 36 31 51 36 31 51 1 31 51 0
14 1 16 0 1 17 0 1 17 1 1 17 52 0 17 52 0 101 52 0 101 53 6 101 53 6 101 52 6 87 52 7 87 52 7 87 1 7 87 0 7 86 0
18 1 65 0 0 65 0 0 67 0 1 67 0 1 67 1 1 67 50 0 67 50 0 104 50 0 104 51 9 104 51 9 104 50 9 88 50 10 88 50 10 88 1 10 88 0 9 88 0 9 86 0 10 86 0
11 40 16 0 40 16 1 40 16 3 41 16 3 41 32 3 40 32 3 40 32 1 40 32 0 39 32 0 39 30 0 40 30 0
16 19 23 0 19 24 0 19 24 1 19 24 58 18 24 58 18 100 58 18 100 59 21 100 59 21 100 58 21 32 58 22 32 58 22 32 1 22 32 0 21 32 0 21 30 0 22 30 0
16 19 37 0 19 38 0 19 38 1 19 38 52 18 38 52 18 102 52 18 102 53 36 102 53 36 102 52 36 88 52 37 88 52 37 88 1 37 88 0 36 88 0 36 86 0 37 86 0
14 4 37 0 4 36 0 4 36 1 4 36 60 3 36 60 3 100 60 3 100 61 21 100 61 21 100 60 21 66 60 22 66 60 22 66 1 22 66 0 22 65 0
15 19 16 0 18 16 0 18 18 0 19 18 0 19 18 1 19 18 62 18 18 62 18 99 62 18 99 63 21 99 63 21 99 62 21 58 62 22 58 62 22 58 1 22 58 0
18 28 37 0 27 37 0 27 39 0 28 39 0 28 39 1 28 39 50 27 39 50 27 105 50 27 105 51 36 105 51 36 105 50 36 4 50 37 4 50 37 4 1 37 4 0 36 4 0 36 2 0 37 2 0
16 31 2 0 30 2 0 30 4 0 31 4 0 31 4 1 31 4 14 30 4 14 30 106 14 30 106 15 36 106 15 36 106 14 36 59 14 37 59 14 37 59 1 37 59 0 37 58 0
15 13 93 0 12 93 0 12 95 0 13 95 0 13 95 1 13 95 62 12 95 62 12 100 62 12 100 63 45 100 63 45 100 62 45 37 62 46 37 62 46 37 1 46 37 0
15 10 58 0 10 58 1 10 58 64 9 58 64 9 99 64 9 99 65 21 99 65 21 99 64 21 81 64 22 81 64 22 81 1 22 81 0 21 81 0 21 79 0 22 79 0
14 1 93 0 1 94 0 1 94 1 1 94 56 0 94 56 0 102 56 0 102 57 36 102 57 36 102 56 36 66 56 37 66 56 37 66 1 37 66 0 37 65 0
16 34 44 0 34 43 0 34 43 1 34 43 58 33 43 58 33 101 58 33 101 59 36 101 59 36 101 58 36 60 58 37 60 58 37 60 1 37 60 0 36 60 0 36 58 0 37 58 0
13 1 79 0 1 80 0 1 80 1 1 80 54 0 80 54 0 102 54 0 102 55 6 102 55 6 102 54 6 37 54 7 37 54 7 37 1 7 37 0
18 4 2 0 3 2 0 3 4 0 4 4 0 4 4 1 4 4 34 3 4 34 3 105 34 3 105 35 15 105 35 15 105 34 15 60 34 16 60 34 16 60 1 16 60 0 15 60 0 15 58 0 16 58 0
13 34 58 0 34 58 1 34 58 48 33 58 48 33 104 48 33 104 49 42 104 49 42 104 48 42 22 48 43 22 48 43 22 1 43 22 0 43 23 0
15 13 72 0 12 72 0 12 74 0 13 74 0 13 74 1 13 74 64 12 74 64 12 100 64 12 100 65 33 100 65 33 100 64 33 23 64 34 23 64 34 23 1 34 23 0
16 10 79 0 10 80 0 10 80 1 10 80 22 9 80 22 9 106 22 9 106 23 18 106 23 18 106 22 18 4 22 19 4 22 19 4 1 19 4 0 18 4 0 18 2 0 19 2 0
16 31 93 0 31 94 0 31 94 1 31 94 26 30 94 26 30 105 26 30 105 27 33 105 27 33 105 26 33 74 26 34 74 26 34 74 1 34 74 0 33 74 0 33 72 0 34 72 0
16 16 72 0 15 72 0 15 74 0 16 74 0 16 74 1 16 74 52 15 74 52 15 103 52 15 103 53 30 103 53 30 103 52 30 52 52 31 52 52 31 52 1 31 52 0 31 51 0
16 1 65 0 1 64 0 1 64 1 1 64 58 0 64 58 0 102 58 0 102 59 3 102 59 3 102 58 3 32 58 4 32 58 4 32 1 4 32 0 3 32 0 3 30 0 4 30 0
18 40 37 0 39 37 0 39 39 0 40 39 0 40 39 1 40 39 58 39 39 58 39 103 58 39 103 59 42 103 59 42 103 58 42 11 58 43 11 58 43 11 1 43 11 0 42 11 0 42 9 0 43 9 0
18 4 9 0 3 9 0 3 11 0 4 11 0 4 11 1 4 11 56 3 11 56 3 103 56 3 103 57 42 103 57 42 103 56 42 39 56 43 39 56 43 39 1 43 39 0 42 39 0 42 37 0 43 37 0
15 1 51 0 0 51 0 0 53 0 1 53 0 1 53 1 1 53 60 0 53 60 0 101 60 0 101 61 27 101 61 27 101 60 27 65 60 28 65 60 28 65 1 28 65 0
16 10 93 0 9 93 0 9 95 0 10 95 0 10 95 1 10 95 44 9 95 44 9 105 44 9 105 45 33 105 45 33 105 44 33 71 44 34 71 44 34 71 1 34 71 0 34 72 0
11 1 44 0 0 44 0 0 46 0 1 46 0 1 46 1 1 46 3 2 46 3 2 58 3 1 58 3 1 58 1 1 58 0
15 1 23 0 1 23 1 1 23 62 0 23 62 0 101 62 0 101 63 6 101 63 6 101 62 6 95 62 7 95 62 7 95 1 7 95 0 6 95 0 6 93 0 7 93 0
18 1 9 0 0 9 0 0 11 0 1 11 0 1 11 1 1 11 66 0 11 66 0 99 66 0 99 67 9 99 67 9 99 66 9 81 66 10 81 66 10 81 1 10 81 0 9 81 0 9 79 0 10 79 0
12 25 79 0 25 79 1 25 79 52 24 79 52 24 104 52 24 104 53 42 104 53 42 104 52 42 30 52 43 30 52 43 30 1 43 30 0
14 22 23 0 22 22 0 22 22 1 22 22 66 21 22 66 21 100 66 21 100 67 24 100 67 24 100 66 24 80 66 25 80 66 25 80 1 25 80 0 25 79 0
13 4 51 0 4 51 1 4 51 62 3 51 62 3 102 62 3 102 63 36 102 63 36 102 62 36 10 62 37 10 62 37 10 1 37 10 0 37 9 0
16 1 72 0 0 72 0 0 74 0 1 74 0 1 74 1 1 74 68 0 74 68 0 99 68 0 99 69 9 99 69 9 99 68 9 85 68 10 85 68 10 85 1 10 85 0 10 86 0
16 4 51 0 4 52 0 4 52 1 4 52 64 3 52 64 3 101 64 3 101 65 45 101 65 45 101 64 45 32 64 46 32 64 46 32 1 46 32 0 45 32 0 45 30 0 46 30 0
16 16 16 0 16 17 0 16 17 1 16 17 54 15 17 54 15 103 54 15 103 55 18 103 55 18 103 54 18 95 54 19 95 54 19 95 1 19 95 0 18 95 0 18 93 0 19 93 0
16 22 72 0 22 71 0 22 71 1 22 71 68 21 71 68 21 100 68 21 100 69 24 100 69 24 100 68 24 46 68 25 46 68 25 46 1 25 46 0 24 46 0 24 44 0 25 44 0
16 13 37 0 12 37 0 12 39 0 13 39 0 13 39 1 13 39 66 12 39 66 12 101 66 12 101 67 45 101 67 45 101 66 45 29 66 46 29 66 46 29 1 46 29 0 46 30 0
16 19 86 0 18 86 0 18 88 0 19 88 0 19 88 1 19 88 48 18 88 48 18 105 48 18 105 49 27 105 49 27 105 48 27 52 48 28 52 48 28 52 1 28 52 0 28 51 0
14 1 2 0 1 3 0 1 3 1 1 3 46 0 3 46 0 105 46 0 105 47 24 105 47 24 105 46 24 73 46 25 73 46 25 73 1 25 73 0 25 72 0
16 13 51 0 13 50 0 13 50 1 13 50 70 12 50 70 12 99 70 12 99 71 21 99 71 21 99 70 21 39 70 22 39 70 22 39 1 22 39 0 21 39 0 21 37 0 22 37 0
14 28 23 0 28 24 0 28 24 1 28 24 52 27 24 52 27 105 52 27 105 53 33 105 53 33 105 52 33 59 52 34 59 52 34 59 1 34 59 0 34 58 0
16 1 37 0 1 38 0 1 38 1 1 38 64 0 38 64 0 102 64 0 102 65 27 102 65 27 102 64 27 25 64 28 25 64 28 25 1 28 25 0 27 25 0 27 23 0 28 23 0
14 7 51 0 7 50 0 7 50 1 7 50 60 6 50 60 6 102 60 6 102 61 36 102 61 36 102 60 36 38 60 37 38 60 37 38 1 37 38 0 37 37 0
16 1 93 0 0 93 0 0 95 0 1 95 0 1 95 1 1 95 38 0 95 38 0 105 38 0 105 39 33 105 39 33 105 38 33 17 38 34 17 38 34 17 1 34 17 0 34 16 0
14 19 65 0 19 66 0 19 66 1 19 66 56 18 66 56 18 104 56 18 104 57 24 104 57 24 104 56 24 43 56 25 43 56 25 43 1 25 43 0 25 44 0
14 31 72 0 31 73 0 31 73 1 31 73 62 30 73 62 30 103 62 30 103 63 42 103 63 42 103 62 42 73 62 43 73 62 43 73 1 43 73 0 43 72 0
16 28 72 0 28 73 0 28 73 1 28 73 54 27 73 54 27 104 54 27 104 55 33 104 55 33 104 54 33 53 54 34 53 54 34 53 1 34 53 0 33 53 0 33 51 0 34 51 0
13 10 16 0 10 16 1 10 16 70 9 16 70 9 100 70 9 100 71 36 100 71 36 100 70 36 57 70 37 57 70 37 57 1 37 57 0 37 58 0
16 7 72 0 6 72 0 6 74 0 7 74 0 7 74 1 7 74 66 6 74 66 6 102 66 6 102 67 33 102 67 33 102 66 33 80 66 34 80 66 34 80 1 34 80 0 34 79 0
14 28 44 0 28 45 0 28 45 1 28 45 66 27 45 66 27 103 66 27 103 67 36 103 67 36 103 66 36 50 66 37 50 66 37 50 1 37 50 0 37 51 0
14 13 23 0 13 22 0 13 22 1 13 22 68 12 22 68 12 101 68 12 101 69 42 101 69 42 101 68 42 36 68 43 36 68 43 36 1 43 36 0 43 37 0
13 4 79 0 4 79 1 4 79 66 3 79 66 3 104 66 3 104 67 18 104 67 18 104 66 18 73 66 19 73 66 19 73 1 19 73 0 19 72 0
15 28 30 0 28 30 1 28 30 56 27 30 56 27 105 56 27 105 57 30 105 57 30 105 56 30 32 56 31 32 56 31 32 1 31 32 0 30 32 0 30 30 0 31 30 0
15 31 23 0 31 23 1 31 23 64 30 23 64 30 103 64 30 103 65 36 103 65 36 103 64 36 39 64 37 39 64 37 39 1 37 39 0 36 39 0 36 37 0 37 37 0
14 10 16 0 10 17 0 10 17 1 10 17 16 9 17 16 9 106 16 9 106 17 45 106 17 45 106 16 45 8 16 46 8 16 46 8 1 46 8 0 46 9 0
18 1 37 0 0 37 0 0 39 0 1 39 0 1 39 1 1 39 70 0 39 70 0 101 70 0 101 71 39 101 71 39 101 70 39 25 70 40 25 70 40 25 1 40 25 0 39 25 0 39 23 0 40 23 0
14 19 2 0 19 1 0 19 1 1 19 1 60 18 1 60 18 103 60 18 103 61 39 103 61 39 103 60 39 22 60 40 22 60 40 22 1 40 22 0 40 23 0
14 10 30 0 10 31 0 10 31 1 10 31 32 9 31 32 9 105 32 9 105 33 24 105 33 24 105 32 24 66 32 25 66 32 25 66 1 25 66 0 25 65 0
15 4 51 0 3 51 0 3 53 0 4 53 0 4 53 1 4 53 68 3 53 68 3 102 68 3 102 69 33 102 69 33 102 68 33 93 68 34 93 68 34 93 1 34 93 0
16 7 37 0 7 38 0 7 38 1 7 38 64 6 38 64 6 104 64 6 104 65 42 104 65 42 104 64 42 46 64 43 46 64 43 46 1 43 46 0 42 46 0 42 44 0 43 44 0
18 31 72 0 30 72 0 30 74 0 31 74 0 31 74 1 31 74 60 30 74 60 30 104 60 30 104 61 33 104 61 33 104 60 33 81 60 34 81 60 34 81 1 34 81 0 33 81 0 33 79 0 34 79 0
16 7 9 0 7 10 0 7 10 1 7 10 58 6 10 58 6 104 58 6 104 59 27 104 59 27 104 58 27 74 58 28 74 58 28 74 1 28 74 0 27 74 0 27 72 0 28 72 0
12 7 2 0 6 2 0 6 4 0 7 4 0 7 4 1 7 4 3 8 4 3 8 17 3 7 17 3 7 17 1 7 17 0 7 16 0
18 28 9 0 27 9 0 27 11 0 28 11 0 28 11 1 28 11 68 27 11 68 27 103 68 27 103 69 36 103 69 36 103 68 36 67 68 37 67 68 37 67 1 37 67 0 36 67 0 36 65 0 37 65 0
10 13 2 0 13 3 0 13 3 1 13 3 4 14 3 4 14 45 4 13 45 4 13 45 1 13 45 0 13 44 0
16 40 9 0 40 8 0 40 8 1 40 8 66 39 8 66 39 105 66 39 105 67 42 105 67 42 105 66 42 88 66 43 88 66 43 88 1 43 88 0 42 88 0 42 86 0 43 86 0
16 1 72 0 1 71 0 1 71 1 1 71 72 0 71 72 0 99 72 0 99 73 6 99 73 6 99 72 6 18 72 7 18 72 7 18 1 7 18 0 6 18 0 6 16 0 7 16 0
15 10 65 0 9 65 0 9 67 0 10 67 0 10 67 1 10 67 58 9 67 58 9 105 58 9 105 59 15 105 59 15 105 58 15 9 58 16 9 58 16 9 1 16 9 0
18 28 44 0 27 44 0 27 46 0 28 46 0 28 46 1 28 46 62 27 46 62 27 104 62 27 104 63 33 104 63 33 104 62 33 11 62 34 11 62 34 11 1 34 11 0 33 11 0 33 9 0 34 9 0
14 16 93 0 16 94 0 16 94 1 16 94 70 15 94 70 15 102 70 15 102 71 27 102 71 27 102 70 27 85 70 28 85 70 28 85 1 28 85 0 28 86 0
16 4 58 0 3 58 0 3 60 0 4 60 0 4 60 1 4 60 72 3 60 72 3 100 72 3 100 73 39 100 73 39 100 72 39 36 72 40 36 72 40 36 1 40 36 0 40 37 0
13 25 58 0 25 58 1 25 58 54 24 58 54 24 105 54 24 105 55 30 105 55 30 105 54 30 80 54 31 80 54 31 80 1 31 80 0 31 79 0
18 13 58 0 12 58 0 12 60 0 13 60 0 13 60 1 13 60 72 12 60 72 12 101 72 12 101 73 21 101 73 21 101 72 21 67 72 22 67 72 22 67 1 22 67 0 21 67 0 21 65 0 22 65 0
14 10 2 0 10 3 0 10 3 1 10 3 72 9 3 72 9 102 72 9 102 73 30 102 73 30 102 72 30 38 72 31 38 72 31 38 1 31 38 0 31 37 0
18 10 9 0 9 9 0 9 11 0 10 11 0 10 11 1 10 11 74 9 11 74 9 99 74 9 99 75 42 99 75 42 99 74 42 60 74 43 60 74 43 60 1 43 60 0 42 60 0 42 58 0 43 58 0
16 7 86 0 6 86 0 6 88 0 7 88 0 7 88 1 7 88 70 6 88 70 6 103 70 6 103 71 33 103 71 33 103 70 33 36 70 34 36 70 34 36 1 34 36 0 34 37 0
18 22 9 0 21 9 0 21 11 0 22 11 0 22 11 1 22 11 76 21 11 76 21 99 76 21 99 77 42 99 77 42 99 76 42 53 76 43 53 76 43 53 1 43 53 0 42 53 0 42 51 0 43 51 0
14 16 51 0 16 52 0 16 52 1 16 52 56 15 52 56 15 106 56 15 106 57 45 106 57 45 106 56 45 17 56 46 17 56 46 17 1 46 17 0 46 16 0
16 7 44 0 6 44 0 6 46 0 7 46 0 7 46 1 7 46 74 6 46 74 6 100 74 6 100 75 21 100 75 21 100 74 21 87 74 22 87 74 22 87 1 22 87 0 22 86 0
16 28 93 0 28 94 0 28 94 1 28 94 74 27 94 74 27 101 74 27 101 75 30 101 75 30 101 74 30 53 74 31 53 74 31 53 1 31 53 0 30 53 0 30 51 0 31 51 0
14 31 72 0 31 71 0 31 71 1 31 71 68 30 71 68 30 104 68 30 104 69 39 104 69 39 104 68 39 87 68 40 87 68 40 87 1 40 87 0 40 86 0
16 16 44 0 16 45 0 16 45 1 16 45 72 15 45 72 15 103 72 15 103 73 33 103 73 33 103 72 33 18 72 34 18 72 34 18 1 34 18 0 33 18 0 33 16 0 34 16 0
13 10 37 0 10 37 1 10 37 78 9 37 78 9 99 78 9 99 79 42 99 79 42 99 78 42 31 78 43 31 78 43 31 1 43 31 0 43 30 0
14 10 58 0 10 59 0 10 59 1 10 59 80 9 59 80 9 99 80 9 99 81 42 99 81 42 99 80 42 64 80 43 64 80 43 64 1 43 64 0 43 65 0
18 13 44 0 12 44 0 12 46 0 13 46 0 13 46 1 13 46 76 12 46 76 12 100 76 12 100 77 30 100 77 30 100 76 30 81 76 31 81 76 31 81 1 31 81 0 30 81 0 30 79 0 31 79 0
16 4 58 0 4 57 0 4 57 1 4 57 70 3 57 70 3 104 70 3 104 71 30 104 71 30 104 70 30 67 70 31 67 70 31 67 1 31 67 0 30 67 0 30 65 0 31 65 0
16 1 23 0 1 24 0 1 24 1 1 24 74 0 24 74 0 102 74 0 102 75 24 102 75 24 102 74 24 81 74 25 81 74 25 81 1 25 81 0 24 81 0 24 79 0 25 79 0
14 1 9 0 1 8 0 1 8 1 1 8 76 0 8 76 0 101 76 0 101 77 3 101 77 3 101 76 3 1 76 4 1 76 4 1 1 4 1 0 4 2 0
14 19 79 0 19 80 0 19 80 1 19 80 74 18 80 74 18 103 74 18 103 75 33 103 75 33 103 74 33 31 74 34 31 74 34 31 1 34 31 0 34 30 0
16 19 58 0 19 59 0 19 59 1 19 59 64 18 59 64 18 105 64 18 105 65 39 105 65 39 105 64 39 95 64 40 95 64 40 95 1 40 95 0 39 95 0 39 93 0 40 93 0
14 1 37 0 1 36 0 1 36 1 1 36 78 0 36 78 0 100 78 0 100 79 39 100 79 39 100 78 39 92 78 40 92 78 40 92 1 40 92 0 40 93 0
16 7 86 0 7 85 0 7 85 1 7 85 76 6 85 76 6 102 76 6 102 77 24 102 77 24 102 76 24 74 76 25 74 76 25 74 1 25 74 0 24 74 0 24 72 0 25 72 0
16 22 79 0 22 78 0 22 78 1 22 78 80 21 78 80 21 100 80 21 100 81 39 100 81 39 100 80 39 88 80 40 88 80 40 88 1 40 88 0 39 88 0 39 86 0 40 86 0
14 28 58 0 28 57 0 28 57 1 28 57 72 27 57 72 27 104 72 27 104 73 36 104 73 36 104 72 36 64 72 37 64 72 37 64 1 37 64 0 37 65 0
18 7 9 0 6 9 0 6 11 0 7 11 0 7 11 1 7 11 78 6 11 78 6 101 78 6 101 79 12 101 79 12 101 78 12 32 78 13 32 78 13 32 1 13 32 0 12 32 0 12 30 0 13 30 0
18 7 58 0 6 58 0 6 60 0 7 60 0 7 60 1 7 60 68 6 60 68 6 105 68 6 105 69 18 105 69 18 105 68 18 53 68 19 53 68 19 53 1 19 53 0 18 53 0 18 51 0 19 51 0
14 25 30 0 25 31 0 25 31 1 25 31 70 24 31 70 24 105 70 24 105 71 42 105 71 42 105 70 42 3 70 43 3 70 43 3 1 43 3 0 43 2 0
16 4 86 0 3 86 0 3 88 0 4 88 0 4 88 1 4 88 78 3 88 78 3 102 78 3 102 79 21 102 79 21 102 78 21 64 78 22 64 78 22 64 1 22 64 0 22 65 0
16 1 58 0 1 59 0 1 59 1 1 59 80 0 59 80 0 101 80 0 101 81 15 101 81 15 101 80 15 4 80 16 4 80 16 4 1 16 4 0 15 4 0 15 2 0 16 2 0
13 19 30 0 19 30 1 19 30 76 18 30 76 18 103 76 18 103 77 36 103 77 36 103 76 36 80 76 37 80 76 37 80 1 37 80 0 37 79 0
12 37 37 0 37 36 0 37 36 1 37 36 2 38 36 2 38 81 2 37 81 2 37 81 1 37 81 0 36 81 0 36 79 0 37 79 0
10 31 23 0 31 24 0 31 24 1 31 24 2 32 24 2 32 50 2 31 50 2 31 50 1 31 50 0 31 51 0
14 13 79 0 13 78 0 13 78 1 13 78 74 12 78 74 12 104 74 12 104 75 15 104 75 15 104 74 15 57 74 16 57 74 16 57 1 16 57 0 16 58 0
14 16 30 0 16 29 0 16 29 1 16 29 76 15 29 76 15 104 76 15 104 77 33 104 77 33 104 76 33 50 76 34 50 76 34 50 1 34 50 0 34 51 0
12 31 23 0 30 23 0 30 25 0 31 25 0 31 25 1 31 25 3 32 25 3 32 45 3 31 45 3 31 45 1 31 45 0 31 44 0
16 25 79 0 25 78 0 25 78 1 25 78 78 24 78 78 24 103 78 24 103 79 36 103 79 36 103 78 36 11 78 37 11 78 37 11 1 37 11 0 36 11 0 36 9 0 37 9 0
16 4 23 0 4 24 0 4 24 1 4 24 82 3 24 82 3 99 82 3 99 83 9 99 83 9 99 82 9 25 82 10 25 82 10 25 1 10 25 0 9 25 0 9 23 0 10 23 0
16 4 79 0 4 80 0 4 80 1 4 80 84 3 80 84 3 99 84 3 99 85 21 99 85 21 99 84 21 4 84 22 4 84 22 4 1 22 4 0 21 4 0 21 2 0 22 2 0
16 4 23 0 3 23 0 3 25 0 4 25 0 4 25 1 4 25 86 3 25 86 3 99 86 3 99 87 9 99 87 9 99 86 9 92 86 10 92 86 10 92 1 10 92 0 10 93 0
16 37 86 0 37 85 0 37 85 1 37 85 82 36 85 82 36 100 82 36 100 83 42 100 83 42 100 82 42 32 82 43 32 82 43 32 1 43 32 0 42 32 0 42 30 0 43 30 0
14 10 37 0 10 38 0 10 38 1 10 38 76 9 38 76 9 105 76 9 105 77 27 105 77 27 105 76 27 36 76 28 36 76 28 36 1 28 36 0 28 37 0
16 19 72 0 18 72 0 18 74 0 19 74 0 19 74 1 19 74 82 18 74 82 18 101 82 18 101 83 21 101 83 21 101 82 21 36 82 22 36 82 22 36 1 22 36 0 22 37 0
14 10 44 0 10 45 0 10 45 1 10 45 60 9 45 60 9 105 60 9 105 61 15 105 61 15 105 60 15 36 60 16 36 60 16 36 1 16 36 0 16 37 0
16 13 93 0 13 92 0 13 92 1 13 92 80 12 92 80 12 102 80 12 102 81 24 102 81 24 102 80 24 32 80 25 32 80 25 32 1 25 32 0 24 32 0 24 30 0 25 30 0
14 25 58 0 25 59 0 25 59 1 25 59 82 24 59 82 24 102 82 24 102 83 27 102 83 27 102 82 27 66 82 28 66 82 28 66 1 28 66 0 28 65 0
16 13 2 0 12 2 0 12 4 0 13 4 0 13 4 1 13 4 82 12 4 82 12 103 82 12 103 83 33 103 83 33 103 82 33 15 82 34 15 82 34 15 1 34 15 0 34 16 0
14 4 9 0 4 8 0 4 8 1 4 8 74 3 8 74 3 105 74 3 105 75 36 105 75 36 105 74 36 31 74 37 31 74 37 31 1 37 31 0 37 30 0
14 1 51 0 1 50 0 1 50 1 1 50 84 0 50 84 0 100 84 0 100 85 18 100 85 18 100 84 18 85 84 19 85 84 19 85 1 19 85 0 19 86 0
16 1 58 0 0 58 0 0 60 0 1 60 0 1 60 1 1 60 86 0 60 86 0 100 86 0 100 87 12 100 87 12 100 86 12 43 86 13 43 86 13 43 1 13 43 0 13 44 0
16 13 58 0 13 57 0 13 57 1 13 57 88 12 57 88 12 99 88 12 99 89 18 99 89 18 99 88 18 81 88 19 81 88 19 81 1 19 81 0 18 81 0 18 79 0 19 79 0
16 10 37 0 9 37 0 9 39 0 10 39 0 10 39 1 10 39 84 9 39 84 9 101 84 9 101 85 33 101 85 33 101 84 33 66 84 34 66 84 34 66 1 34 66 0 34 65 0
16 25 30 0 25 29 0 25 29 1 25 29 72 24 29 72 24 105 72 24 105 73 42 105 73 42 105 72 42 95 72 43 95 72 43 95 1 43 95 0 42 95 0 42 93 0 43 93 0
15 19 37 0 18 37 0 18 39 0 19 39 0 19 39 1 19 39 8 18 39 8 18 106 8 18 106 9 30 106 9 30 106 8 30 9 8 31 9 8 31 9 1 31 9 0
14 13 2 0 13 1 0 13 1 1 13 1 90 12 1 90 12 99 90 12 99 91 18 99 91 18 99 90 18 10 90 19 10 90 19 10 1 19 10 0 19 9 0
18 19 9 0 18 9 0 18 11 0 19 11 0 19 11 1 19 11 78 18 11 78 18 104 78 18 104 79 33 104 79 33 104 78 33 4 78 34 4 78 34 4 1 34 4 0 33 4 0 33 2 0 34 2 0
18 10 44 0 9 44 0 9 46 0 10 46 0 10 46 1 10 46 62 9 46 62 9 105 62 9 105 63 15 105 63 15 105 62 15 53 62 16 53 62 16 53 1 16 53 0 15 53 0 15 51 0 16 51 0
16 16 44 0 15 44 0 15 46 0 16 46 0 16 46 1 16 46 68 15 46 68 15 106 68 15 106 69 45 106 69 45 106 68 45 24 68 46 24 68 46 24 1 46 24 0 46 23 0
14 16 72 0 16 71 0 16 71 1 16 71 78 15 71 78 15 105 78 15 105 79 45 105 79 45 105 78 45 38 78 46 38 78 46 38 1 46 38 0 46 37 0
14 1 44 0 1 43 0 1 43 1 1 43 82 0 43 82 0 104 82 0 104 83 6 104 83 6 104 82 6 8 82 7 8 82 7 8 1 7 8 0 7 9 0
12 16 9 0 16 10 0 16 10 1 16 10 4 17 10 4 17 95 4 16 95 4 16 95 1 16 95 0 15 95 0 15 93 0 16 93 0
16 28 51 0 27 51 0 27 53 0 28 53 0 28 53 1 28 53 78 27 53 78 27 106 78 27 106 79 30 106 79 30 106 78 30 22 78 31 22 78 31 22 1 31 22 0 31 23 0
14 7 65 0 7 64 0 7 64 1 7 64 84 6 64 84 6 102 84 6 102 85 39 102 85 39 102 84 39 43 84 40 43 84 40 43 1 40 43 0 40 44 0
16 16 23 0 16 22 0 16 22 1 16 22 86 15 22 86 15 101 86 15 101 87 21 101 87 21 101 86 21 46 86 22 46 86 22 46 1 22 46 0 21 46 0 21 44 0 22 44 0
16 10 58 0 9 58 0 9 60 0 10 60 0 10 60 1 10 60 88 9 60 88 9 100 88 9 100 89 39 100 89 39 100 88 39 66 88 40 66 88 40 66 1 40 66 0 40 65 0
18 25 23 0 24 23 0 24 25 0 25 25 0 25 25 1 25 25 84 24 25 84 24 103 84 24 103 85 27 103 85 27 103 84 27 67 84 28 67 84 28 67 1 28 67 0 27 67 0 27 65 0 28 65 0
16 16 93 0 16 92 0 16 92 1 16 92 88 15 92 88 15 101 88 15 101 89 33 101 89 33 101 88 33 67 88 34 67 88 34 67 1 34 67 0 33 67 0 33 65 0 34 65 0
10 10 37 0 10 36 0 10 36 1 10 36 2 11 36 2 11 50 2 10 50 2 10 50 1 10 50 0 10 51 0
14 25 72 0 25 71 0 25 71 1 25 71 86 24 71 86 24 102 86 24 102 87 27 102 87 27 102 86 27 64 86 28 64 86 28 64 1 28 64 0 28 65 0
16 16 86 0 15 86 0 15 88 0 16 88 0 16 88 1 16 88 90 15 88 90 15 100 90 15 100 91 21 100 91 21 100 90 21 59 90 22 59 90 22 59 1 22 59 0 22 58 0
16 19 58 0 18 58 0 18 60 0 19 60 0 19 60 1 19 60 80 18 60 80 18 103 80 18 103 81 27 103 81 27 103 80 27 71 80 28 71 80 28 71 1 28 71 0 28 72 0
18 4 93 0 3 93 0 3 95 0 4 95 0 4 95 1 4 95 88 3 95 88 3 102 88 3 102 89 24 102 89 24 102 88 24 60 88 25 60 88 25 60 1 25 60 0 24 60 0 24 58 0 25 58 0
14 19 9 0 19 8 0 19 8 1 19 8 86 18 8 86 18 103 86 18 103 87 33 103 87 33 103 86 33 8 86 34 8 86 34 8 1 34 8 0 34 9 0
16 7 72 0 7 71 0 7 71 1 7 71 86 6 71 86 6 104 86 6 104 87 42 104 87 42 104 86 42 74 86 43 74 86 43 74 1 43 74 0 42 74 0 42 72 0 43 72 0
16 13 16 0 12 16 0 12 18 0 13 18 0 13 18 1 13 18 84 12 18 84 12 104 84 12 104 85 15 104 85 15 104 84 15 78 84 16 78 84 16 78 1 16 78 0 16 79 0
16 10 30 0 9 30 0 9 32 0 10 32 0 10 32 1 10 32 92 9 32 92 9 99 92 9 99 93 18 99 93 18 99 92 18 31 92 19 31 92 19 31 1 19 31 0 19 30 0
16 1 16 0 0 16 0 0 18 0 1 18 0 1 18 1 1 18 90 0 18 90 0 101 90 0 101 91 33 101 91 33 101 90 33 94 90 34 94 90 34 94 1 34 94 0 34 93 0
14 16 51 0 16 50 0 16 50 1 16 50 82 15 50 82 15 105 82 15 105 83 39 105 83 39 105 82 39 3 82 40 3 82 40 3 1 40 3 0 40 2 0
18 16 9 0 15 9 0 15 11 0 16 11 0 16 11 1 16 11 92 15 11 92 15 100 92 15 100 93 36 100 93 36 100 92 36 18 92 37 18 92 37 18 1 37 18 0 36 18 0 36 16 0 37 16 0
14 31 79 0 31 78 0 31 78 1 31 78 84 30 78 84 30 105 84 30 105 85 42 105 85 42 105 84 42 50 84 43 50 84 43 50 1 43 50 0 43 51 0
16 22 30 0 22 29 0 22 29 1 22 29 92 21 29 92 21 101 92 21 101 93 24 101 93 24 101 92 24 53 92 25 53 92 25 53 1 25 53 0 24 53 0 24 51 0 25 51 0
16 19 72 0 19 71 0 19 71 1 19 71 94 18 71 94 18 99 94 18 99 95 39 99 95 39 99 94 39 4 94 40 4 94 40 4 1 40 4 0 39 4 0 39 2 0 40 2 0
16 10 23 0 10 22 0 10 22 1 10 22 90 9 22 90 9 102 90 9 102 91 30 102 91 30 102 90 30 88 90 31 88 90 31 88 1 31 88 0 30 88 0 30 86 0 31 86 0
16 22 51 0 22 50 0 22 50 1 22 50 26 21 50 26 21 106 26 21 106 27 45 106 27 45 106 26 45 25 26 46 25 26 46 25 1 46 25 0 45 25 0 45 23 0 46 23 0
16 22 16 0 21 16 0 21 18 0 22 18 0 22 18 1 22 18 42 21 18 42 21 105 42 21 105 43 30 105 43 30 105 42 30 1 42 31 1 42 31 1 1 31 1 0 31 2 0
18 19 30 0 18 30 0 18 32 0 19 32 0 19 32 1 19 32 96 18 32 96 18 99 96 18 99 97 30 99 97 30 99 96 30 39 96 31 39 96 31 39 1 31 39 0 30 39 0 30 37 0 31 37 0
18 10 2 0 9 2 0 9 4 0 10 4 0 10 4 1 10 4 96 9 4 96 9 100 96 9 100 97 39 100 97 39 100 96 39 67 96 40 67 96 40 67 1 40 67 0 39 67 0 39 65 0 40 65 0
16 22 86 0 21 86 0 21 88 0 22 88 0 22 88 1 22 88 88 21 88 88 21 103 88 21 103 89 27 103 89 27 103 88 27 31 88 28 31 88 28 31 1 28 31 0 28 30 0
14 25 23 0 25 22 0 25 22 1 25 22 58 24 22 58 24 106 58 24 106 59 45 106 59 45 106 58 45 22 58 46 22 58 46 22 1 46 22 0 46 23 0
16 1 2 0 0 2 0 0 4 0 1 4 0 1 4 1 1 4 98 0 4 98 0 99 98 0 99 99 18 99 99 18 99 98 18 15 98 19 15 98 19 15 1 19 15 0 19 16 0
14 19 44 0 19 45 0 19 45 1 19 45 100 18 45 100 18 99 100 18 99 101 42 99 101 42 99 100 42 85 100 43 85 100 43 85 1 43 85 0 43 86 0
14 10 65 0 10 64 0 10 64 1 10 64 94 9 64 94 9 100 94 9 100 95 30 100 95 30 100 94 30 59 94 31 59 94 31 59 1 31 59 0 31 58 0
18 1 79 0 0 79 0 0 81 0 1 81 0 1 81 1 1 81 88 0 81 88 0 104 88 0 104 89 30 104 89 30 104 88 30 46 88 31 46 88 31 46 1 31 46 0 30 46 0 30 44 0 31 44 0
14 10 44 0 10 43 0 10 43 1 10 43 98 9 43 98 9 100 98 9 100 99 30 100 99 30 100 98 30 10 98 31 10 98 31 10 1 31 10 0 31 9 0
16 19 44 0 18 44 0 18 46 0 19 46 0 19 46 1 19 46 102 18 46 102 18 99 102 18 99 103 21 99 103 21 99 102 21 92 102 22 92 102 22 92 1 22 92 0 22 93 0
14 1 93 0 1 92 0 1 92 1 1 92 92 0 92 92 0 102 92 0 102 93 3 102 93 3 102 92 3 22 92 4 22 92 4 22 1 4 22 0 4 23 0
18 25 9 0 24 9 0 24 11 0 25 11 0 25 11 1 25 11 90 24 11 90 24 103 90 24 103 91 27 103 91 27 103 90 27 4 90 28 4 90 28 4 1 28 4 0 27 4 0 27 2 0 28 2 0
14 37 23 0 37 24 0 37 24 1 37 24 86 36 24 86 36 105 86 36 105 87 39 105 87 39 105 86 39 71 86 40 71 86 40 71 1 40 71 0 40 72 0
14 7 30 0 7 31 0 7 31 1 7 31 80 6 31 80 6 104 80 6 104 81 30 104 81 30 104 80 30 43 80 31 43 80 31 43 1 31 43 0 31 44 0
18 10 72 0 9 72 0 9 74 0 10 74 0 10 74 1 10 74 100 9 74 100 9 100 100 9 100 101 30 100 101 30 100 100 30 60 100 31 60 100 31 60 1 31 60 0 30 60 0 30 58 0 31 58 0
16 16 16 0 15 16 0 15 18 0 16 18 0 16 18 1 16 18 12 15 18 12 15 106 12 15 106 13 24 106 13 24 106 12 24 92 12 25 92 12 25 92 1 25 92 0 25 93 0
16 37 72 0 36 72 0 36 74 0 37 74 0 37 74 1 37 74 90 36 74 90 36 104 90 36 104 91 39 104 91 39 104 90 39 17 90 40 17 90 40 17 1 40 17 0 40 16 0
14 10 79 0 10 78 0 10 78 1 10 78 102 9 78 102 9 100 102 9 100 103 12 100 103 12 100 102 12 71 102 13 71 102 13 71 1 13 71 0 13 72 0
18 31 16 0 30 16 0 30 18 0 31 18 0 31 18 1 31 18 32 30 18 32 30 106 32 30 106 33 45 106 33 45 106 32 45 39 32 46 39 32 46 39 1 46 39 0 45 39 0 45 37 0 46 37 0
18 7 37 0 6 37 0 6 39 0 7 39 0 7 39 1 7 39 92 6 39 92 6 103 92 6 103 93 30 103 93 30 103 92 30 11 92 31 11 92 31 11 1 31 11 0 30 11 0 30 9 0 31 9 0
16 10 16 0 9 16 0 9 18 0 10 18 0 10 18 1 10 18 104 9 18 104 9 99 104 9 99 105 30 99 105 30 99 104 30 64 104 31 64 104 31 64 1 31 64 0 31 65 0
16 1 79 0 1 78 0 1 78 1 1 78 94 0 78 94 0 101 94 0 101 95 21 101 95 21 101 94 21 60 94 22 60 94 22 60 1 22 60 0 21 60 0 21 58 0 22 58 0
16 25 16 0 25 15 0 25 15 1 25 15 94 24 15 94 24 102 94 24 102 95 27 102 95 27 102 94 27 95 94 28 95 94 28 95 1 28 95 0 27 95 0 27 93 0 28 93 0
10 16 9 0 16 8 0 16 8 1 16 8 5 17 8 5 17 85 5 16 85 5 16 85 1 16 85 0 16 86 0
14 13 65 0 13 64 0 13 64 1 13 64 94 12 64 94 12 103 94 12 103 95 36 103 95 36 103 94 36 78 94 37 78 94 37 78 1 37 78 0 37 79 0
16 28 16 0 28 15 0 28 15 1 28 15 96 27 15 96 27 101 96 27 101 97 36 101 97 36 101 96 36 95 96 37 95 96 37 95 1 37 95 0 36 95 0 36 93 0 37 93 0
14 1 2 0 1 1 0 1 1 1 1 1 96 0 1 96 0 102 96 0 102 97 42 102 97 42 102 96 42 78 96 43 78 96 43 78 1 43 78 0 43 79 0
16 1 23 0 0 23 0 0 25 0 1 25 0 1 25 1 1 25 102 0 25 102 0 101 102 0 101 103 30 101 103 30 101 102 30 36 102 31 36 102 31 36 1 31 36 0 31 37 0
14 19 79 0 19 78 0 19 78 1 19 78 104 18 78 104 18 100 104 18 100 105 27 100 105 27 100 104 27 92 104 28 92 104 28 92 1 28 92 0 28 93 0
16 25 65 0 24 65 0 24 67 0 25 67 0 25 67 1 25 67 98 24 67 98 24 101 98 24 101 99 27 101 99 27 101 98 27 1 98 28 1 98 28 1 1 28 1 0 28 2 0
14 19 93 0 19 92 0 19 92 1 19 92 106 18 92 106 18 99 106 18 99 107 33 99 107 33 99 106 33 24 106 34 24 106 34 24 1 34 24 0 34 23 0
16 4 30 0 4 29 0 4 29 1 4 29 96 3 29 96 3 103 96 3 103 97 24 103 97 24 103 96 24 39 96 25 39 96 25 39 1 25 39 0 24 39 0 24 37 0 25 37 0
14 10 72 0 10 71 0 10 71 1 10 71 106 9 71 106 9 100 106 9 100 107 42 100 107 42 100 106 42 29 106 43 29 106 43 29 1 43 29 0 43 30 0
16 4 44 0 3 44 0 3 46 0 4 46 0 4 46 1 4 46 90 3 46 90 3 105 90 3 105 91 6 105 91 6 105 90 6 43 90 7 43 90 7 43 1 7 43 0 7 44 0
14 4 16 0 4 17 0 4 17 1 4 17 100 3 17 100 3 101 100 3 101 101 27 101 101 27 101 100 27 78 100 28 78 100 28 78 1 28 78 0 28 79 0
14 22 16 0 22 15 0 22 15 1 22 15 98 21 15 98 21 102 98 21 102 99 39 102 99 39 102 98 39 85 98 40 85 98 40 85 1 40 85 0 40 86 0
18 7 30 0 6 30 0 6 32 0 7 32 0 7 32 1 7 32 106 6 32 106 6 101 106 6 101 107 30 101 107 30 101 106 30 95 106 31 95 106 31 95 1 31 95 0 30 95 0 30 93 0 31 93 0
14 4 44 0 4 43 0 4 43 1 4 43 102 3 43 102 3 102 102 3 102 103 39 102 103 39 102 102 39 64 102 40 64 102 40 64 1 40 64 0 40 65 0
14 4 86 0 4 85 0 4 85 1 4 85 104 3 85 104 3 101 104 3 101 105 21 101 105 21 101 104 21 57 104 22 57 104 22 57 1 22 57 0 22 58 0
16 22 2 0 22 1 0 22 1 1 22 1 96 21 1 96 21 104 96 21 104 97 33 104 97 33 104 96 33 60 96 34 60 96 34 60 1 34 60 0 33 60 0 33 58 0 34 58 0
14 13 30 0 13 29 0 13 29 1 13 29 100 12 29 100 12 102 100 12 102 101 24 102 101 24 102 100 24 8 100 25 8 100 25 8 1 25 8 0 25 9 0
14 28 44 0 28 43 0 28 43 1 28 43 92 27 43 92 27 104 92 27 104 93 33 104 93 33 104 92 33 85 92 34 85 92 34 85 1 34 85 0 34 86 0
14 16 16 0 16 15 0 16 15 1 16 15 66 15 15 66 15 106 66 15 106 67 30 106 67 30 106 66 30 8 66 31 8 66 31 8 1 31 8 0 31 9 0
10 43 58 0 43 57 0 43 57 1 43 57 3 44 57 3 44 92 3 43 92 3 43 92 1 43 92 0 43 93 0
16 31 58 0 31 57 0 31 57 1 31 57 108 30 57 108 30 99 108 30 99 109 33 99 109 33 99 108 33 25 108 34 25 108 34 25 1 34 25 0 33 25 0 33 23 0 34 23 0
14 25 65 0 25 64 0 25 64 1 25 64 102 24 64 102 24 103 102 24 103 103 33 103 103 33 103 102 33 64 102 34 64 102 34 64 1 34 64 0 34 65 0
18 34 30 0 33 30 0 33 32 0 34 32 0 34 32 1 34 32 94 33 32 94 33 104 94 33 104 95 42 104 95 42 104 94 42 4 94 43 4 94 43 4 1 43 4 0 42 4 0 42 2 0 43 2 0
14 19 30 0 19 29 0 19 29 1 19 29 108 18 29 108 18 100 108 18 100 109 21 100 109 21 100 108 21 85 108 22 85 108 22 85 1 22 85 0 22 86 0
16 19 23 0 18 23 0 18 25 0 19 25 0 19 25 1 19 25 110 18 25 110 18 99 110 18 99 111 42 99 111 42 99 110 42 71 110 43 71 110 43 71 1 43 71 0 43 72 0
18 4 16 0 3 16 0 3 18 0 4 18 0 4 18 1 4 18 80 3 18 80 3 105 80 3 105 81 36 105 81 36 105 80 36 25 80 37 25 80 37 25 1 37 25 0 36 25 0 36 23 0 37 23 0
16 4 79 0 3 79 0 3 81 0 4 81 0 4 81 1 4 81 98 3 81 98 3 103 98 3 103 99 36 103 99 36 103 98 36 92 98 37 92 98 37 92 1 37 92 0 37 93 0
14 4 16 0 4 15 0 4 15 1 4 15 112 3 15 112 3 99 112 3 99 113 18 99 113 18 99 112 18 36 112 19 36 112 19 36 1 19 36 0 19 37 0
14 19 51 0 19 50 0 19 50 1 19 50 114 18 50 114 18 99 114 18 99 115 24 99 115 24 99 114 24 50 114 25 50 114 25 50 1 25 50 0 25 51 0
10 7 16 0 7 15 0 7 15 1 7 15 4 8 15 4 8 57 4 7 57 4 7 57 1 7 57 0 7 58 0
16 40 79 0 39 79 0 39 81 0 40 81 0 40 81 1 40 81 92 39 81 92 39 105 92 39 105 93 42 105 93 42 105 92 42 43 92 43 43 92 43 43 1 43 43 0 43 44 0
14 4 79 0 4 78 0 4 78 1 4 78 106 3 78 106 3 102 106 3 102 107 12 102 107 12 102 106 12 15 106 13 15 106 13 15 1 13 15 0 13 16 0
16 34 93 0 33 93 0 33 95 0 34 95 0 34 95 1 34 95 100 33 95 100 33 103 100 33 103 101 39 103 101 39 103 100 39 1 100 40 1 100 40 1 1 40 1 0 40 2 0
14 1 58 0 1 57 0 1 57 1 1 57 104 0 57 104 0 102 104 0 102 105 24 102 105 24 102 104 24 1 104 25 1 104 25 1 1 25 1 0 25 2 0
14 37 2 0 37 1 0 37 1 1 37 1 84 36 1 84 36 106 84 36 106 85 45 106 85 45 106 84 45 36 84 46 36 84 46 36 1 46 36 0 46 37 0
16 25 86 0 24 86 0 24 88 0 25 88 0 25 88 1 25 88 110 24 88 110 24 100 110 24 100 111 33 100 111 33 100 110 33 92 110 34 92 110 34 92 1 34 92 0 34 93 0
16 10 58 0 10 57 0 10 57 1 10 57 116 9 57 116 9 99 116 9 99 117 18 99 117 18 99 116 18 67 116 19 67 116 19 67 1 19 67 0 18 67 0 18 65 0 19 65 0
14 7 2 0 7 1 0 7 1 1 7 1 94 6 1 94 6 105 94 6 105 95 15 105 95 15 105 94 15 1 94 16 1 94 16 1 1 16 1 0 16 2 0
16 28 51 0 28 50 0 28 50 1 28 50 102 27 50 102 27 104 102 27 104 103 36 104 103 36 104 102 36 32 102 37 32 102 37 32 1 37 32 0 36 32 0 36 30 0 37 30 0
14 31 30 0 31 29 0 31 29 1 31 29 110 30 29 110 30 101 110 30 101 111 36 101 111 36 101 110 36 71 110 37 71 110 37 71 1 37 71 0 37 72 0
14 4 51 0 4 50 0 4 50 1 4 50 118 3 50 118 3 99 118 3 99 119 18 99 119 18 99 118 18 57 118 19 57 118 19 57 1 19 57 0 19 58 0
14 34 79 0 34 78 0 34 78 1 34 78 98 33 78 98 33 104 98 33 104 99 42 104 99 42 104 98 42 1 98 43 1 98 43 1 1 43 1 0 43 2 0
14 10 2 0 10 1 0 10 1 1 10 1 108 9 1 108 9 101 108 9 101 109 42 101 109 42 101 108 42 8 108 43 8 108 43 8 1 43 8 0 43 9 0
14 22 44 0 22 43 0 22 43 1 22 43 106 21 43 106 21 103 106 21 103 107 27 103 107 27 103 106 27 22 106 28 22 106 28 22 1 28 22 0 28 23 0
16 43 16 0 43 15 0 43 15 1 43 15 88 42 15 88 42 105 88 42 105 89 45 105 89 45 105 88 45 18 88 46 18 88 46 18 1 46 18 0 45 18 0 45 16 0 46 16 0
10 25 37 0 25 36 0 25 36 1 25 36 3 26 36 3 26 85 3 25 85 3 25 85 1 25 85 0 25 86 0
14 10 9 0 10 8 0 10 8 1 10 8 112 9 8 112 9 100 112 9 100 113 24 100 113 24 100 112 24 57 112 25 57 112 25 57 1 25 57 0 25 58 0
14 1 86 0 1 85 0 1 85 1 1 85 106 0 85 106 0 104 106 0 104 107 39 104 107 39 104 106 39 78 106 40 78 106 40 78 1 40 78 0 40 79 0
14 16 65 0 16 64 0 16 64 1 16 64 104 15 64 104 15 103 104 15 103 105 33 103 105 33 103 104 33 57 104 34 57 104 34 57 1 34 57 0 34 58 0
14 34 23 0 34 22 0 34 22 1 34 22 112 33 22 112 33 101 112 33 101 113 36 101 113 36 101 112 36 8 112 37 8 112 37 8 1 37 8 0 37 9 0
10 31 86 0 31 85 0 31 85 1 31 85 4 32 85 4 32 92 4 31 92 4 31 92 1 31 92 0 31 93 0
14 10 16 0 10 15 0 10 15 1 10 15 110 9 15 110 9 102 110 9 102 111 27 102 111 27 102 110 27 8 110 28 8 110 28 8 1 28 8 0 28 9 0
14 16 44 0 16 43 0 16 43 1 16 43 114 15 43 114 15 100 114 15 100 115 33 100 115 33 100 114 33 1 114 34 1 114 34 1 1 34 1 0 34 2 0
14 10 30 0 10 29 0 10 29 1 10 29 114 9 29 114 9 101 114 9 101 115 30 101 115 30 101 114 30 15 114 31 15 114 31 15 1 31 15 0 31 16 0
14 1 16 0 1 15 0 1 15 1 1 15 100 0 15 100 0 104 100 0 104 101 6 104 101 6 104 100 6 92 100 7 92 100 7 92 1 7 92 0 7 93 0
16 7 30 0 7 29 0 7 29 1 7 29 104 6 29 104 6 104 104 6 104 105 39 104 105 39 104 104 39 18 104 40 18 104 40 18 1 40 18 0 39 18 0 39 16 0 40 16 0
14 4 93 0 4 92 0 4 92 1 4 92 120 3 92 120 3 99 120 3 99 121 18 99 121 18 99 120 18 64 120 19 64 120 19 64 1 19 64 0 19 65 0
16 13 37 0 13 36 0 13 36 1 13 36 108 12 36 108 12 102 108 12 102 109 27 102 109 27 102 108 27 32 108 28 32 108 28 32 1 28 32 0 27 32 0 27 30 0 28 30 0
14 37 16 0 37 15 0 37 15 1 37 15 108 36 15 108 36 103 108 36 103 109 39 103 109 39 103 108 39 29 108 40 29 108 40 29 1 40 29 0 40 30 0
14 7 37 0 7 36 0 7 36 1 7 36 110 6 36 110 6 103 110 6 103 111 39 103 111 39 103 110 39 15 110 40 15 110 40 15 1 40 15 0 40 16 0
14 4 72 0 4 71 0 4 71 1 4 71 116 3 71 116 3 100 116 3 100 117 33 100 117 33 100 116 33 29 116 34 29 116 34 29 1 34 29 0 34 30 0
14 22 9 0 22 8 0 22 8 1 22 8 112 21 8 112 21 102 112 21 102 113 27 102 113 27 102 112 27 29 112 28 29 112 28 29 1 28 29 0 28 30 0
14 19 23 0 19 22 0 19 22 1 19 22 122 18 22 122 18 99 122 18 99 123 36 99 123 36 99 122 36 29 122 37 29 122 37 29 1 37 29 0 37 30 0
14 19 44 0 19 43 0 19 43 1 19 43 124 18 43 124 18 99 124 18 99 125 36 99 125 36 99 124 36 22 124 37 22 124 37 22 1 37 22 0 37 23 0
14 1 23 0 1 22 0 1 22 1 1 22 36 0 22 36 0 106 36 0 106 37 45 106 37 45 106 36 45 15 36 46 15 36 46 15 1 46 15 0 46 16 0
