640 1600
163 558
398 571
25 243
92 546
22 341
78 336
388 492
91 626
416 597
364 572
38 128
74 577
421 453
17 556
153 239
327 582
108 373
495 538
565 577
41 290
145 177
197 279
453 585
202 460
403 638
275 298
121 376
485 580
196 442
286 616
76 272
92 294
10 193
301 518
231 622
321 544
332 632
420 566
335 361
78 547
145 628
381 554
123 514
324 549
82 604
166 181
310 609
95 478
247 370
9 118
313 317
114 283
34 35
97 541
260 380
293 373
5 91
109 440
142 371
310 637
334 349
280 332
119 597
192 604
285 347
276 489
88 496
189 329
56 606
116 221
180 439
31 626
131 255
40 609
296 447
208 524
267 544
279 534
51 553
117 302
322 620
271 349
90 402
75 127
1 426
73 251
371 581
20 397
300 379
491 494
370 610
263 285
198 339
1 234
227 336
284 640
211 614
28 39
235 321
259 512
250 522
412 542
162 593
445 476
244 449
61 269
170 342
233 334
450 638
200 546
263 497
218 406
351 400
367 501
423 502
258 366
408 523
110 164
458 523
342 356
86 340
127 190
239 328
196 480
94 98
362 548
154 492
50 213
71 469
182 464
338 507
3 295
425 487
40 515
204 266
244 420
194 424
222 331
274 478
295 524
184 332
203 227
251 606
147 469
417 497
400 527
325 527
280 512
30 426
177 413
37 412
164 575
99 608
50 199
26 238
68 138
482 596
381 470
183 278
460 587
150 395
382 597
29 134
99 276
80 374
171 616
526 593
234 519
248 257
22 308
140 223
17 120
332 506
130 241
214 288
307 591
175 614
122 563
119 536
272 406
101 341
156 359
107 284
253 296
21 625
93 112
242 505
176 350
133 200
510 596
256 639
198 291
329 461
294 313
320 545
92 433
242 353
128 375
7 618
395 503
344 528
3 95
223 367
119 148
155 322
84 214
144 204
181 495
330 401
233 631
297 329
358 574
29 156
446 608
369 456
532 535
8 378
562 613
99 476
172 428
267 559
494 525
360 427
268 487
36 407
250 589
275 401
413 607
296 345
484 573
328 574
18 595
122 312
117 298
344 396
212 485
129 161
31 399
169 600
54 309
18 324
569 573
80 358
435 610
62 540
297 612
270 271
102 357
33 304
212 592
363 570
240 261
163 480
416 424
424 469
43 178
3 14
11 622
443 622
106 595
383 422
54 574
291 329
74 585
335 342
514 632
256 418
472 475
264 388
47 321
334 582
223 535
315 554
96 171
26 206
4 387
148 290
58 517
2 380
354 590
146 559
96 501
35 266
72 258
308 363
385 607
180 319
137 203
26 356
48 343
584 625
344 456
165 318
81 415
61 173
221 551
55 444
259 638
314 409
315 411
120 578
42 431
182 347
251 274
574 605
572 582
170 476
184 207
213 273
397 493
324 590
477 578
43 435
141 493
188 508
347 610
250 362
363 543
591 606
202 308
394 482
60 393
197 616
178 456
57 540
164 623
183 626
304 427
60 391
370 384
206 634
87 336
310 335
364 622
398 475
8 316
9 632
221 358
5 600
194 579
352 419
402 412
333 479
160 490
135 219
599 628
478 544
327 635
270 291
177 295
10 426
485 595
106 636
499 533
130 500
237 244
71 415
457 485
13 32
129 619
135 434
360 528
81 531
63 303
170 229
245 613
415 438
266 535
306 376
127 337
35 612
286 454
235 301
76 499
394 431
209 605
97 176
125 402
123 439
120 150
239 392
472 536
218 596
77 266
124 315
31 515
187 198
30 469
304 362
372 602
9 173
228 281
146 355
49 265
134 573
115 446
143 190
36 297
277 553
197 612
381 537
29 230
547 618
258 323
109 557
191 598
348 462
336 420
162 297
33 222
75 559
62 126
118 481
415 559
473 617
241 389
393 528
81 435
63 65
501 614
352 611
515 547
238 463
27 392
188 328
214 345
155 613
175 481
154 624
308 456
146 259
414 627
506 598
372 526
38 228
474 585
277 468
179 390
382 629
542 546
254 533
239 435
3 152
27 377
465 495
7 494
4 9
16 404
89 498
369 480
85 320
375 497
17 325
23 495
87 471
356 445
41 177
167 360
12 14
51 227
75 178
172 563
375 563
55 521
312 408
468 538
288 296
367 532
132 428
79 84
318 581
89 572
226 506
102 406
324 613
305 586
170 178
271 554
506 539
207 534
284 530
141 254
159 611
41 161
181 331
17 576
124 578
334 568
115 380
543 577
432 465
55 639
53 76
225 518
60 509
341 522
316 633
317 389
292 558
343 512
219 402
210 293
245 639
203 569
307 333
52 456
466 594
99 211
7 474
188 236
289 567
70 242
477 620
96 105
45 301
366 452
120 429
552 636
232 250
457 547
153 621
215 587
39 288
278 286
186 504
86 369
78 384
440 624
384 503
19 612
511 605
167 474
128 129
190 379
9 178
292 299
222 348
24 177
158 491
409 529
505 583
414 541
207 243
248 615
73 637
172 211
319 483
124 500
442 521
450 483
72 583
10 490
69 344
158 374
359 582
377 478
518 537
47 371
396 517
312 591
259 422
436 617
393 610
465 600
341 473
104 626
74 539
395 570
353 438
383 462
5 283
450 501
314 405
15 562
2 640
320 618
593 599
3 558
126 201
246 357
449 461
280 590
63 517
151 447
26 531
188 355
155 500
44 298
73 433
187 252
81 484
84 132
113 530
112 233
136 399
16 52
125 167
64 291
254 416
46 556
284 633
118 450
262 410
418 443
386 591
164 631
102 170
116 267
608 616
431 599
109 168
105 242
249 533
368 402
442 620
151 340
83 591
289 569
36 96
254 464
80 514
70 549
220 565
32 159
422 489
65 261
90 612
431 439
368 540
62 118
107 300
333 334
419 441
338 400
368 454
11 137
62 265
22 434
215 598
227 407
403 629
13 570
48 614
29 417
95 585
181 221
12 455
257 518
154 551
32 610
536 632
232 549
92 383
77 389
88 617
25 282
45 489
230 565
67 262
326 400
43 608
106 488
157 520
154 467
151 466
264 350
146 478
54 481
98 288
97 216
82 358
318 487
132 634
20 428
6 405
85 542
185 483
230 459
139 500
142 199
281 418
140 371
502 530
10 410
363 430
74 417
416 441
45 524
284 462
68 394
142 378
511 595
200 637
87 370
91 343
69 621
555 619
45 226
37 446
134 513
500 585
101 255
133 306
42 186
109 162
101 226
346 453
2 468
468 525
147 192
136 197
47 283
67 602
29 458
304 576
113 615
147 437
40 56
182 545
260 275
70 550
27 552
336 570
156 159
73 236
124 475
6 168
174 191
241 581
64 107
93 588
272 546
368 429
229 382
337 349
38 560
163 454
278 309
387 509
347 631
95 290
48 140
6 466
144 404
328 564
23 571
89 238
471 539
44 493
314 483
382 637
220 424
146 464
2 25
209 594
327 482
321 395
219 228
67 342
525 532
253 383
273 492
165 275
491 538
168 285
158 293
98 269
147 167
21 28
161 563
294 302
134 247
154 189
240 583
24 468
257 577
86 225
348 379
305 541
195 611
235 534
174 255
345 460
23 631
365 486
160 350
72 157
180 524
199 442
257 609
142 287
323 575
48 579
252 437
251 403
57 451
572 583
293 425
303 556
143 457
59 214
477 593
115 315
360 633
290 365
262 567
60 164
105 451
264 268
34 179
58 369
34 552
531 586
19 259
435 551
5 430
262 368
300 433
75 248
377 448
203 638
216 584
325 455
15 313
79 407
269 563
202 508
302 528
330 475
19 423
252 384
136 587
195 394
143 516
85 619
44 565
432 496
25 509
83 557
46 102
58 568
94 130
299 545
245 377
66 541
252 607
525 566
99 249
179 398
12 78
385 629
224 486
285 409
126 455
412 639
162 335
44 428
50 544
441 628
349 360
255 625
377 550
199 452
49 327
57 489
287 365
300 387
116 229
386 604
191 268
238 536
311 405
90 517
193 397
269 372
131 375
581 595
539 613
158 535
84 131
364 516
235 447
185 187
189 438
324 540
229 634
219 419
343 561
484 552
385 562
32 550
160 340
182 473
19 148
443 461
206 598
421 496
176 312
157 450
308 466
344 508
15 596
357 432
296 548
187 389
54 319
189 480
32 386
312 568
179 194
204 581
486 521
1 416
40 351
167 441
104 173
169 527
313 580
237 531
16 519
8 542
43 611
112 173
4 598
111 232
232 365
573 630
201 471
47 241
275 495
227 266
161 420
376 437
311 547
37 357
139 551
153 311
62 278
337 385
449 518
24 479
234 349
186 412
564 603
21 505
53 502
104 467
367 486
231 496
217 277
499 555
42 258
104 326
272 538
523 619
204 361
31 228
36 482
298 427
53 319
204 440
100 348
364 429
522 550
110 322
84 162
21 501
226 571
226 414
260 420
101 157
105 376
71 427
280 392
141 537
111 460
295 352
413 484
408 510
49 602
118 352
64 566
125 271
145 630
517 599
332 520
298 521
39 304
115 182
323 568
399 580
317 345
114 489
267 400
318 565
305 630
200 432
111 187
16 356
57 246
410 509
371 444
175 323
302 381
131 281
430 571
316 462
175 201
255 337
411 575
576 603
277 540
397 525
240 379
66 554
92 213
414 523
205 223
201 443
149 603
21 24
195 452
149 528
6 222
417 579
397 549
22 300
107 513
108 425
534 628
128 422
321 560
205 521
387 445
396 498
76 168
37 157
138 263
77 338
311 390
248 437
391 507
448 503
150 310
61 69
123 626
121 283
97 113
7 110
88 135
108 155
347 553
1 237
122 265
555 601
127 372
396 553
264 589
119 171
51 430
94 636
11 194
215 289
487 496
305 493
138 620
169 446
192 530
463 516
185 543
209 582
274 433
618 627
444 472
103 322
113 155
282 330
79 217
355 363
244 364
15 470
41 310
175 176
69 152
145 407
77 98
74 163
338 548
66 201
228 286
114 237
73 604
123 278
136 212
354 533
20 58
137 635
13 314
241 578
256 421
346 374
198 488
398 634
150 206
121 508
85 491
50 281
102 485
236 597
293 411
122 577
196 311
244 494
2 288
47 274
87 301
236 566
374 497
20 405
529 553
459 607
208 503
127 534
575 578
217 384
149 451
299 554
59 159
214 471
493 616
330 573
218 247
171 617
193 615
100 292
109 571
12 56
65 107
333 519
224 390
222 339
401 609
140 410
291 409
273 625
71 135
54 458
627 635
303 426
216 322
406 469
258 459
231 250
186 359
18 42
530 593
44 151
436 558
318 453
264 407
251 548
199 621
83 560
230 306
4 537
209 627
306 404
292 509
49 564
353 477
583 621
148 505
95 471
152 269
200 203
111 425
307 473
61 589
129 378
169 587
463 594
96 279
432 515
505 541
38 587
600 611
391 596
445 594
353 445
526 566
14 510
608 627
88 378
356 544
86 436
403 557
34 604
325 556
282 309
56 319
55 422
330 483
331 467
351 520
173 603
388 406
592 606
249 514
197 331
10 421
37 217
18 447
108 463
210 382
385 526
210 449
491 592
46 224
41 592
106 114
357 562
68 399
317 519
50 152
210 418
555 586
112 320
263 623
220 498
405 539
98 351
52 460
569 601
103 463
411 455
174 279
355 634
70 605
205 507
302 564
376 527
59 414
60 66
23 409
143 265
93 424
15 212
97 163
158 452
112 605
22 257
30 132
172 640
231 529
246 498
380 510
283 294
133 209
301 388
56 502
116 340
192 198
279 623
133 579
208 437
166 472
481 490
4 502
128 212
139 434
46 640
33 346
119 464
487 488
52 522
451 576
8 183
5 211
87 479
287 441
272 305
81 282
12 77
61 306
33 149
274 353
13 122
166 619
94 215
67 176
348 526
504 511
174 474
262 276
236 370
492 575
576 584
261 603
165 169
240 590
83 245
136 188
247 474
386 395
328 624
64 614
14 233
104 316
79 138
43 584
281 457
207 439
388 624
195 470
246 454
72 137
413 476
195 430
65 510
1 373
110 419
202 408
36 129
88 459
40 161
221 426
165 499
117 193
147 423
67 183
100 355
150 601
345 461
359 590
248 512
246 326
217 410
132 555
340 529
309 423
234 618
442 609
351 358
462 475
25 622
17 561
438 488
208 488
58 295
511 600
394 484
31 179
354 586
59 68
121 153
247 383
267 466
423 545
165 448
191 490
194 446
391 440
512 516
343 504
280 299
270 633
268 630
82 270
326 361
309 492
71 181
166 252
7 366
440 588
149 265
144 589
367 498
180 286
52 211
350 523
354 588
390 516
30 373
254 479
174 620
315 415
307 335
218 507
337 615
497 640
273 569
93 411
83 90
205 285
39 536
26 185
216 234
387 503
80 635
504 538
111 333
473 635
38 601
403 560
260 602
277 320
78 429
101 507
341 494
172 592
27 105
151 273
85 100
316 338
103 557
268 520
261 481
599 630
35 550
514 559
141 519
14 225
224 299
449 532
140 444
68 106
476 629
28 428
564 601
396 459
70 628
13 116
454 531
213 231
69 448
82 378
289 624
89 425
216 465
125 486
168 193
561 607
253 380
190 208
130 532
242 560
313 366
160 562
53 606
124 594
171 551
51 548
196 243
256 543
230 361
139 342
115 392
289 431
401 632
458 513
144 477
18 110
137 399
529 584
271 375
326 480
215 419
153 294
287 444
393 636
354 574
139 366
429 615
160 401
213 243
93 184
404 558
398 482
113 121
131 220
546 561
180 331
418 470
49 542
11 436
184 386
28 64
117 307
253 556
185 457
270 276
117 392
339 625
48 233
126 448
34 623
142 535
114 138
66 504
8 617
232 373
6 86
148 623
196 467
123 520
240 549
455 513
45 545
323 631
35 327
210 567
479 637
352 513
75 580
260 292
243 527
297 339
89 434
33 156
156 183
223 379
63 339
90 125
218 365
59 144
506 579
314 557
361 508
219 287
325 636
55 533
20 362
72 100
65 133
143 439
276 451
11 130
46 499
39 561
16 23
30 362
372 470
290 317
249 472
374 408
141 390
24 152
205 417
190 588
438 568
134 421
53 91
120 633
63 511
79 249
239 393
57 543
82 639
452 465
184 303
467 490
191 552
103 346
350 427
391 522
166 235
434 524
51 145
189 225
42 245
453 464
186 261
202 436
389 629
359 567
263 572
76 135
27 404
303 515
108 597
329 433
28 588
220 346
206 580
126 224
103 253
207 256
443 570
94 586
381 621
225 282
192 229
413 638
80 537
238 447
237 602
91 369
458 461
19 159
567 589
