1600 4000
157 488
382 386
343 1345
824 1307
153 1167
643 1367
1062 1462
164 612
812 918
453 1441
809 1348
124 1556
1128 1572
271 1053
267 950
1327 1408
854 1175
396 1028
715 1104
946 1570
610 855
815 1506
1317 1441
1143 1252
727 1386
1212 1272
769 1352
103 1406
826 1058
83 387
1034 1426
340 433
63 1427
1349 1433
515 771
33 152
36 363
419 819
122 1137
226 590
210 1299
370 466
900 1114
464 617
1024 1031
401 1158
229 1520
686 1240
213 1010
22 1159
763 798
210 1012
117 222
1147 1187
940 1185
1192 1202
129 268
279 840
489 1013
104 1324
250 340
338 934
709 1146
62 948
235 1353
233 525
619 1324
357 1588
624 1180
664 990
220 313
938 1223
414 745
367 1369
177 834
808 1006
871 1022
252 1231
526 1466
294 1277
111 329
907 1206
194 482
598 1437
369 1585
269 303
89 902
1004 1430
485 1376
136 532
215 989
1202 1540
828 1078
777 1454
475 764
671 1046
1355 1463
910 1405
197 728
113 126
227 997
73 317
964 1544
351 886
615 1576
379 1035
135 1536
260 1597
851 1397
37 893
692 1509
535 1028
180 966
472 591
197 1220
226 298
486 1431
234 1270
1040 1473
764 1437
606 993
141 1252
468 1457
156 251
373 517
123 1363
404 1019
887 959
1308 1535
1082 1290
371 623
597 1522
58 328
1285 1355
1156 1500
954 1492
807 1175
460 565
311 714
1072 1259
101 585
232 1463
667 1437
358 1459
1219 1226
184 294
306 435
595 628
132 1287
291 1188
1077 1216
544 1364
1097 1559
68 817
538 1039
302 917
472 1482
958 1196
194 1126
24 586
321 1224
353 1591
447 944
876 1237
810 1369
158 1408
375 611
28 903
635 1151
191 1106
182 1112
765 1340
587 1424
170 460
1100 1468
362 534
175 402
670 1124
726 905
137 782
331 1133
127 656
584 641
80 1236
597 941
256 1130
589 1052
1397 1412
700 1412
346 838
894 941
901 952
353 1007
196 949
955 1243
5 1100
129 1088
683 1569
17 1353
1121 1411
142 1260
198 1054
204 212
848 1139
79 155
655 945
202 756
959 985
804 1595
811 859
307 784
149 332
240 841
81 1337
69 1389
981 1526
78 1185
280 1332
553 1018
47 394
184 428
52 656
349 1167
65 1226
227 1288
1113 1352
600 1393
65 386
234 1165
671 994
610 1123
151 803
444 500
282 1042
42 128
434 1405
536 1273
874 1306
1015 1554
241 1187
1389 1544
1302 1526
813 1581
231 720
333 1470
1102 1207
66 458
69 402
569 1058
7 958
619 873
104 1339
167 1311
389 559
511 719
192 552
246 583
44 91
819 903
678 1063
316 735
232 508
57 914
1076 1334
600 685
97 874
84 1546
409 1277
1202 1295
227 807
1011 1314
312 649
16 179
521 959
901 1330
925 1515
95 1073
365 1355
376 734
655 787
459 642
471 713
1196 1421
152 1266
829 1363
119 1269
93 383
130 285
1268 1316
105 1595
410 1546
83 180
160 574
22 1069
38 1448
191 207
56 356
1344 1431
367 707
423 605
265 1502
797 1231
207 999
409 751
54 95
645 1429
429 948
934 1067
235 1019
219 580
115 534
80 188
302 521
900 1239
133 1246
51 1426
74 642
603 629
332 1077
1010 1409
191 1321
404 1575
1107 1514
599 1247
336 1124
927 1419
666 1347
600 1536
283 716
1 363
125 1568
139 1335
487 1372
1234 1277
198 1406
673 757
355 1383
217 242
768 1501
913 1062
930 1537
684 941
98 1006
297 1374
567 1378
1162 1367
437 861
1164 1524
1137 1460
713 1203
173 269
579 1257
928 1224
221 1193
593 1108
9 15
466 688
257 590
91 393
933 1425
926 1594
37 419
307 890
703 1122
982 1205
633 869
252 849
551 785
699 1143
228 400
977 1029
571 796
60 1391
121 812
1190 1455
102 286
191 1206
26 628
183 209
116 1331
348 1146
229 965
1471 1476
682 1218
443 658
664 1339
804 911
800 1124
1193 1326
112 1319
558 1196
1033 1528
1289 1442
398 444
117 1565
638 1448
1207 1431
556 1001
536 977
492 526
262 775
356 1470
264 650
725 912
658 1227
1018 1197
106 1079
6 1436
482 1564
765 1013
41 1534
1022 1095
1055 1507
1059 1571
1362 1597
320 645
743 1552
704 1498
171 843
39 577
1095 1331
116 707
433 720
450 549
283 894
126 981
186 1517
39 63
713 1105
28 290
208 986
42 726
37 1438
672 1586
38 301
10 802
150 1363
519 544
1001 1016
463 1355
78 681
431 1494
661 1204
958 1393
425 927
189 1354
478 972
462 1069
502 1358
153 881
37 253
753 1209
367 487
1517 1542
880 1350
296 800
25 1205
336 962
135 877
666 974
819 1557
1439 1514
919 1290
431 700
168 973
53 917
1184 1523
367 1152
770 820
533 1500
794 1396
1060 1373
1058 1283
118 1498
553 1454
1157 1566
731 993
202 1083
91 435
148 1521
168 1350
1127 1179
390 796
171 1524
876 1188
528 1163
208 550
96 471
274 669
503 894
16 1358
152 1301
1318 1421
361 438
259 1137
81 153
817 1424
1322 1586
656 1133
508 1144
438 1121
54 977
66 429
132 1510
352 816
675 730
830 1301
391 904
137 1412
418 640
397 432
234 780
19 303
621 897
683 787
355 600
1138 1296
459 1249
202 879
1082 1583
182 392
1056 1312
434 584
818 1243
26 702
522 1254
218 1270
864 1467
43 196
988 1257
374 1447
269 775
710 1068
291 1422
300 1344
32 1590
856 1519
182 1534
102 228
769 799
90 256
514 1154
1413 1483
834 1358
667 988
901 1400
96 475
1047 1156
168 509
553 1461
266 772
651 765
531 543
362 606
732 760
1122 1377
200 1136
488 762
913 1495
385 1147
381 1348
20 1264
309 411
712 853
11 92
566 793
508 525
200 564
448 957
1346 1359
14 1526
766 956
647 897
557 626
406 705
1187 1401
436 1529
35 286
253 408
1071 1445
181 457
334 704
34 452
653 1341
56 168
1250 1367
120 1138
155 1402
175 1022
549 967
931 1227
1012 1252
137 970
1078 1176
260 926
783 1174
165 1573
50 709
326 822
307 515
77 979
167 790
447 879
481 1379
731 996
40 988
342 1593
154 1058
572 1484
473 1421
546 997
752 965
21 1531
664 1021
230 1329
183 1088
1272 1596
581 976
773 1305
705 1119
1091 1125
581 1368
128 1196
665 1180
76 582
670 1011
10 395
468 1449
593 1388
613 698
180 1092
305 333
419 844
748 1503
90 1179
676 1583
556 905
701 1304
605 1513
706 865
1203 1239
12 1438
764 1036
31 75
555 717
177 1542
610 805
389 793
66 571
1224 1263
180 641
984 1492
827 1186
380 495
332 999
1250 1438
247 423
417 533
835 1464
559 1171
1236 1462
436 1394
207 1026
1443 1525
166 337
1242 1504
111 754
882 1435
278 1351
6 579
1415 1519
250 931
611 1200
883 1281
73 1394
474 652
793 1315
94 364
1368 1588
225 652
315 1560
378 1192
795 1070
499 786
119 177
349 788
237 484
879 990
319 1101
510 1040
283 1280
343 857
587 1324
1052 1440
225 879
664 1169
1192 1203
936 1582
98 1162
643 1273
415 604
586 832
99 496
1045 1106
670 726
1404 1521
790 1418
1019 1410
761 1219
1073 1447
980 1123
316 405
97 371
168 1075
1328 1460
527 1133
352 997
654 781
577 839
195 1399
48 831
757 1276
493 756
76 137
192 434
929 1142
424 1334
256 594
745 874
245 719
666 738
193 1061
671 1584
564 685
59 246
832 1570
210 526
749 1321
93 207
845 944
166 612
626 1103
963 1316
118 1588
1110 1208
467 495
789 1079
352 1215
509 1093
194 1340
636 1304
602 646
325 657
186 886
449 485
141 446
174 477
185 856
601 734
988 1440
763 1391
261 319
704 1158
1188 1266
381 1550
769 890
1235 1463
41 949
674 1047
1473 1554
72 1074
155 1342
1138 1510
432 1034
293 1401
28 1558
5 435
571 1166
569 1600
1292 1432
506 1479
386 925
647 1388
514 708
695 1087
350 676
280 393
856 1090
141 982
714 1299
461 1247
402 941
21 1338
322 1311
264 716
438 448
101 1255
309 500
783 1445
17 439
255 1567
662 898
366 1460
439 548
269 555
1184 1600
250 968
460 803
1333 1591
339 397
58 1449
324 592
861 1093
36 759
323 1579
400 1557
235 757
290 898
425 868
1029 1227
864 924
249 678
65 443
920 1255
112 159
695 866
573 968
319 1288
789 1328
279 1177
763 980
602 1063
476 690
851 1356
1026 1487
26 953
103 1233
261 970
847 1193
73 974
736 810
68 1311
1299 1356
329 819
1042 1433
843 1140
305 395
966 1492
951 1408
86 455
635 1424
417 1017
328 638
754 1599
549 1204
712 1008
694 1040
825 1589
149 396
1232 1537
806 1220
374 999
159 1216
21 1596
831 1289
185 499
1241 1423
636 1019
273 734
205 1261
213 530
900 1430
863 1123
351 1088
467 1568
792 937
1245 1410
47 618
1353 1555
324 781
823 1236
662 780
172 698
143 1169
344 362
821 1520
1146 1370
187 341
356 1033
696 910
136 762
400 1446
845 1571
381 668
914 1129
128 497
533 1480
478 942
277 1510
723 1130
44 1208
477 1012
865 1358
1507 1511
233 475
398 454
1100 1425
57 986
376 703
1164 1442
550 553
665 729
270 1393
396 440
722 1231
956 1226
861 1116
539 1580
1420 1450
1003 1530
394 1443
969 1582
478 1108
392 670
531 1199
147 1143
458 625
142 911
1527 1562
104 479
139 984
585 865
1031 1531
212 1534
679 962
342 1282
345 1600
359 1117
54 575
1184 1200
1301 1412
1140 1298
598 767
375 872
519 1552
169 688
157 1287
373 1150
791 1102
315 526
1260 1346
45 515
167 1120
348 1471
311 428
904 1211
59 1415
515 1380
425 1514
600 759
214 1280
88 650
418 721
487 1361
732 1414
109 868
795 1241
392 623
869 1143
555 978
1344 1406
132 524
597 1475
345 1285
334 955
236 530
506 836
548 1308
634 830
342 921
909 1061
175 294
718 1474
126 841
611 1240
439 1033
624 646
144 940
1444 1547
1114 1160
815 829
776 817
728 1545
988 1141
1005 1148
1135 1591
667 1547
827 1461
1014 1291
309 601
286 1369
1060 1541
461 1284
17 974
568 576
138 1286
360 1246
846 1347
708 1479
497 1283
1176 1595
306 661
146 417
738 1570
441 776
616 1318
637 1475
535 1142
15 1516
223 1335
1093 1173
854 1060
404 1420
932 1248
338 775
568 855
795 1140
1093 1314
32 1485
1081 1456
329 562
261 1023
200 943
10 622
318 1304
142 1109
126 320
1 919
30 1017
687 1566
8 1085
651 926
107 1278
655 1012
161 862
144 424
370 626
660 935
948 1000
56 315
594 1005
185 810
1255 1284
718 1134
219 1467
175 517
689 1163
332 1023
533 1502
379 835
21 813
409 1594
98 1552
211 235
650 972
42 534
1139 1436
214 760
372 609
789 1052
518 770
427 777
922 1390
650 1451
426 1512
1125 1268
1024 1290
190 1534
756 1249
427 949
693 1171
991 1173
174 730
279 998
766 1251
558 1507
640 669
373 1053
476 1256
555 1032
747 794
172 346
1379 1564
353 912
1256 1506
318 730
830 1478
972 1463
981 1217
99 1094
514 1450
52 791
33 505
1128 1399
380 456
431 717
244 1307
915 1169
1089 1366
243 872
537 573
1388 1478
292 1084
850 1466
2 62
962 1279
499 1335
333 1375
445 576
1303 1456
1278 1326
923 1426
1251 1496
532 917
776 1328
471 651
563 827
226 801
1079 1387
366 1336
148 754
1439 1485
193 1056
631 638
380 1130
49 741
470 1163
635 1076
524 887
705 965
949 960
1039 1310
825 1020
171 1351
457 802
28 157
768 1258
145 1258
139 459
901 1399
323 400
76 1528
486 956
835 1046
785 1047
444 1428
614 835
143 1044
263 1407
280 844
654 908
236 1463
758 1448
401 451
1135 1424
542 724
349 447
286 892
67 541
154 262
215 316
697 1214
27 98
939 1036
285 368
120 667
40 121
1088 1280
1114 1411
91 1011
252 1531
58 766
52 708
100 553
484 643
870 1133
287 1356
502 951
446 1426
1333 1479
1030 1459
1084 1138
182 242
196 1476
830 1489
87 1344
907 1115
632 1037
38 1418
778 842
848 1500
204 1248
448 1230
714 1151
1363 1467
264 1368
322 1273
1265 1505
1445 1529
588 1486
788 1129
71 1396
11 923
55 440
96 107
991 1294
490 1255
271 1104
278 437
257 435
293 1348
35 809
217 799
33 1585
848 1468
74 462
627 1190
325 1235
568 1370
324 1352
669 1311
728 951
902 1269
796 1050
836 875
689 1487
125 674
203 976
95 453
278 1203
374 593
529 1020
724 1320
85 1245
486 1477
863 1486
847 961
136 1209
482 1437
1417 1530
32 899
407 1517
723 1193
60 916
477 1369
613 1173
5 1146
46 276
80 778
1186 1548
252 681
123 1145
260 1003
231 1573
1378 1553
739 1542
344 1199
488 1127
253 1491
1073 1482
840 996
1037 1370
678 1309
867 1391
773 932
332 1008
173 654
204 754
614 878
338 402
661 1417
1214 1570
691 1557
350 1403
131 508
662 672
995 1106
237 1321
120 1319
866 1018
294 737
1198 1590
84 1103
550 1459
14 706
1173 1219
220 1547
616 1160
566 570
856 1429
29 1561
1000 1504
510 1251
195 1215
797 837
92 762
323 1085
398 735
359 1228
70 1035
1000 1081
331 1415
173 1382
239 712
870 1407
895 975
258 410
761 1191
631 697
634 786
150 653
173 943
25 323
366 1096
1484 1577
193 1216
1427 1446
877 890
661 978
1285 1457
112 644
85 634
343 829
284 1375
1022 1289
229 1212
280 552
1271 1497
1219 1452
480 1302
1086 1265
23 850
507 565
815 1566
248 366
973 1421
66 253
257 1042
317 1028
189 851
563 748
675 1492
106 494
475 684
614 1427
605 946
878 891
706 1316
421 1202
158 1153
1027 1456
857 1274
172 963
9 257
46 189
468 496
339 340
24 145
371 596
544 1111
263 1152
1043 1440
684 1141
443 541
216 864
184 1525
63 935
256 833
1104 1335
28 1370
79 585
513 1087
271 303
1002 1458
384 1393
84 1454
538 1475
578 1074
759 1076
726 1142
1 1275
914 1102
494 1047
729 1529
335 1071
1054 1506
752 1376
534 1565
263 852
701 755
36 1508
103 1028
633 1239
32 1092
616 1023
993 1166
4 1499
962 1337
45 752
481 1554
554 1221
637 1194
778 1395
243 1109
492 1453
1342 1375
130 206
1181 1423
140 270
561 969
230 364
386 413
514 1026
386 697
1527 1574
285 1351
1099 1202
737 1458
833 1490
788 1352
460 732
1132 1268
321 1300
199 1523
178 659
784 1270
547 940
176 369
985 1114
874 1476
34 1327
476 860
164 1254
532 668
220 1066
660 1291
122 942
708 1210
288 1059
621 985
49 1416
437 1174
410 1211
211 391
672 1337
76 1328
850 1077
691 1284
1368 1580
85 1574
722 779
821 1283
407 578
1041 1148
501 709
1472 1473
437 1551
537 731
888 1320
97 354
995 1501
87 625
743 1420
89 1057
62 489
443 1309
70 277
979 1402
102 637
1048 1201
124 1412
876 1295
379 480
980 1544
1271 1373
872 1318
410 1473
908 1177
82 1564
114 728
1341 1392
295 1217
931 1567
1082 1468
831 1568
1055 1336
24 1508
1031 1327
354 744
230 1149
253 820
658 1156
1213 1504
632 1017
235 983
368 412
72 1310
475 1281
966 1535
877 1289
441 834
549 1247
249 1228
251 1556
15 952
891 1240
296 1120
821 1196
524 1030
254 736
161 1051
896 1444
81 608
456 1477
1357 1544
860 1396
172 1357
482 977
159 970
1494 1503
1099 1226
636 1461
339 705
881 1435
456 1575
1016 1472
1026 1519
1394 1468
467 607
90 1201
293 724
216 1165
1118 1323
537 1595
291 1278
162 740
192 512
385 507
127 517
780 1056
285 1065
299 461
88 568
374 1470
500 820
8 1229
495 1504
17 556
630 930
337 1092
1234 1381
1224 1383
312 1526
403 916
1002 1318
160 1297
853 1070
42 798
567 921
309 502
201 1350
935 1549
176 466
672 680
101 1065
43 806
933 1087
463 1336
509 1168
341 807
420 803
899 1112
484 1388
276 942
462 792
1211 1448
463 1578
99 1594
592 839
62 1067
266 944
18 1128
987 1482
325 924
35 479
608 955
1197 1400
753 906
173 647
1166 1321
1009 1410
888 1211
79 596
130 289
517 532
533 1516
455 1495
334 1385
702 1555
340 1150
824 1305
1295 1430
209 651
209 578
1105 1475
653 1478
390 1264
603 923
434 1185
193 1351
653 738
611 641
100 1098
627 1024
205 1523
426 1341
296 1353
410 896
596 1331
70 502
549 1070
1018 1428
356 427
283 761
1201 1421
801 1191
582 719
1002 1538
837 883
100 705
54 322
266 1512
2 1233
69 225
186 986
170 1315
946 1011
1474 1534
214 434
1116 1343
365 639
620 1245
4 837
359 678
1333 1430
1205 1556
928 1195
970 1438
420 822
93 407
135 699
258 953
875 1436
825 989
1322 1528
93 231
244 1296
512 1144
947 1371
393 800
750 895
389 758
545 1592
574 1305
341 1229
9 1545
1119 1263
337 747
406 1401
516 743
375 527
458 1153
13 1122
632 1336
102 242
37 750
659 1097
459 1277
619 1252
67 725
5 361
300 518
134 644
1144 1312
139 608
618 1115
484 1091
439 954
372 1362
857 1444
243 947
428 889
61 63
1232 1242
225 1442
953 1065
627 1216
440 752
504 814
116 682
760 1573
248 1382
27 1110
1032 1504
492 1289
505 764
96 814
29 1574
176 692
869 1178
452 870
1083 1172
166 961
925 1236
599 1387
268 770
795 961
50 976
758 1010
89 1369
963 1241
445 1041
619 1380
773 933
187 1071
248 1348
666 1387
1317 1533
867 982
203 358
491 880
413 1049
1006 1178
476 1545
1294 1384
513 884
12 1131
71 582
759 1512
633 663
375 808
90 473
675 715
759 1553
614 931
419 822
1298 1489
639 1450
421 959
453 1589
347 471
529 782
1002 1140
942 1342
588 1331
348 1137
1174 1343
480 666
489 1509
325 1076
733 936
43 1366
1356 1521
111 1555
419 733
23 1359
590 1399
105 1411
1309 1418
151 301
1015 1186
344 827
1457 1467
718 829
1374 1471
591 1568
224 275
592 1025
205 1061
116 562
34 1525
853 1324
523 1584
1134 1229
784 1297
349 391
524 589
647 792
900 1060
1113 1514
39 821
1153 1181
53 777
320 663
3 1204
43 231
831 1170
466 646
1098 1479
560 1164
299 909
813 1550
879 1025
354 981
215 1524
14 1233
745 1105
896 1323
775 1025
134 581
405 992
710 801
771 1461
340 953
312 834
551 937
832 1329
818 1487
4 810
1107 1464
318 1547
134 545
88 698
1156 1483
12 1188
181 199
562 919
274 1373
855 972
630 914
727 1316
41 1561
1008 1209
306 1152
364 1241
849 1107
304 967
828 1288
1455 1547
397 1277
133 500
149 950
505 1074
133 1039
586 591
1345 1529
1038 1165
259 953
753 1439
889 1218
238 1548
3 631
407 1377
298 978
1338 1568
50 1168
396 491
779 921
897 1445
347 1456
49 1293
110 578
203 272
91 226
69 308
281 595
281 625
1194 1210
1069 1072
917 1487
927 1043
1024 1032
312 936
100 1100
839 1464
1066 1320
522 1578
1162 1214
680 1443
785 1454
127 686
390 423
544 1339
421 711
13 1069
313 1121
108 809
541 1405
554 676
559 693
64 153
156 445
303 588
52 594
836 1214
64 223
51 124
909 1552
640 1565
873 1282
1270 1565
603 1389
886 1020
232 1177
687 1148
1212 1539
875 1525
538 1511
912 938
264 920
791 1054
818 1501
53 431
774 1371
646 916
1101 1182
104 557
258 540
301 1453
507 1571
219 1322
160 1133
573 1053
40 504
521 1153
290 1483
674 1381
288 1307
794 1220
381 703
777 960
405 1007
383 1154
903 1166
444 1497
779 813
687 858
1464 1467
841 1070
1364 1378
288 975
105 457
150 426
541 1292
584 1169
192 494
472 1431
522 980
214 352
761 1154
583 1108
561 1230
261 567
1496 1586
284 1562
114 774
570 636
385 701
252 1450
907 934
218 806
267 1401
120 199
358 919
74 869
1286 1531
644 1127
669 690
120 1501
713 1091
962 1362
204 1493
629 1498
426 1117
921 1282
10 88
181 801
803 1551
206 1403
358 1168
510 594
852 1232
412 560
171 554
295 351
1238 1486
264 1564
244 401
297 1434
914 1367
179 275
14 624
811 1051
100 1036
1200 1513
1300 1558
160 1403
1541 1594
442 463
292 1136
174 1179
966 1262
469 869
115 1527
535 1474
299 1149
16 1000
882 1261
604 1147
628 711
633 870
145 579
1024 1343
403 1594
1429 1536
358 1233
797 1083
520 1085
1113 1243
566 1499
669 1402
1061 1386
1505 1567
452 1375
643 894
216 1001
110 1081
856 1199
806 1286
287 478
608 1428
567 845
223 1006
490 637
313 1371
355 513
361 1373
45 938
1159 1462
239 368
353 392
320 655
424 1593
951 1433
883 1515
1057 1293
289 1377
1045 1310
34 1480
1037 1225
781 1341
153 1471
117 799
1068 1257
195 864
117 679
483 1499
74 682
424 451
82 240
570 627
784 854
146 1057
29 321
897 1007
617 1233
720 779
1131 1139
827 1560
679 916
68 659
815 1431
190 673
882 1122
1117 1167
1178 1190
22 483
148 790
157 610
445 713
416 945
440 906
308 919
1175 1407
744 1228
87 1032
740 1599
1095 1306
38 736
1223 1491
31 691
589 857
614 1453
140 421
656 1334
206 1078
730 1275
978 1120
481 1050
1217 1480
1345 1581
1414 1518
22 1261
973 1332
184 638
740 975
260 494
465 1165
542 1096
391 1177
864 905
730 1065
1346 1538
441 1532
221 339
114 996
511 1433
825 1592
201 1455
466 1110
783 1392
385 1038
576 836
89 1099
147 1493
420 1253
387 803
170 1262
13 1045
304 1354
337 1591
608 1494
668 1029
529 1119
733 925
561 1350
681 1560
893 1257
724 846
836 1478
1067 1361
66 1144
852 1447
261 1349
1178 1458
612 1543
798 1274
285 1499
516 990
119 498
337 1565
370 1367
1170 1429
1092 1424
1293 1497
416 1002
489 1135
85 684
929 1287
1017 1134
615 876
383 839
143 1049
652 1303
310 1595
430 633
1096 1452
753 1511
400 1104
92 789
1070 1091
964 1419
937 939
610 1293
554 558
372 1097
722 1522
945 1257
320 1157
645 1387
381 1246
246 880
945 1486
522 586
122 577
414 415
884 1561
1159 1354
450 1426
772 1300
321 750
800 1194
682 1540
1038 1490
327 1258
163 719
288 498
201 1236
330 351
662 915
562 1515
205 867
611 1545
615 929
828 1572
528 1244
734 973
365 1292
7 539
720 999
56 1090
511 1050
504 1455
316 833
55 557
43 1059
582 1576
308 415
425 1014
548 552
272 519
1280 1581
687 751
1019 1029
1204 1349
523 1258
648 1386
425 992
624 1391
561 850
73 496
1290 1315
107 910
1295 1359
240 849
739 1562
792 899
1049 1177
1482 1548
451 1360
322 1540
994 1067
26 1447
455 506
236 436
1364 1571
480 1441
346 1059
103 1063
99 339
180 1186
583 1347
290 1286
70 599
324 1279
748 977
89 284
333 985
165 908
288 1598
584 1238
490 1059
123 1267
755 1026
53 1314
1155 1540
222 621
673 742
22 77
297 315
49 1064
680 1136
328 1240
271 1126
275 959
14 928
582 939
64 323
194 851
1091 1378
913 1267
136 239
310 1149
599 1094
113 689
152 331
957 1380
208 488
11 1075
581 639
727 982
679 1442
25 774
1347 1593
310 1272
1183 1275
469 849
652 786
250 619
422 1364
282 1213
118 156
2 566
706 1221
605 1589
620 1253
942 1359
1255 1494
972 1481
574 1006
877 1521
350 1232
1410 1493
976 1291
343 898
94 563
154 1053
32 509
1260 1522
498 671
314 922
426 828
570 700
867 1033
1319 1324
556 1078
1285 1322
1283 1548
1055 1457
403 907
317 893
493 694
276 1429
233 804
628 700
540 1376
41 1244
373 993
92 1073
881 981
1452 1453
262 642
661 735
10 1323
726 1491
72 1168
20 1531
1159 1246
304 1304
663 1083
357 452
156 1119
814 1027
696 888
243 1171
885 1497
241 1334
547 1266
416 701
688 1036
768 1382
1229 1294
342 1460
1394 1563
438 971
146 724
178 881
948 1561
390 525
801 802
265 430
1451 1558
683 1030
47 246
683 1422
796 1437
922 1268
412 1109
780 1147
629 858
39 637
970 1372
834 1160
1127 1282
71 729
751 1110
755 1486
44 465
591 1505
422 1225
963 995
87 956
992 1274
634 904
203 1161
435 913
969 1427
875 1030
616 1004
715 1598
986 1558
44 188
223 498
1263 1417
360 1023
274 1510
399 1009
1082 1532
183 1415
839 873
1021 1513
60 295
904 1172
26 618
309 366
844 1212
585 1533
749 1118
105 441
520 720
785 1208
55 535
127 998
649 888
119 1572
523 1020
1331 1416
496 902
472 1556
1062 1198
167 1352
148 1126
772 1576
198 542
382 1072
328 350
1243 1536
808 1346
857 1181
551 904
1189 1198
609 651
951 1398
370 1459
407 868
277 1354
560 1301
517 991
129 388
374 649
983 1345
238 1075
4 1328
1299 1512
97 389
664 817
157 453
1116 1178
284 838
95 840
906 1356
65 181
1276 1505
1034 1312
695 1256
5 60
94 528
251 333
811 1360
1362 1553
135 450
1222 1567
855 1549
1418 1555
794 1014
255 955
1172 1488
57 756
156 788
371 654
268 334
1017 1390
653 1570
885 1435
237 428
48 266
484 1018
278 1519
929 1118
1168 1543
254 599
254 1038
299 789
656 1107
862 1462
543 1327
220 1016
270 355
503 1060
630 1206
844 1179
273 523
3 124
439 1284
456 1557
968 1527
823 1150
477 1551
629 1120
513 520
415 1370
4 1491
77 547
845 1223
675 1198
976 1234
209 922
694 1488
896 1249
1227 1583
144 1258
908 1090
213 1465
399 483
211 1481
1014 1404
524 913
1500 1522
83 1149
1248 1465
109 1469
1037 1108
607 890
1485 1569
282 846
1374 1440
433 984
727 1262
1009 1298
1039 1264
242 710
423 586
113 481
246 492
190 1009
327 824
849 1496
9 646
378 1135
489 623
681 1217
846 1306
71 213
747 845
790 1587
771 1368
1269 1477
411 823
247 1340
25 1578
859 1010
472 1106
11 963
925 1253
275 1330
314 1046
860 1569
150 298
1409 1592
19 577
940 1432
338 1085
630 1573
537 1046
950 1084
114 268
72 451
1387 1554
383 915
469 1240
414 1215
647 817
1109 1162
220 1130
1420 1476
567 1516
909 971
1000 1003
436 1126
222 254
518 1481
875 933
134 1329
263 1089
679 1439
336 1141
607 1020
81 806
446 1245
364 1122
1022 1436
1315 1502
467 1157
3 1271
441 1256
238 658
1205 1434
169 503
78 140
938 1276
61 648
140 396
442 1478
335 811
118 1313
287 1092
677 1598
35 662
998 1132
23 1496
1105 1372
405 851
83 1588
757 1503
604 1599
1237 1464
1292 1402
911 926
642 805
211 612
454 1353
1040 1573
1130 1495
273 1451
315 721
1183 1572
418 1306
145 828
926 1074
1146 1597
209 294
547 812
270 1462
786 1397
576 994
187 1506
884 1069
199 1357
708 1071
1087 1458
1361 1546
495 1343
920 1195
79 1117
955 1235
957 984
598 1508
347 961
344 471
774 1013
511 1404
1099 1582
359 946
458 915
258 922
746 833
269 894
178 491
598 1496
427 696
917 1477
205 411
870 1081
626 762
889 1490
1035 1320
768 1180
227 232
101 758
832 1044
1167 1409
694 1537
373 771
8 241
816 1218
516 1402
408 964
437 702
635 643
18 1161
473 568
622 1339
746 1376
174 1158
11 1079
1111 1311
1205 1523
770 808
686 790
572 1195
776 832
19 138
642 1172
743 997
424 622
293 379
846 1081
546 717
1095 1267
84 1284
710 722
51 559
330 398
1422 1454
1080 1383
627 826
240 1588
6 1221
528 881
625 841
1052 1129
748 1407
783 1579
454 1194
12 98
1115 1398
696 1170
609 1365
1185 1349
318 1558
1507 1529
1329 1350
382 1380
481 542
432 918
865 1097
129 1261
474 1585
75 193
644 1102
196 556
67 958
990 1313
957 1086
19 30
750 1576
520 1469
905 1466
125 1131
192 317
699 1016
41 385
35 206
685 1061
138 622
665 1549
842 1272
275 867
48 1254
56 1455
240 862
783 1440
882 1182
48 1225
493 1414
401 507
257 292
860 1134
119 281
723 1488
670 1080
799 1586
909 1171
1279 1520
199 915
994 1360
613 1066
401 814
1274 1536
132 525
248 786
432 1256
377 712
326 450
442 947
143 255
321 1242
189 319
1023 1562
454 968
197 389
540 667
742 1278
617 797
267 1357
295 736
360 1155
30 1286
307 898
571 1183
289 685
891 1118
1374 1381
222 1388
1124 1580
272 1013
590 592
811 1262
1015 1041
842 944
804 1174
417 530
465 787
399 1317
1204 1532
233 1054
456 1313
1276 1380
723 731
395 1039
934 1598
399 680
572 1541
40 1110
311 1593
429 984
1077 1246
858 1334
88 1563
852 1112
1212 1335
716 1569
336 1185
75 992
58 1203
341 931
814 1502
111 1468
217 784
460 1253
104 1386
367 1390
163 852
179 896
1112 1445
1087 1511
659 1183
249 330
247 326
595 770
110 1093
592 1499
211 723
558 649
133 1376
313 855
118 927
675 1265
238 1098
1199 1559
210 936
57 941
781 1118
626 1058
144 521
149 1377
237 1141
692 1153
304 721
212 1160
1365 1508
459 1222
536 1028
51 330
718 884
402 747
924 1302
1079 1187
691 1218
1046 1181
606 1098
618 761
154 676
527 1072
1057 1148
521 1142
1220 1254
1489 1549
843 1346
1333 1406
365 694
519 1298
406 791
16 927
944 1235
229 1004
1080 1265
640 1049
1315 1449
255 1572
503 1198
883 1192
601 1197
485 1460
994 1021
146 1134
421 967
128 546
142 1434
53 1471
82 1584
228 937
1089 1425
449 1340
483 572
251 916
725 825
198 312
744 1441
21 113
97 1191
159 690
595 1097
515 1586
751 1423
1111 1128
176 384
967 1371
6 427
259 1513
448 1223
500 1021
674 876
965 1105
322 1485
354 1050
403 588
2 924
1161 1337
8 139
1195 1428
19 1544
384 859
122 147
742 1474
438 512
527 1077
295 1263
171 739
458 1144
72 1439
1008 1480
292 872
80 660
575 714
580 1413
623 1396
744 1503
583 609
135 1579
107 129
1173 1207
754 1085
433 462
196 883
709 998
267 474
868 1505
49 369
84 216
303 623
878 1322
318 686
979 1068
169 1245
286 473
204 830
1027 1461
300 416
1124 1182
1157 1409
585 1230
93 1325
710 1584
82 1294
464 622
952 971
36 221
133 551
423 1062
782 1075
766 1559
807 1031
935 1384
1005 1566
831 928
112 714
1038 1066
449 1357
690 703
464 495
464 1453
907 1161
863 960
703 880
376 412
165 219
1102 1386
408 1379
1064 1180
138 987
107 566
470 967
1307 1446
305 747
933 1145
545 1443
893 1575
242 702
699 954
1360 1394
282 739
613 1159
1032 1040
276 1332
578 715
1121 1551
473 1063
200 408
974 1111
1064 1189
477 707
445 487
934 1511
1120 1278
1 350
903 1067
1222 1297
908 1136
902 1206
370 1553
27 978
20 131
742 1400
625 1474
1447 1590
186 1096
362 932
1027 1049
305 503
620 1094
218 684
706 1400
213 597
860 1187
50 336
648 1584
127 772
16 838
178 725
467 1169
289 302
1224 1561
557 1076
33 1123
838 1252
187 593
377 725
108 405
885 1416
83 1489
1 465
474 1129
813 939
1071 1239
793 1515
889 1036
361 368
551 1395
1041 1390
228 1108
822 1435
1132 1589
805 1206
123 1132
326 721
121 516
1116 1339
79 1313
250 518
422 550
200 685
668 1004
40 1057
1310 1392
587 983
179 1264
166 752
999 1270
80 1056
105 936
195 1587
1008 1349
279 577
256 1316
45 1500
1042 1444
823 1330
397 1537
64 1181
866 1354
237 781
201 491
409 734
185 1432
912 1333
218 1190
928 1574
559 1094
820 1391
620 1381
241 1155
1003 1158
20 1384
52 971
338 1587
765 1207
142 1238
224 539
850 1432
1145 1227
795 1469
449 1520
738 816
308 1530
368 531
1045 1210
621 1175
15 1596
493 1090
443 1207
406 1418
121 1090
773 861
605 847
902 1047
1007 1528
263 1241
810 964
884 1323
505 564
863 1422
418 479
162 641
924 1410
50 847
1113 1152
1405 1417
1272 1422
455 1590
581 1200
612 629
496 1435
736 885
282 1139
665 1175
86 678
949 1383
108 1249
231 1518
150 1359
511 660
302 1557
704 1030
188 1483
663 1432
1231 1423
615 641
248 1197
345 1564
273 848
746 863
262 968
918 1443
126 1320
1295 1385
380 1427
461 782
509 1372
188 935
251 1590
969 1430
512 1142
394 1174
658 862
365 406
636 1064
15 1466
363 1260
270 929
554 1449
78 824
212 682
347 957
444 1309
502 707
384 1395
993 1171
872 1583
893 1527
1231 1539
478 1518
81 1268
686 853
236 798
954 1259
110 561
1103 1577
1267 1592
1345 1358
1325 1582
1554 1563
345 923
422 606
268 768
247 640
530 602
316 564
86 1011
700 1145
45 1373
989 1323
952 1318
239 862
346 1592
616 995
420 1101
177 1238
816 943
590 838
615 1135
1260 1465
657 873
580 739
430 1096
1155 1161
1332 1375
1098 1141
301 697
68 1103
721 729
409 1382
70 266
306 1247
877 1068
1055 1285
67 785
413 468
871 1013
399 1342
943 1571
1250 1517
677 1004
194 531
518 1325
63 165
377 1271
1157 1575
1143 1419
593 1094
96 1292
140 1005
327 887
802 1208
506 607
378 885
372 488
1307 1416
632 1404
210 937
364 886
442 594
569 1288
1214 1451
329 983
609 1170
812 1490
595 807
688 986
327 1501
215 628
882 1099
690 1253
540 948
692 1542
137 1269
991 1283
187 457
1263 1382
141 1400
639 697
1340 1413
159 1109
866 1132
174 1538
534 826
34 1317
383 1101
298 1025
892 1366
729 921
394 987
704 1150
1405 1520
639 1308
259 1297
75 1308
422 470
225 617
1037 1128
162 1162
565 1287
302 1084
1363 1438
1192 1417
183 746
701 1012
1193 1503
77 1408
164 540
202 1138
58 1413
47 1100
985 1281
450 745
486 1176
416 772
638 798
327 1385
650 1073
1383 1518
155 1540
122 230
208 903
687 1230
1415 1458
1086 1243
996 1041
507 718
711 939
1015 1472
602 1550
1425 1482
476 1580
289 447
395 874
802 1234
659 1116
154 1533
206 298
818 1408
769 1254
1149 1530
6 722
297 331
90 557
490 1176
565 1220
1172 1266
602 1167
346 1329
1419 1513
543 854
565 733
501 741
732 1498
788 1470
224 1548
102 1301
1066 1552
279 1541
208 699
821 906
214 1186
64 1567
230 598
482 529
296 1362
574 1456
245 1550
7 31
413 1389
247 979
164 775
241 1423
55 890
767 1580
1409 1576
510 674
414 741
3 1492
597 1384
1351 1491
301 1596
702 1152
352 357
707 1498
897 1399
891 920
1281 1308
1125 1326
1276 1319
51 868
62 1247
461 1298
449 982
326 980
1095 1543
989 1239
330 1140
113 393
440 1343
766 1495
1326 1566
829 835
155 1407
1048 1160
756 823
493 760
372 1151
543 1403
239 1336
1314 1541
668 1215
162 255
463 1309
310 1392
1062 1222
956 1597
523 692
216 1290
837 1577
1082 1126
267 1303
1089 1593
1259 1488
357 1347
378 1222
167 727
645 1330
311 733
353 677
197 506
415 865
526 1379
1261 1393
138 1535
1414 1419
131 631
780 1448
587 693
245 1317
991 1533
397 1048
48 1271
23 858
109 1014
539 1042
61 1044
125 1158
109 1155
114 1597
163 983
569 952
274 530
191 1372
170 457
325 468
221 716
411 767
899 1189
520 693
1211 1413
106 1355
31 1194
997 1319
816 1493
349 854
774 1428
112 369
758 960
431 918
657 804
115 1221
245 1330
110 631
341 973
1385 1581
219 354
570 946
175 429
859 995
1321 1553
1282 1433
809 1469
254 1379
504 1266
486 1365
152 305
558 1525
820 1056
716 1484
300 737
464 1048
33 360
343 348
1117 1287
763 1472
649 1516
375 1312
508 580
824 1237
260 1225
331 442
61 1043
932 1497
345 539
273 1125
76 1265
335 403
750 1555
183 950
430 492
794 1518
7 975
24 313
1325 1450
190 840
314 892
1545 1577
1050 1209
624 1522
455 1259
563 1485
310 1230
483 546
776 910
695 1086
46 1072
229 1524
947 1197
672 822
379 1111
86 161
24 170
1007 1420
1543 1581
384 1528
311 698
505 992
291 1029
60 498
212 601
169 1313
182 826
1406 1434
222 818
596 1493
69 1228
712 763
525 536
548 735
163 1411
1269 1273
258 589
278 1281
742 1303
1302 1495
696 1107
673 1494
65 111
387 632
203 1299
1267 1459
746 1147
859 1480
787 974
161 290
1338 1524
47 1136
1053 1259
732 1587
78 779
1248 1275
95 1521
660 1131
841 1080
762 1164
46 971
1043 1216
94 1342
149 1472
304 485
377 1396
1209 1442
501 769
787 895
18 185
94 417
805 899
404 990
377 655
54 888
1306 1477
86 1125
1015 1250
67 293
677 719
115 334
552 1484
634 1512
283 420
451 1365
497 749
85 227
1075 1218
1210 1579
542 1063
123 1550
134 1502
1264 1395
392 1559
975 1348
1182 1596
1225 1575
1086 1411
18 1449
1106 1326
108 757
887 1191
1103 1560
115 693
20 499
910 1235
151 357
1078 1341
130 184
1344 1585
218 1364
412 1208
29 314
361 411
131 871
519 1591
563 932
777 797
348 1535
121 960
965 1213
545 1508
979 1121
1180 1221
1397 1446
654 1163
106 1238
541 815
234 796
190 1068
1131 1469
30 1446
238 398
82 1332
911 1392
753 1599
61 217
819 871
573 1470
1223 1515
169 1537
1188 1237
132 1481
356 529
709 1579
1139 1509
158 571
773 878
68 1457
945 1542
1016 1559
1052 1219
452 1509
59 351
621 1551
735 1397
1084 1165
479 1490
59 178
799 1526
92 1434
262 1244
613 1304
291 1473
147 620
265 880
287 596
335 741
12 360
765 1200
448 1305
382 698
259 715
740 755
395 1164
497 1465
17 207
755 1242
7 413
355 1452
1189 1274
328 562
575 767
1051 1119
387 1600
1377 1538
158 1538
749 1229
808 1338
648 1273
148 644
284 447
833 1539
189 717
966 1034
514 683
485 1189
657 1083
607 1436
587 844
131 516
106 1201
59 1044
202 1262
501 911
176 1065
673 1001
743 887
433 1217
843 1589
319 1010
136 676
918 1577
71 362
27 195
548 564
782 1479
390 606
271 1401
388 583
504 901
1145 1150
1051 1237
393 812
249 1300
296 1361
792 1475
987 1300
491 695
363 1416
376 480
501 1325
947 1291
681 892
569 853
163 1226
42 961
161 499
38 1035
826 1488
380 1151
1296 1337
281 1249
837 1080
124 287
274 871
1151 1371
490 989
579 1546
306 414
243 1533
573 1574
128 538
371 930
537 840
532 1404
1156 1539
391 1487
552 1250
143 244
233 1510
363 1543
1213 1303
272 1535
1293 1562
1275 1599
158 1242
886 1123
604 1507
545 1005
895 1569
234 536
771 1398
201 497
848 1064
745 906
1170 1519
31 574
579 1043
575 1291
454 1089
224 1556
46 335
1302 1365
329 376
236 940
8 147
388 1389
512 1578
617 1182
889 1088
513 711
1296 1514
470 1191
744 1251
462 1384
27 277
388 898
25 1176
793 1166
1003 1374
77 1195
117 645
130 1314
510 1444
300 1127
382 1048
791 1481
858 892
221 1425
866 1305
731 842
73 314
943 1210
109 738
39 842
494 535
101 1148
1578 1598
177 1489
1385 1390
307 1294
805 1297
760 1451
671 1248
474 603
103 404
57 1312
74 1483
635 930
13 215
277 688
648 663
1361 1583
900 1213
245 1044
2 217
116 1137
601 1549
1199 1288
778 1582
950 969
436 1516
55 453
1054 1234
1074 1398
151 181
764 843
912 1476
44 1112
748 1441
87 224
125 873
226 711
1033 1532
1051 1280
299 1560
546 737
1045 1395
527 1201
232 861
576 751
572 689
809 1585
29 75
292 1154
324 691
151 418
108 1563
13 446
1244 1466
280 1563
165 198
141 717
272 1190
342 1179
479 923
677 1113
186 1232
618 1366
408 1310
575 1031
996 1600
162 1403
369 1163
36 164
99 1055
172 1104
179 749
589 728
228 528
1183 1381
265 1530
144 1279
188 538
487 1378
9 938
800 1021
166 430
145 905
954 1506
394 895
544 1327
680 987
689 1184
665 778
344 1251
1101 1115
930 1129
1184 1215
958 1523
1025 1034
469 588
1398 1484
652 847
446 1244
146 470
265 560
547 1115
584 1465
1360 1546
465 1532
347 998
160 1414
30 1517
317 1114
23 560
630 1009
276 429
543 1228
244 522
297 1035
741 1279
737 1587
378 1509
1001 1366
591 1338
387 767
223 531
432 604
428 657
469 964
359 388
249 550
580 878
891 1027
281 1296
197 555
308 603
1154 1539
740 1452
18 920
