1600 3200
311 1352
884 1326
63 136
1199 1473
1190 1236
657 1156
551 1541
216 929
556 1514
1117 1240
358 373
334 1211
7 1553
1424 1482
30 882
1080 1163
284 848
146 308
381 870
304 912
154 365
115 1090
832 1259
858 1526
181 236
685 1021
441 490
141 704
220 853
1262 1384
80 264
1031 1206
159 1147
573 884
87 148
1387 1391
324 1517
186 1283
619 740
304 594
721 1502
277 480
1162 1409
225 1155
1085 1522
919 1180
96 1580
908 1006
246 1577
1029 1512
416 1466
485 735
344 1285
1107 1299
170 679
478 1553
814 975
176 1218
1 1441
131 748
1138 1438
731 1497
435 751
952 1311
484 967
1181 1254
68 1324
789 1588
525 872
72 348
402 1002
86 753
74 1218
137 1398
724 1495
71 640
386 1587
779 780
247 1321
794 1340
703 1208
343 444
473 1177
597 1056
542 568
268 746
21 709
115 1178
488 900
1320 1554
375 1591
44 390
623 1007
48 1142
66 600
382 1294
1052 1216
1180 1195
656 1579
1096 1356
204 1161
211 324
521 671
953 1170
793 1332
4 157
24 101
629 1193
838 1574
929 1325
891 1376
656 915
23 1256
502 863
40 475
571 606
548 599
850 1480
1203 1275
792 866
368 1469
62 527
889 1584
165 248
587 910
996 1130
212 433
730 1580
361 555
865 1212
938 1217
878 1525
1167 1194
300 967
323 452
1024 1283
307 1134
585 772
205 443
1375 1433
15 1591
24 460
617 1522
291 859
644 740
260 642
689 1370
636 937
345 1517
111 1281
279 1085
393 1548
355 1072
274 431
63 1078
209 674
187 279
689 834
878 903
58 1307
934 1292
176 1454
816 1511
729 1318
99 1189
370 553
58 1080
373 700
298 676
159 717
966 1062
726 1164
1037 1541
18 181
694 1347
1469 1578
669 894
1098 1131
177 722
184 1487
918 1123
543 1476
114 1248
665 1593
514 1598
227 631
142 876
704 867
512 821
690 1011
332 1148
112 138
299 580
140 870
1169 1204
332 1421
1408 1476
737 1097
12 876
646 1176
286 667
166 214
27 1541
448 1273
1002 1479
826 1359
1122 1554
423 772
1011 1114
825 1415
97 866
10 1513
594 960
624 1245
720 1291
151 1385
578 1249
470 745
48 431
100 1529
307 1461
1071 1404
636 1144
360 536
79 777
33 129
558 1421
171 524
291 672
529 1182
996 1148
19 1349
1145 1363
318 920
203 1333
94 1451
339 725
257 603
1059 1405
981 1119
117 193
841 1109
440 1085
40 230
612 613
1018 1235
413 1060
279 1312
1189 1256
417 801
391 990
433 1402
903 1066
719 1389
723 971
1026 1534
563 1017
67 1581
1255 1368
567 743
1314 1581
469 1392
270 328
326 1139
81 705
460 590
819 1575
288 552
801 1035
501 631
766 1299
592 1561
445 1543
147 823
1014 1061
498 871
398 1429
869 1429
609 972
120 282
462 1074
343 839
109 1121
131 1481
750 902
84 486
16 1391
1025 1476
579 907
807 1129
607 1020
367 427
421 1550
675 1597
785 1219
217 1160
306 622
563 1342
395 588
1288 1454
61 1177
681 1180
1311 1456
119 1187
157 599
64 1235
118 713
546 1508
1 698
115 954
217 840
240 709
465 585
1075 1296
324 545
128 811
774 972
96 1083
944 969
152 898
413 580
53 413
134 1461
684 1105
414 602
1392 1478
432 827
806 866
170 880
354 1154
957 1074
1010 1315
513 771
614 706
216 490
16 1454
177 180
1058 1100
454 1108
1077 1216
160 1451
504 580
625 668
146 1390
505 1494
235 611
1287 1365
461 1585
229 1302
425 1158
798 1001
1256 1447
60 538
857 909
839 1457
1478 1484
739 1368
650 990
952 1442
984 1425
456 1530
249 811
480 1154
226 839
1068 1423
997 1491
537 669
80 1574
59 1369
831 1327
413 1300
216 452
995 1297
775 1033
263 317
683 1371
35 56
1165 1435
1115 1447
896 1032
19 43
1317 1546
268 1126
988 1105
232 283
50 767
1146 1152
95 1348
946 1039
192 1061
292 1331
238 723
1062 1505
282 1566
1072 1360
393 1073
283 1277
1026 1207
412 1257
622 1109
1557 1574
994 1378
471 1012
896 1357
86 1437
534 1272
210 1300
83 242
1179 1404
253 897
359 472
39 1449
288 399
512 716
347 625
497 842
304 615
276 1216
1154 1509
73 750
385 1000
491 1584
1417 1500
89 742
584 1377
84 948
808 1386
661 970
132 1450
97 642
136 1258
605 748
105 1334
267 1339
1463 1559
385 581
881 1536
1095 1283
1281 1573
651 1076
453 684
590 989
846 1543
182 1415
30 892
310 1265
1194 1469
508 1409
475 588
1418 1507
424 1118
954 1415
1237 1452
575 947
467 1164
679 953
612 1411
130 620
62 624
563 1240
810 894
863 1431
217 597
292 776
504 1344
319 628
99 453
199 306
892 1126
701 931
34 949
758 814
357 728
689 791
127 1171
1040 1436
179 732
268 718
772 976
6 379
988 1087
860 1280
1083 1275
1016 1216
713 1228
1029 1401
86 1289
633 1176
888 1361
487 736
338 1046
1376 1517
648 959
419 609
143 401
613 1221
180 1280
285 890
973 1106
764 1432
154 660
905 1013
1315 1328
516 1241
629 1071
353 836
822 1437
107 1371
443 1098
18 1446
1009 1023
468 1202
626 1551
730 747
333 885
6 14
1047 1279
533 901
705 1505
94 1316
274 358
379 991
397 1475
408 492
425 1227
511 1237
930 1141
1353 1584
456 521
1010 1400
221 933
617 1565
700 1555
563 1262
425 1492
627 1251
1040 1101
368 744
1332 1539
195 1585
537 1395
505 1119
1128 1151
592 1422
541 606
678 1508
316 899
547 1460
325 476
1122 1592
218 336
138 243
409 608
299 456
64 703
90 904
543 628
22 1368
251 727
523 1129
584 724
449 632
1295 1516
343 1351
35 303
335 1439
614 1458
865 933
446 902
793 1528
330 1400
538 818
463 1317
554 1069
74 1401
258 1491
327 993
720 1594
893 1063
956 1426
600 847
262 888
341 900
90 495
498 1315
695 1110
565 1478
389 986
207 406
284 398
537 1124
454 1286
338 1385
220 1486
260 1285
474 1533
395 1046
105 673
215 644
286 368
410 500
1108 1569
394 659
311 783
412 1412
453 979
724 1515
312 895
1122 1470
49 382
560 1224
931 1599
978 1310
218 371
747 905
353 1564
445 1249
775 1163
257 1435
229 466
132 664
546 911
136 197
1147 1165
734 1473
133 804
638 754
321 1497
9 471
167 844
92 1261
173 1025
213 660
349 1234
127 1582
964 1127
708 1150
586 1147
741 795
1020 1250
737 901
225 1152
54 878
1006 1597
323 398
978 1475
142 386
1007 1088
257 280
197 1001
26 318
855 1521
1451 1589
1299 1313
1277 1532
335 577
1206 1519
199 1228
1079 1370
739 779
868 1067
114 1539
124 838
1136 1425
1269 1472
328 847
749 754
849 1544
1133 1445
493 1366
266 1232
1035 1086
171 1325
452 942
285 1357
450 1260
1554 1575
778 1221
980 1039
453 725
440 1352
1131 1580
268 328
481 638
566 1169
1410 1511
161 1590
103 130
532 716
241 483
464 1016
392 578
220 647
529 589
873 1166
319 1406
494 621
1361 1573
348 1396
252 1394
692 1253
751 812
336 477
577 712
523 979
118 1253
1171 1282
155 342
718 912
658 721
967 1469
1259 1558
311 1560
743 929
35 784
1268 1487
122 213
191 527
924 1272
458 513
259 1141
93 1590
713 1127
649 1511
112 899
165 626
832 1319
265 1445
682 1435
251 773
894 1599
223 1093
1003 1571
340 937
662 1165
104 809
156 999
1332 1568
1126 1392
815 1171
151 289
441 854
73 1529
183 1327
293 545
900 1441
459 481
41 265
380 1413
371 1370
762 1202
797 1190
1210 1563
635 922
69 1034
184 1041
1242 1309
435 905
169 207
1005 1278
265 1342
336 1092
165 295
1238 1350
470 678
65 1398
6 417
72 1111
1060 1530
851 1135
296 1430
333 574
256 1540
616 1431
771 1596
822 1211
968 1405
302 1077
1104 1437
451 1474
1305 1512
1174 1305
553 1506
525 1504
799 1465
32 1052
1318 1594
285 1506
59 140
124 759
243 431
334 430
479 1150
980 1586
846 1219
271 940
847 1024
1187 1302
1124 1390
532 1044
528 1279
552 1168
168 420
513 1153
1054 1580
435 1111
93 1353
1377 1475
396 498
653 1265
330 856
179 871
469 1077
758 892
578 711
302 1170
601 708
95 905
224 544
337 837
210 510
283 1499
876 1169
316 1117
10 1442
191 1550
1336 1426
249 573
74 1023
758 1220
293 746
641 1508
548 560
206 1233
304 1253
1119 1421
203 1162
426 936
118 168
1041 1179
166 531
1390 1564
569 1230
157 1498
5 1380
1135 1341
1015 1116
1293 1583
995 1124
864 1260
80 1120
190 288
260 524
1330 1494
679 1297
1175 1374
855 1557
55 614
584 1459
172 1537
277 535
729 1344
410 1135
214 761
693 1404
807 1531
611 1446
1099 1600
141 189
635 1246
901 1364
1077 1538
262 1326
768 1508
664 1380
656 786
192 538
506 1079
788 1042
662 1066
175 1593
825 1288
920 1422
24 540
964 1062
459 1586
269 416
138 1185
13 374
572 679
797 1046
861 1357
826 1231
961 1480
1248 1453
964 1357
314 1293
1050 1381
704 1576
686 1065
271 1030
663 1053
474 807
1269 1598
317 1383
104 1243
446 557
1305 1413
750 1579
1198 1572
1055 1265
345 1202
209 1225
883 1589
842 1138
484 755
1012 1027
2 833
490 1239
102 1055
294 406
284 1070
572 876
178 1470
417 1159
121 1215
376 439
111 240
33 671
746 1167
659 865
5 785
755 940
465 1239
651 701
195 1336
1183 1453
1338 1420
1165 1547
463 1160
473 1513
903 998
498 739
192 664
299 598
258 273
589 942
1000 1272
434 1090
21 259
415 1360
12 1142
1120 1252
567 1231
990 1485
1295 1298
583 649
297 1061
1028 1414
149 1538
593 772
244 1414
1407 1550
836 1303
184 500
194 631
159 903
1092 1192
250 632
329 560
727 1231
512 1281
1405 1463
89 1112
32 158
584 943
287 992
842 1282
920 1330
138 450
19 546
472 1088
610 1320
676 695
29 372
31 862
40 1462
926 1110
548 981
1102 1419
1267 1552
419 539
644 1021
611 685
629 1212
1271 1587
877 885
404 583
18 75
184 315
663 1597
365 957
964 1057
659 849
296 1355
60 1577
449 916
352 379
1016 1448
1263 1474
29 194
1349 1583
809 1080
196 1149
727 1107
569 1573
726 1267
544 810
52 699
602 802
289 1089
231 944
707 1201
238 411
127 442
354 627
8 1249
391 1460
586 1195
28 582
112 1229
85 1320
691 1494
615 1029
968 1398
582 717
206 405
269 390
1283 1466
139 1420
1161 1436
662 1344
1163 1567
447 1016
753 1175
97 867
983 1389
95 161
852 1174
511 853
23 781
796 1232
330 615
162 1439
735 1477
281 940
559 728
493 1373
907 1132
212 1200
715 776
895 1354
725 998
270 620
233 1167
235 816
667 1578
384 410
1402 1536
332 378
688 739
34 752
83 1117
387 1003
757 1394
484 1335
957 1101
312 926
628 1596
879 1536
1043 1395
717 1349
356 656
429 655
608 1443
100 206
303 1413
383 671
61 255
134 884
999 1566
170 718
281 1107
670 1159
888 1064
558 604
382 805
290 363
5 523
778 1226
310 1345
167 1310
153 977
372 589
187 502
690 1558
461 927
1356 1408
766 1381
677 1308
415 738
368 1178
370 1571
310 1199
398 1055
788 1209
984 1051
392 727
189 1385
174 1398
64 1487
258 1173
380 869
15 837
578 987
811 1383
70 516
574 1182
983 1331
27 1227
462 1188
1095 1306
75 957
223 591
448 1270
462 699
875 1252
448 1247
786 1002
1070 1407
39 443
985 1314
1097 1291
700 762
709 719
954 1561
296 835
1012 1051
1105 1545
854 1242
911 1149
550 766
1159 1167
526 1423
900 1191
4 222
324 447
84 985
190 1452
665 1183
169 1156
36 926
280 518
90 352
63 868
392 396
598 1388
31 1275
517 1434
1024 1507
833 970
128 642
371 942
91 332
515 1343
479 702
286 1234
320 765
974 1273
519 1548
78 963
626 861
200 1496
129 434
100 1393
1049 1546
167 780
124 1236
817 1284
359 992
201 203
434 635
197 221
232 885
1142 1290
117 1551
219 1169
396 955
564 1209
56 536
639 676
800 859
312 369
181 196
31 1289
122 777
1252 1524
1175 1541
454 572
376 491
850 1369
349 1450
116 499
355 1412
46 1008
14 37
312 891
1326 1576
1324 1470
38 1059
877 1440
235 1350
918 971
844 984
550 893
1097 1322
1164 1303
325 421
438 1146
514 848
547 1265
242 244
423 564
916 1549
99 1270
408 1110
25 201
185 1551
378 1569
1455 1468
1344 1438
97 845
42 1415
1008 1081
812 877
78 432
46 848
738 1053
371 637
925 1082
302 789
529 1533
37 411
741 982
254 820
1005 1333
579 819
250 1299
666 1093
799 1417
604 1055
1230 1499
468 1205
606 1142
935 1133
211 331
201 1036
191 303
1091 1151
108 1190
168 1294
227 411
526 1399
817 1143
144 726
987 1153
96 1015
539 655
921 1207
773 1128
607 1158
129 1264
454 1047
518 1491
433 1391
587 777
520 654
994 1586
1281 1505
533 544
155 633
241 779
175 457
272 1538
470 1302
17 1019
810 1132
1264 1464
913 1333
254 795
1123 1171
823 1174
692 798
189 1246
691 1146
1232 1416
670 933
647 1205
126 599
1243 1440
349 762
142 906
421 1428
20 230
276 831
327 1493
730 1363
392 519
541 1133
88 1158
407 455
1194 1404
561 886
135 868
74 116
1007 1353
698 1339
338 1509
144 571
173 1033
1217 1562
349 1091
362 1321
238 439
116 545
634 980
485 1266
798 855
538 709
372 665
896 1103
790 1596
860 1600
406 1030
264 508
887 919
1172 1572
374 808
318 1329
667 1485
305 868
489 565
314 1094
333 554
57 477
9 1542
1003 1465
351 426
321 1384
280 596
657 965
431 1044
246 829
148 408
29 659
510 814
719 1397
92 1397
597 873
163 1438
597 972
307 537
173 582
156 229
126 523
638 1091
894 1008
1004 1238
1005 1198
302 1178
178 1595
981 1233
166 939
222 802
593 1083
1521 1570
951 1377
49 76
621 1054
1263 1274
960 1019
479 655
420 855
282 287
1324 1466
966 1526
419 1058
1139 1237
533 752
246 996
111 186
1106 1532
434 1028
1021 1559
1092 1247
53 708
907 1211
1116 1138
28 1530
290 620
735 1463
420 1358
350 806
81 617
582 1211
836 1485
710 1290
768 1409
441 700
723 1482
792 890
520 618
134 1154
680 1213
782 1397
784 1190
397 623
423 1207
1174 1204
406 1223
697 1396
149 423
807 1570
793 1189
531 1071
1000 1074
252 395
458 508
1215 1585
128 1516
449 1396
88 1310
362 1115
22 875
237 1252
677 1225
93 689
750 1441
1395 1482
145 1514
496 1396
1108 1570
1492 1507
1495 1499
333 713
195 956
78 1358
208 1219
409 542
953 1118
580 1560
585 1195
402 770
813 1583
562 1250
305 430
804 1069
381 1399
161 1452
503 1411
46 761
960 1376
340 1225
570 1449
377 1331
711 1220
849 1310
330 886
121 164
267 952
522 1572
857 1566
1045 1348
763 1226
1093 1114
958 1540
910 1086
7 427
231 360
437 658
917 1481
39 871
407 637
559 1201
710 1347
59 528
222 838
1180 1268
1089 1432
567 1013
658 979
66 405
32 640
931 1430
185 1285
17 1537
1163 1489
427 729
67 350
879 1103
1065 1330
157 552
608 1228
212 749
1087 1213
1023 1483
802 1017
225 764
717 1173
384 596
1068 1324
864 1090
403 683
31 1097
215 1198
842 947
914 1004
315 1349
526 624
944 1145
162 1486
776 1280
1024 1298
594 947
228 1587
529 781
549 712
1193 1477
652 1073
675 867
1369 1561
651 1094
389 1372
228 949
913 946
622 881
496 515
550 821
860 1563
261 489
1044 1364
803 915
425 831
78 1208
639 1296
106 483
221 527
880 1182
2 1552
1081 1416
640 1158
1045 1579
528 1066
591 1593
243 506
246 1360
821 921
301 702
120 1104
277 428
30 1502
25 743
117 1178
1215 1455
528 1004
198 1152
765 989
188 765
687 948
175 1150
716 1538
480 803
177 1248
1192 1382
109 182
52 1121
457 828
1063 1362
264 999
50 1383
953 1205
487 722
643 1486
1257 1343
404 991
125 1109
400 1408
132 1589
297 1537
118 494
230 1276
991 1255
794 1160
760 1214
53 1322
353 1233
14 1290
1207 1337
497 1289
661 697
241 1389
488 1306
744 1393
732 1347
161 871
125 234
137 1519
1227 1447
999 1054
65 770
121 1556
410 759
675 803
261 361
183 478
255 486
220 1587
1379 1555
773 1416
499 1312
1350 1598
1084 1125
451 1461
1239 1564
341 367
788 1102
422 1512
1034 1470
309 751
233 674
792 1327
212 1155
50 82
273 1515
218 863
291 723
1056 1369
319 1234
506 916
595 1161
889 1291
377 1454
313 547
54 635
677 1038
941 1084
707 994
364 800
341 1155
862 1431
914 1057
698 1308
79 391
456 898
637 1521
1020 1248
263 485
805 1456
806 1027
525 1032
233 388
751 1112
450 936
83 1443
733 1372
780 1490
455 1155
973 1564
309 671
366 564
133 1184
677 1549
1327 1419
438 1168
1069 1181
233 1527
39 959
308 693
113 613
325 1191
155 941
7 256
440 922
29 785
373 938
1406 1457
103 375
377 1278
508 599
186 204
148 892
322 1141
187 593
574 1311
10 566
152 1386
200 356
674 896
738 1186
432 783
380 466
70 1156
175 837
705 1372
223 854
594 1346
501 1296
198 1111
630 1489
1133 1400
607 1267
539 1067
174 1113
12 1048
229 1048
1108 1459
204 323
110 555
1443 1573
49 1388
43 818
204 1527
87 1329
293 1234
345 1259
636 898
141 1196
748 1346
77 1119
115 1139
464 1599
1096 1225
41 1451
271 1588
383 581
442 865
1129 1523
985 1381
1088 1294
666 1255
208 1373
437 1483
482 609
949 1276
22 290
158 1017
298 320
33 810
355 561
441 1284
298 460
938 1462
880 1098
439 858
1424 1442
698 1199
986 1020
236 1313
125 909
383 1193
390 1293
481 1050
1009 1021
1244 1362
1358 1537
294 990
966 1063
346 872
1072 1125
557 923
950 1309
476 817
21 1507
289 1481
630 806
393 486
536 1334
517 688
227 859
1139 1491
982 1458
809 834
149 1280
912 1453
379 1191
28 443
749 783
131 694
255 1095
438 1258
778 1472
158 570
193 1352
45 665
98 969
630 1217
230 1250
1351 1356
195 776
1338 1489
853 1128
192 1493
82 534
289 1427
490 562
460 1363
58 321
757 1087
285 984
144 433
500 557
648 1545
273 1496
209 610
861 899
62 965
477 1321
987 1553
812 1185
87 695
287 793
768 951
995 1224
663 924
215 854
1463 1571
108 998
422 462
767 1377
247 843
311 1378
1032 1464
1063 1268
287 1523
1224 1520
1050 1173
488 707
418 1074
41 763
513 603
322 606
253 1017
137 482
1001 1031
399 1319
126 562
100 796
468 1554
179 568
519 820
708 1424
75 1157
71 1122
47 1162
962 1200
234 728
600 853
517 1337
934 1531
1027 1314
634 654
576 919
575 1117
736 1197
129 1378
779 798
968 1567
791 1157
1006 1519
1496 1556
172 214
215 827
127 1073
734 959
643 1205
128 967
683 1237
243 618
993 1458
505 1151
415 1363
971 1370
90 278
237 1348
124 1516
183 675
340 768
660 975
459 748
436 1019
48 1277
386 1018
101 851
224 363
693 1595
787 1113
22 1230
83 254
877 1003
1226 1445
347 1337
297 369
744 1196
790 1043
1112 1434
613 941
623 923
117 1355
883 1466
1242 1368
566 1301
351 710
757 1544
850 1361
756 1022
436 1591
1214 1426
646 836
247 418
272 809
253 1284
461 1418
299 928
651 1568
226 1123
592 921
145 1467
681 721
193 891
139 1033
527 688
742 1259
36 1439
376 1336
797 952
572 588
1423 1543
817 922
685 1022
1288 1289
417 1459
164 1274
813 843
135 831
51 370
147 692
81 1071
637 1428
150 1022
160 996
1210 1540
1148 1162
720 1304
13 164
714 769
576 744
262 1157
1156 1366
1294 1430
54 125
682 852
770 938
978 1517
802 1056
895 1079
492 722
224 1089
344 1593
122 518
510 977
362 401
430 1250
1240 1497
357 1112
1047 1085
719 1384
205 239
145 1103
1008 1403
645 1379
56 1166
595 1562
334 1173
273 562
109 712
881 1519
378 397
526 684
474 1149
463 641
353 593
407 1585
1012 1136
1052 1490
388 1489
1183 1276
672 886
159 1048
327 1298
457 1528
32 669
202 404
339 1488
26 611
472 595
150 297
652 1175
25 363
334 761
112 930
414 1038
155 1488
344 1526
11 271
3 765
91 1410
1490 1504
463 473
140 623
316 1556
616 1030
1322 1577
4 240
110 685
359 840
1172 1530
782 1056
505 1311
339 796
695 1565
866 1364
278 874
745 1590
187 540
754 879
625 1079
784 1267
73 495
68 756
674 1598
45 616
168 1544
1045 1335
1102 1430
701 1308
172 1592
30 1565
732 1004
631 1204
369 561
346 1555
512 714
251 1115
167 672
88 590
335 1065
347 994
300 1342
950 1050
409 1520
696 1578
315 1477
939 1393
45 237
1192 1379
937 1189
76 1423
530 1333
245 1042
1239 1590
797 1427
245 906
579 781
42 553
377 910
482 1542
466 935
966 1116
1286 1425
1511 1539
55 1121
1160 1421
105 153
1419 1487
389 1304
329 1459
601 1449
1313 1523
428 1270
734 1411
826 1387
429 479
70 579
23 1345
185 337
516 540
630 1362
603 688
326 383
275 518
1399 1422
474 965
916 1443
314 1181
1144 1521
1249 1254
350 1201
496 1472
339 1140
140 520
678 1284
702 1099
238 560
237 1067
760 1509
174 1043
1035 1263
1433 1556
432 840
47 762
123 962
171 1474
959 1251
239 1113
1038 1143
65 829
1187 1567
622 989
1049 1126
1206 1236
1219 1468
503 767
163 943
176 1498
1084 1188
94 672
519 1187
1218 1425
530 1534
1266 1399
316 1456
1046 1434
254 1518
1245 1355
252 1367
969 1315
154 416
557 647
734 869
374 1387
72 904
84 1197
296 1261
915 1060
102 475
1227 1485
286 844
131 1548
1075 1301
57 872
102 1371
926 1515
653 771
185 951
1153 1184
1303 1525
234 692
11 182
216 609
541 1145
166 888
1053 1273
160 1109
227 545
171 1007
89 616
663 1318
819 821
499 1118
36 152
224 642
530 874
104 295
412 1291
882 1206
60 1212
731 1540
1322 1367
364 1414
190 799
555 1202
1195 1367
522 686
1331 1558
471 714
99 1106
1009 1188
419 1144
276 1275
1078 1236
282 397
412 943
401 778
1138 1273
101 403
570 1347
41 176
61 1244
824 930
1018 1301
901 1503
1177 1321
280 742
1166 1448
839 1057
918 1551
69 1064
712 1013
169 1064
465 1287
499 1391
652 1229
789 1475
1096 1525
1075 1222
414 1493
1213 1575
1123 1402
805 1309
86 1196
844 1306
34 478
319 451
393 1594
983 1498
27 448
309 482
261 1102
113 534
1318 1462
134 1325
142 589
569 1179
82 1552
928 1134
657 1484
763 1570
106 1328
610 1471
199 760
209 253
619 756
120 320
183 1271
322 1268
85 731
581 1371
256 291
1076 1246
790 1034
20 808
232 570
169 407
648 1477
521 1041
1376 1572
699 774
51 126
151 469
531 1457
219 687
1005 1136
514 1229
24 1456
331 1134
573 1141
218 870
257 989
461 1358
1501 1522
1049 1512
162 1504
542 1092
143 815
67 1442
281 497
11 645
1038 1549
500 914
1100 1203
856 1006
1197 1203
420 993
223 706
680 885
38 820
45 56
452 515
1188 1403
828 1176
816 1574
422 1374
4 123
277 1328
745 1184
1060 1387
714 1484
313 927
87 804
774 1015
925 1040
1257 1354
1094 1583
715 787
202 1070
992 1161
986 1197
960 1258
467 504
109 1341
676 1341
366 965
492 1262
42 207
2 904
144 1481
818 1340
670 1086
645 927
163 1582
933 1504
418 569
68 661
702 1329
272 1235
27 690
439 1403
281 1502
524 1290
487 1420
367 1053
829 1226
455 1199
782 1386
1130 1503
489 846
496 664
754 956
387 668
480 904
5 350
251 294
872 1467
795 1464
1026 1545
18 1261
823 1091
424 1581
351 436
654 1576
336 1041
428 1544
531 850
477 559
123 645
121 1354
163 856
13 1589
206 1394
71 149
758 1241
372 530
242 352
1346 1493
486 1446
568 913
947 1550
15 1433
598 1532
787 898
838 860
1303 1461
444 633
497 1288
619 1482
640 706
1011 1323
961 1499
639 847
136 1427
550 1495
414 514
242 1563
632 1305
827 1514
511 1222
113 404
139 1035
234 1444
930 1243
468 1198
472 1413
320 427
467 481
213 469
705 1065
1009 1101
381 617
843 1214
283 1114
1113 1247
927 1278
15 1372
553 1213
643 1293
335 418
963 1193
290 309
906 1596
818 1343
532 647
180 741
458 1518
203 363
459 799
108 401
939 1254
369 786
975 1429
962 1082
346 605
1366 1449
93 1439
1247 1533
843 1274
706 936
1270 1346
106 1220
356 978
51 591
367 976
565 696
226 509
91 352
467 1176
130 1218
1355 1506
307 851
731 1389
357 366
546 991
146 683
653 1479
864 1192
1450 1557
49 977
394 931
465 1051
1292 1339
188 405
258 741
391 596
1140 1367
323 720
493 629
1106 1179
1296 1351
1027 1328
1308 1571
1266 1374
1329 1462
106 1094
1019 1271
36 1546
737 827
1559 1563
249 1586
442 625
655 1100
438 1352
411 725
636 1390
2 736
293 1025
8 207
693 703
305 1492
507 856
1488 1581
1406 1516
761 1547
329 769
781 1562
38 1049
20 1480
489 658
374 458
196 939
1130 1569
248 687
524 918
1101 1222
1208 1457
331 502
1036 1131
944 1345
156 228
501 1104
732 963
305 402
248 644
551 1510
356 1076
491 541
1052 1402
517 1131
601 1040
643 988
1292 1431
436 1036
1032 1428
535 716
70 596
504 1182
346 1304
179 1253
863 1241
92 358
1147 1221
210 344
3 426
89 951
73 1232
240 1212
292 1064
669 1455
236 1107
1460 1528
345 385
34 602
43 1378
845 929
846 1582
1452 1559
873 1510
47 1366
445 1374
318 1479
1246 1492
638 1588
1337 1382
1047 1089
267 1081
835 1560
444 790
1124 1330
38 360
471 1323
37 1319
75 310
348 1414
766 1332
721 1445
1204 1269
40 51
247 830
1081 1467
533 1121
143 946
825 1114
516 1235
370 800
1382 1427
160 576
48 1524
1043 1518
539 1514
920 1014
226 244
909 1473
66 1087
767 1501
828 1044
77 845
969 1037
348 1304
547 1116
451 488
81 1279
649 660
973 1326
386 1360
883 1539
170 1143
58 755
13 358
815 1496
1105 1215
276 1120
813 1104
9 213
887 1209
365 961
248 899
255 1269
575 820
604 649
53 1062
612 1152
1042 1359
347 979
295 747
824 921
924 1575
262 275
440 1351
114 1339
284 1497
210 300
600 1568
279 1300
194 1082
874 1471
923 1532
328 1039
1143 1467
1014 1384
917 1086
107 1051
317 902
1529 1558
104 681
399 1341
1125 1560
1282 1448
16 1455
80 1408
298 1522
61 1223
870 1420
607 1432
852 1471
577 1340
1444 1464
889 1518
366 612
914 1436
275 491
880 1474
270 535
158 1471
326 958
235 1379
376 1037
1263 1568
857 1307
890 915
840 950
858 895
1076 1566
830 1028
201 784
595 743
263 1501
153 1362
384 1429
245 724
250 641
269 826
1183 1397
874 1502
108 1217
208 540
55 934
364 618
1054 1177
932 1380
55 668
590 1546
974 1146
365 780
14 586
139 858
1426 1501
925 1241
177 603
1130 1373
998 1584
351 897
364 509
390 1453
583 605
1153 1287
33 107
306 1495
912 1208
621 934
558 1545
654 1098
492 621
198 1503
211 641
76 1022
787 835
699 1223
972 1515
544 1490
1100 1298
342 950
162 680
197 1486
587 849
141 782
174 1140
1506 1535
102 464
1015 1528
1547 1592
228 1115
164 883
308 805
17 103
897 1069
483 1417
137 567
57 1150
343 889
60 429
1030 1588
205 574
559 955
841 958
68 1118
337 666
707 973
172 710
1137 1186
435 556
43 1591
442 1127
405 794
400 976
908 1444
317 936
730 932
153 375
111 1214
173 1186
1172 1576
1256 1354
354 400
400 1513
59 848
191 907
188 1494
503 1520
1258 1577
1185 1279
1125 1405
543 619
684 830
1061 1157
988 1557
105 1510
95 416
1320 1383
1 457
549 753
145 1295
476 561
757 1300
1099 1526
399 1447
249 507
678 1510
897 1011
736 923
1527 1578
1407 1595
968 970
269 769
221 1401
756 1271
718 1436
602 1059
1034 1406
633 909
65 1334
69 278
742 1388
360 1410
1365 1523
113 1261
1200 1375
259 581
1316 1353
1078 1386
878 1048
755 1037
822 955
478 737
484 627
342 886
409 1067
375 661
9 691
893 961
26 775
890 1340
686 873
556 983
928 1262
646 1534
819 1416
825 1409
288 525
241 260
64 859
178 749
6 1068
66 608
437 1251
76 1244
1245 1393
585 1184
935 1302
178 1033
556 788
795 834
327 715
522 1433
23 1342
200 509
1220 1401
1527 1547
196 887
37 1181
564 694
385 548
63 1230
932 1422
975 1084
1132 1185
214 1166
232 1582
1388 1579
955 970
156 1381
408 851
135 777
976 1600
422 1255
387 997
598 1505
476 942
1132 1569
522 1419
1325 1336
577 935
1428 1520
511 1307
1446 1536
928 1529
829 1411
680 1472
259 337
573 902
266 997
733 771
834 1002
542 1137
263 1548
494 1478
12 1410
1031 1531
114 813
98 308
272 575
447 1297
1137 1210
26 261
666 1361
536 937
763 911
703 1200
69 1110
361 473
35 396
274 845
711 1148
119 388
44 1245
485 1031
1026 1224
130 1013
3 891
208 893
759 945
25 1592
801 1278
1348 1424
198 1542
592 852
445 1201
361 759
520 1525
808 841
908 946
446 509
1221 1264
380 450
769 1029
182 670
824 1356
17 1095
362 552
119 971
738 1513
801 948
381 1364
266 1549
150 911
571 987
275 373
266 1317
19 775
455 697
20 639
44 338
67 483
740 1127
646 1282
428 1438
686 833
96 470
303 1359
219 378
626 681
421 1500
152 1159
791 796
148 992
16 1083
199 449
154 752
239 1316
85 867
110 917
92 586
1028 1484
494 1533
331 534
783 956
785 1058
77 945
394 634
823 879
217 773
54 587
301 1314
387 1312
832 1134
72 1535
668 1025
47 919
143 875
430 940
359 1534
464 1251
614 1565
551 1233
662 711
1 1323
667 770
44 1149
384 1392
321 1292
800 1375
1080 1535
583 747
132 1168
804 1524
21 62
601 652
341 1088
313 1480
329 1418
8 300
887 1597
628 1260
502 729
180 1238
1170 1412
82 980
487 696
250 313
71 1196
1010 1468
566 789
555 1562
503 1313
110 571
832 1509
340 1260
1238 1316
507 786
875 1082
1243 1400
10 1070
50 1309
1264 1503
958 1170
701 830
791 1542
1359 1434
270 1552
682 704
46 634
882 1594
906 1567
394 1350
995 1276
446 1319
794 1191
426 1145
322 1317
1058 1403
648 1334
697 1335
147 861
1306 1394
605 1036
740 1488
402 1144
554 774
135 532
231 1312
91 1010
389 447
506 1203
1090 1500
301 650
122 722
475 728
190 1444
211 816
1223 1395
225 1068
267 814
1228 1600
354 1412
932 945
1222 1323
7 1137
1093 1242
222 1465
558 1407
295 1042
949 974
28 151
812 1483
103 1135
189 881
301 974
231 1338
746 1450
1209 1385
620 1266
925 1140
264 1458
219 1595
1066 1301
325 576
1073 1365
941 1039
107 690
632 815
119 981
682 1257
691 1229
98 837
395 945
181 673
803 1240
8 822
123 1023
857 864
57 429
52 88
982 1078
415 1103
610 1432
424 1099
760 962
884 1136
188 1254
764 917
835 1535
568 954
1194 1561
862 922
147 1476
1111 1345
252 694
355 745
98 764
493 554
292 1001
388 924
1059 1440
1479 1483
200 239
85 507
444 1555
1014 1382
653 715
116 315
79 543
733 1335
977 1129
521 733
565 624
3 424
193 1418
133 985
52 1531
618 828
908 1244
869 1168
1210 1277
986 1000
1057 1437
910 943
202 1553
342 752
615 1417
882 1096
205 1448
77 314
735 1151
202 753
1295 1440
194 963
294 1286
146 382
495 650
1120 1231
657 1128
437 982
535 687
515 1468
244 551
1274 1460
726 1435
696 1338
1164 1365
650 1500
673 1075
236 245
186 326
120 150
591 1375
133 1287
274 1018
833 913
1186 1285
1045 1343
357 1297
403 501
42 403
997 1307
256 673
510 1272
495 1373
1072 1543
265 1172
466 1599
306 811
549 1380
627 792
1441 1498
604 1465
549 862
948 1286
165 824
278 1524
993 1473
94 588
101 841
11 79
