1600 4000
192 567
593 1006
471 498
1178 1526
950 1030
906 1405
760 1501
1184 1509
128 1572
352 1213
1267 1298
428 1160
702 1290
425 873
558 682
75 321
79 277
926 1408
255 321
1373 1557
302 1412
99 254
1157 1277
118 496
197 1118
860 1033
1434 1482
797 900
214 1153
1188 1486
4 1176
323 1426
179 606
819 944
334 630
733 857
1108 1585
213 856
471 829
768 1502
957 1332
98 1032
39 615
494 916
681 812
89 176
32 967
244 1250
824 1410
115 394
513 1027
791 1175
1320 1407
1217 1582
489 1232
318 445
209 324
748 1506
354 1448
575 770
1456 1526
120 155
284 705
91 672
155 1321
178 674
62 392
241 1569
115 787
872 904
775 1182
353 547
556 1147
482 868
1161 1254
604 1309
164 662
312 369
7 134
1198 1555
637 1440
807 1162
623 1489
523 1023
587 1411
874 1351
986 1245
570 1364
271 1110
158 1355
149 896
66 559
1304 1419
187 1227
923 1512
267 1187
1514 1565
1212 1324
997 1462
496 858
487 991
229 448
222 266
235 911
16 1299
144 749
379 953
158 431
1076 1580
1031 1077
257 734
748 1483
123 832
304 867
745 1534
1209 1212
1123 1189
964 1167
459 738
1440 1469
577 693
701 1438
545 1038
552 981
133 1068
58 958
907 1403
574 975
598 1408
191 1381
784 1545
1018 1430
1313 1469
50 1006
271 375
948 1519
695 937
698 1236
179 1515
545 908
1014 1489
80 210
1169 1534
424 1600
1087 1391
1020 1556
363 1520
1278 1298
1032 1469
345 1368
390 1523
794 890
458 753
968 1056
30 475
985 1099
39 1014
313 375
1107 1563
690 1017
691 1248
300 890
673 698
615 1493
276 597
23 1443
396 1231
1189 1309
920 1364
878 891
116 1418
862 1343
182 301
594 678
281 521
241 891
224 1186
356 714
562 612
170 510
543 1600
923 1534
114 816
17 1528
141 804
163 376
111 472
409 850
157 335
138 808
662 1084
233 532
717 886
247 908
220 1571
627 1345
408 1396
480 766
246 673
472 1304
847 981
1269 1313
136 190
767 978
685 1196
584 1573
356 599
716 1137
57 740
1125 1340
402 695
143 1559
1078 1515
416 495
776 1574
177 1248
363 537
116 861
1162 1358
283 461
15 831
720 1126
543 579
1034 1463
13 83
777 1534
152 530
245 604
335 957
1060 1396
414 605
331 1091
990 1305
446 1496
441 962
342 1300
930 1020
96 1369
696 1013
352 1563
801 998
247 1336
535 944
634 1004
1009 1289
762 841
206 1447
192 1528
796 1159
947 1061
119 1484
1003 1152
723 1375
469 1556
155 297
215 1585
440 1301
55 664
909 1040
551 1207
870 1113
19 544
890 1151
816 1417
328 633
193 1388
109 220
288 377
453 1286
548 1493
647 1499
269 1485
317 905
322 884
845 1082
428 1284
436 1427
272 1344
232 666
355 1416
166 1466
1144 1418
544 976
9 522
394 718
726 1425
227 303
1359 1361
468 1000
818 951
78 461
3 378
699 1217
928 1335
732 774
212 610
337 1398
717 1546
1145 1584
93 180
348 1365
1174 1570
170 1322
1386 1393
175 852
799 868
475 1253
774 1349
382 1203
1220 1288
478 1551
692 1397
212 1003
358 961
1305 1575
580 1228
811 921
638 1190
273 660
389 590
13 999
936 1329
686 1360
274 888
1013 1224
214 1042
350 841
1089 1281
174 864
579 768
1012 1186
261 776
527 881
3 430
296 338
1137 1579
494 1492
1355 1362
401 680
27 154
924 1486
514 568
1276 1465
1106 1511
630 701
603 1599
242 1269
664 718
67 312
751 1172
189 1268
829 879
883 1367
947 1096
493 846
181 1304
304 1543
31 521
625 1404
27 953
1407 1501
759 834
923 1487
131 1270
1103 1290
337 1005
178 398
113 426
804 1227
485 1279
136 1469
1034 1406
351 470
1159 1334
564 1260
110 949
970 1437
162 777
697 898
909 927
327 1239
1228 1297
57 677
123 277
810 895
1032 1118
1459 1516
925 1320
431 781
123 1343
852 1187
253 1482
468 533
126 1249
174 1248
734 1101
41 1556
536 1516
74 1034
578 817
148 566
414 607
125 440
626 1487
1341 1596
137 1294
1057 1300
99 1377
596 682
622 951
605 1415
353 906
986 1418
542 873
403 1310
401 706
1227 1348
995 1381
374 1270
458 1097
112 408
1464 1524
204 1139
144 710
620 1527
470 581
1403 1517
216 924
542 1227
199 1386
1171 1236
803 835
661 1129
725 1565
371 1069
782 1471
1119 1222
307 1030
519 1529
235 1560
1100 1537
1226 1460
24 837
56 417
838 1411
973 1338
480 1223
1128 1551
523 914
114 337
525 1229
943 992
249 659
106 1483
714 1206
921 1072
125 516
451 619
340 515
154 570
1014 1203
790 1098
786 941
896 1322
999 1272
1053 1314
496 575
573 619
816 1349
288 1089
34 1238
353 1426
376 1244
311 760
141 1461
82 1480
1373 1570
243 306
87 237
358 744
98 669
430 749
1308 1545
899 1075
1009 1096
708 876
1221 1290
122 1149
384 535
92 936
189 407
634 1445
46 1236
539 1324
182 1293
124 842
155 365
336 1076
239 1518
809 987
207 402
776 789
564 1307
896 910
1240 1257
206 922
141 1026
295 602
20 1441
469 1340
95 538
959 1388
127 1301
812 1252
6 616
1130 1497
420 431
36 1525
282 1283
1033 1189
301 583
371 813
127 1430
643 761
428 1056
147 225
801 1270
1193 1348
805 1379
635 854
115 1177
877 1487
1151 1299
65 1586
392 633
455 1193
731 1062
753 1384
1178 1285
640 650
221 1011
846 1080
164 1596
128 416
116 542
508 1028
748 1290
425 1550
168 1105
320 521
300 1030
1107 1326
33 380
60 753
1099 1371
37 525
745 1567
190 802
181 999
513 1258
380 1055
218 1407
634 774
325 1296
1027 1448
30 1538
466 1315
268 1073
288 918
399 1202
51 1195
407 1234
239 463
1412 1455
306 620
465 1450
651 1077
467 849
540 866
559 586
904 1182
53 1154
277 997
749 1450
531 1030
1037 1412
346 357
241 698
239 1170
251 1473
119 1456
740 1552
717 1415
761 1557
18 317
5 1554
156 1421
227 1355
949 1375
650 738
718 1088
536 1530
812 820
802 1370
1074 1317
299 1163
861 1385
1496 1579
515 967
875 1319
212 975
256 1506
208 1428
1068 1312
797 1048
854 935
1114 1532
419 592
281 1057
202 1555
506 977
229 884
774 1457
1002 1253
101 151
501 1546
8 98
864 914
112 357
210 1501
1470 1578
146 242
1273 1308
444 1421
94 1407
423 1332
771 1293
466 1548
795 1058
1013 1289
821 1138
177 1230
614 1167
227 742
1156 1549
683 1458
56 436
393 554
486 813
324 1250
1143 1382
118 1132
106 301
703 893
384 1353
567 853
73 1402
340 692
392 1182
642 1394
42 534
260 957
486 755
99 1214
596 1592
881 1332
98 1325
903 1308
212 684
16 725
892 1483
331 1084
319 709
319 325
1212 1475
567 1066
612 1087
1031 1393
359 582
195 1079
1282 1356
514 1480
230 783
359 924
1185 1432
446 838
721 1280
1043 1114
109 544
121 217
979 1141
387 497
640 642
364 1262
641 1061
1087 1181
109 974
946 1339
648 855
803 1235
8 1423
809 1423
645 1303
293 868
249 910
1330 1443
330 1295
17 1383
524 896
176 1505
511 750
1151 1395
906 1478
194 1154
173 1218
340 1349
1237 1244
549 1318
1356 1408
107 217
279 933
38 1271
396 1395
1105 1404
261 1277
738 1006
947 1291
122 147
579 1184
1096 1548
295 345
563 880
34 1008
784 1443
373 955
922 1471
631 912
231 840
229 1543
305 1511
279 513
1347 1597
187 1189
31 376
1188 1196
120 1199
539 1366
326 507
328 1500
848 1317
1318 1446
505 611
1047 1570
178 656
249 1261
65 1086
285 1174
50 362
1445 1546
129 1247
463 788
940 1398
233 1045
78 963
651 780
1187 1575
965 1259
707 837
483 1566
150 1218
157 1506
234 265
515 811
796 1287
63 755
106 1144
564 1588
10 1481
240 1055
693 1086
1037 1520
307 1208
20 928
1065 1558
946 1379
124 1020
497 1121
1008 1491
778 894
163 1089
1371 1402
853 1050
926 1054
149 1402
386 1549
477 1246
170 1253
351 1488
141 326
369 955
86 787
562 1581
1512 1591
490 577
281 391
703 953
538 882
160 1153
147 217
225 1047
590 1505
52 1328
828 871
969 1532
601 886
1530 1578
560 883
806 912
632 1243
234 619
726 1346
551 1045
150 1366
564 908
88 157
438 1362
69 454
400 903
900 1071
956 1380
510 556
58 874
649 670
81 196
623 1550
471 1444
126 130
452 743
836 1267
1057 1411
142 164
611 688
79 1102
160 509
900 1526
909 1314
821 1593
93 137
503 1581
974 1085
964 1503
290 1267
741 1306
656 886
421 716
214 772
825 974
1212 1268
147 1452
128 1568
820 1067
294 303
1078 1225
289 1375
833 1574
806 1019
184 1587
24 1275
1071 1517
1133 1408
50 750
1243 1279
902 1427
267 1004
84 558
996 1190
155 616
171 1110
315 1207
257 1429
660 1120
460 1572
594 1235
626 673
1125 1179
1287 1331
1536 1564
444 507
1146 1403
461 780
67 538
415 493
133 871
646 865
570 672
585 1271
943 1495
823 1162
421 1235
274 566
885 1569
675 931
589 868
947 1468
643 954
430 1247
273 1461
1043 1170
450 1260
183 1081
1225 1365
800 971
1456 1598
462 1283
207 352
1394 1562
154 895
884 1159
548 908
54 461
289 488
1083 1152
134 1195
311 1380
1417 1589
1136 1229
253 1347
665 752
192 1410
326 954
293 1491
183 1520
534 1016
505 1557
163 948
985 1199
118 559
387 1264
161 1129
199 1093
126 1258
71 135
489 1255
845 1388
16 1147
522 1019
4 1380
1155 1494
1187 1249
1044 1100
740 1070
168 899
397 1078
86 860
139 1345
79 1439
540 1580
962 1095
54 968
934 1109
727 1471
9 374
412 882
916 1423
808 1031
413 624
388 523
930 1217
750 1243
1330 1350
119 173
252 966
965 1511
313 1143
154 1058
15 1539
1495 1562
500 638
329 994
129 667
927 1064
238 270
820 1155
344 1096
145 852
477 580
588 802
637 1002
509 731
776 1166
1264 1302
576 1228
143 370
1195 1229
131 1523
427 453
585 587
818 979
871 1024
667 1238
704 950
1375 1547
1059 1597
878 1412
629 1117
325 435
28 575
789 1223
138 1375
1005 1048
739 1098
97 736
577 650
684 1246
14 1118
81 761
215 228
671 795
347 712
339 1282
1295 1401
1003 1126
172 1319
43 249
12 298
1169 1193
1281 1596
218 1019
316 382
63 998
292 765
487 1148
929 1459
418 679
197 1490
507 1040
732 1094
150 965
314 623
543 1259
1197 1327
177 1428
339 1133
80 1122
612 781
320 1345
21 566
85 273
443 1146
1251 1331
673 818
369 1398
512 1455
312 1065
195 1550
434 1387
354 1199
1023 1544
186 1304
89 255
1312 1478
747 813
759 1600
449 1109
657 1012
993 1447
676 1315
38 276
458 788
471 1108
54 653
23 1571
213 475
622 633
465 1032
405 1569
1260 1326
217 822
478 1015
1168 1354
550 845
310 737
876 1413
190 401
45 585
1233 1562
1415 1487
303 1166
879 1112
394 711
469 1209
322 1583
683 1479
306 953
593 897
368 1376
485 1111
1310 1550
1205 1237
197 736
530 1527
996 1244
252 344
491 841
162 596
995 1173
665 962
647 1146
302 873
186 418
211 593
410 1095
298 563
316 1107
262 1005
547 1476
64 1265
995 1221
361 402
798 1399
347 1092
441 695
40 1543
422 693
332 1215
204 675
1101 1102
781 1229
317 1093
343 818
172 888
937 1479
1423 1559
48 837
848 963
798 1576
266 498
650 972
909 1130
365 489
547 1028
145 1390
804 966
625 1127
42 558
406 1043
505 668
920 1542
636 869
528 1332
483 976
405 434
76 86
833 1148
779 1027
843 936
1209 1512
297 342
598 1341
162 665
286 809
941 1073
621 1587
229 1088
866 1405
173 247
671 1212
1005 1068
257 608
195 691
12 243
308 1547
699 1188
568 658
181 1116
771 1002
280 1128
1180 1333
244 838
71 763
427 567
384 858
1061 1329
565 732
1059 1271
83 114
148 1292
636 1421
191 1226
235 764
555 587
110 436
167 1414
645 1060
49 805
934 1315
149 1472
64 196
574 1354
505 1092
814 1346
725 1552
750 938
471 607
596 1141
422 914
839 1139
204 1429
47 1572
171 1464
200 1405
1033 1168
534 1038
901 1153
50 723
38 613
605 1498
1353 1518
211 421
351 1195
260 745
87 1308
88 1566
293 787
266 373
436 522
955 1497
404 953
350 1389
1131 1444
1480 1538
146 1007
204 839
68 878
1105 1372
995 1231
103 1374
339 1208
604 1194
463 1519
969 1432
783 1007
1263 1298
309 836
287 696
140 181
703 1275
201 550
39 1576
259 1038
557 1049
385 712
614 773
1120 1187
1085 1229
116 1325
237 451
151 1273
826 1429
37 1240
24 1221
257 876
169 1136
550 1274
417 1165
553 1351
29 731
339 713
414 928
268 687
43 800
90 1324
223 1475
413 1262
334 994
122 1172
42 1284
511 585
665 1137
983 1459
483 1449
333 651
569 926
710 1168
825 1578
691 1237
113 1024
907 1022
62 571
1213 1409
380 1071
76 1338
682 1224
48 1272
315 1154
72 618
139 1194
64 664
869 1226
874 1428
800 1547
18 1079
211 849
426 1218
55 1012
599 1082
21 58
423 722
176 754
72 1221
765 824
1073 1513
491 770
947 1519
23 243
371 573
1273 1527
830 968
500 888
104 1458
275 383
835 1360
779 1184
733 825
715 894
697 1275
271 393
232 967
196 492
622 932
380 570
580 1211
300 1054
278 869
433 729
1444 1450
849 1535
1536 1598
341 803
94 131
971 1210
87 864
1093 1208
571 994
743 918
1059 1251
218 552
600 628
708 783
26 480
280 1399
951 1302
198 983
164 1452
492 680
1107 1373
21 1236
75 815
136 1175
216 1154
575 1416
318 406
281 1100
975 1018
727 1425
866 1273
124 769
84 343
732 1554
851 1082
244 1487
306 1486
970 1206
698 705
797 1454
175 591
457 1518
558 880
222 1000
73 1334
1117 1300
10 517
132 1010
1348 1350
653 1589
572 1274
319 867
595 735
602 1525
51 1123
14 1079
120 1557
1067 1421
44 1531
226 1163
240 515
1190 1261
69 700
282 1391
674 956
561 836
356 1001
169 1202
599 1521
503 667
404 1082
101 817
1257 1580
202 1424
24 571
1296 1474
513 598
484 823
1078 1443
1097 1253
355 949
984 1048
1280 1536
15 1475
474 1513
416 466
536 729
297 1373
562 1108
631 1095
516 1025
226 817
459 851
610 1548
520 1302
415 1424
692 1494
689 1368
658 1318
134 1185
1007 1222
431 812
321 372
191 1360
314 1101
561 1340
379 730
1365 1389
1214 1321
1169 1406
519 846
584 1595
1 1238
592 624
529 545
633 1467
136 183
152 292
697 1468
483 1331
259 478
629 1056
77 1339
537 1598
263 394
708 1263
526 821
178 1175
432 900
41 140
351 1197
66 988
1065 1352
63 788
405 631
689 1594
842 1225
610 866
697 713
299 346
887 1046
751 895
153 1358
528 1526
1303 1600
1295 1326
856 1297
367 1334
550 867
1567 1576
1480 1483
130 1401
1135 1433
160 748
321 333
1213 1586
526 942
348 1100
1291 1463
314 738
40 775
1419 1458
28 1368
391 572
17 42
734 867
355 1565
123 360
245 375
677 1430
516 574
370 1597
157 569
22 865
1152 1430
25 923
638 1020
539 1198
366 1427
699 935
284 1109
404 1252
424 1415
554 842
608 1176
737 1013
634 1226
595 1538
981 1502
616 649
687 835
24 1131
1141 1494
754 1191
636 676
624 1238
1107 1441
127 1594
625 1315
917 1316
742 1132
799 929
45 225
1146 1157
494 590
364 1489
921 1264
598 1143
283 314
549 1128
816 1472
377 678
670 856
237 252
272 490
287 652
216 1127
233 1342
207 314
573 825
965 1331
108 792
173 666
187 997
512 922
99 1240
398 1556
26 520
631 793
27 1507
672 1135
426 1000
408 744
758 1479
1037 1593
160 291
234 934
1321 1595
47 656
958 1145
135 485
595 705
261 1470
28 1583
812 949
1393 1565
622 1297
449 868
932 1051
1261 1284
419 1445
49 1579
715 1549
64 253
912 917
429 1161
361 397
201 1225
686 998
1473 1508
36 920
527 715
117 899
1260 1530
1003 1141
795 1481
1176 1301
1418 1563
792 982
606 810
188 445
821 1462
542 1039
400 1161
898 1011
679 964
25 611
909 1104
496 1449
291 409
1164 1484
203 553
105 707
1319 1459
915 1157
479 1496
370 1146
823 1382
309 891
479 1514
1205 1474
285 508
334 1292
694 1072
671 1532
886 1566
180 510
629 1293
712 798
1377 1505
642 967
763 1263
12 282
711 755
790 1522
707 1246
376 942
394 655
982 1256
165 214
304 1431
597 992
641 1220
456 874
796 1480
35 741
36 763
728 834
212 1594
791 1332
167 972
50 1071
93 1191
103 589
224 1242
382 1427
41 582
242 385
393 1276
256 1379
1049 1404
692 847
649 685
1 702
293 721
79 644
727 1554
1091 1346
482 958
831 1584
502 506
739 1206
1123 1512
306 1081
81 1331
621 1098
324 1320
502 992
955 1333
557 1564
6 409
23 293
679 952
1245 1279
958 1479
169 715
1009 1216
501 984
1477 1538
458 1416
651 1196
481 1336
626 757
1092 1459
191 865
850 853
491 1349
894 1501
258 350
94 1334
746 1282
500 1062
663 849
687 1138
1348 1351
363 1165
1223 1309
2 457
459 1021
440 1554
1145 1490
222 676
893 1016
334 570
227 932
32 616
92 511
1478 1491
104 1231
961 1575
315 773
271 1182
369 1054
790 1319
53 87
283 1038
654 1147
437 919
230 1071
1119 1305
210 571
5 307
432 1210
879 1359
837 1243
751 1158
719 1279
705 753
800 1024
721 1539
918 1159
381 615
357 578
378 1548
923 986
547 1153
521 912
7 308
13 491
437 1104
688 1559
497 920
70 1508
1122 1588
143 576
778 793
976 1177
1112 1148
34 594
1492 1539
939 1285
46 660
1486 1568
367 998
932 1420
956 1129
743 1303
211 908
389 1008
310 803
207 1434
1173 1237
683 726
340 1258
875 1391
366 1503
381 843
632 1336
772 1476
46 357
236 556
66 1138
83 220
52 287
442 597
97 503
1103 1265
116 481
120 659
593 1561
1493 1575
984 1234
52 219
839 1354
527 1355
64 631
224 352
780 1475
805 1425
377 1122
368 830
709 1367
694 1233
137 338
229 1470
561 1115
297 549
185 422
1074 1172
612 1051
566 1462
263 1574
175 957
1554 1586
54 1365
62 904
546 1589
501 1400
620 1585
172 1415
419 1482
323 1203
254 1112
221 1263
278 732
142 1183
646 729
55 307
362 406
861 897
790 1029
44 130
241 1153
390 1472
576 1192
209 231
824 1367
40 733
158 1127
11 287
1270 1450
456 524
709 1440
395 560
283 1320
286 1047
1242 1288
861 1281
938 1172
814 1094
193 632
791 1319
889 1178
72 328
1014 1451
807 994
1278 1563
1022 1521
205 1188
388 533
697 1583
1493 1495
81 117
272 1387
1311 1533
710 1119
417 1236
198 550
77 283
45 661
885 1394
208 348
252 961
857 1466
439 1477
94 852
224 1050
1390 1553
323 1442
985 1055
669 1460
310 1499
310 1374
104 872
758 786
197 601
6 1313
285 1407
1239 1405
678 693
83 1254
291 563
144 1283
166 409
69 117
476 725
10 1206
463 766
121 529
866 1110
668 1149
648 1202
57 625
89 1168
1036 1288
68 1329
628 1419
259 466
1028 1081
591 761
126 1099
232 379
3 59
257 1185
1287 1417
208 1092
1424 1588
316 757
342 946
820 1001
495 1204
216 1339
388 744
427 1114
218 834
844 1044
1016 1462
1425 1564
223 1116
944 1094
756 1496
365 661
402 808
1028 1327
387 1045
657 944
73 990
213 385
324 1222
564 652
851 1441
400 1262
700 1108
540 1266
222 824
322 879
1034 1437
326 1020
226 801
892 1113
666 1451
615 676
449 1466
435 1571
19 319
375 1401
637 1395
108 1435
705 1047
464 1155
167 607
29 303
803 1296
236 1500
111 1492
545 1400
136 863
1148 1481
779 1322
1353 1481
487 1135
205 330
397 1136
900 1372
452 827
338 938
245 657
752 1384
523 1519
357 1021
392 1001
1433 1507
1414 1431
851 1017
1362 1518
597 1277
295 497
561 760
762 1256
381 985
473 988
330 1029
192 1177
393 1216
374 420
1201 1436
754 1470
228 560
485 1165
530 657
668 931
578 926
292 460
416 717
739 1590
500 1579
563 885
435 1018
617 848
1294 1594
135 930
459 821
726 756
110 411
509 630
1201 1378
27 1247
1048 1434
240 974
209 485
1036 1317
883 1128
182 1086
207 230
607 1135
71 1309
25 395
239 1084
466 1252
343 476
221 1083
7 228
493 1211
60 813
452 497
847 1323
490 1342
779 1214
869 982
836 911
844 1293
499 811
152 568
36 61
294 1239
777 1505
740 1337
208 1296
302 1384
784 1490
1019 1253
1006 1123
447 1073
1217 1486
1116 1530
30 1488
278 1002
329 415
261 1382
788 1558
231 1010
469 711
1102 1233
11 256
910 1196
711 1193
182 980
1442 1595
924 1587
384 1069
580 1010
21 122
842 964
48 815
1017 1091
934 1043
850 1436
580 1515
590 1131
588 611
396 1356
484 809
56 1280
1432 1571
993 1171
652 814
107 309
674 1025
254 979
223 1015
403 690
492 1170
766 1014
90 551
85 315
907 1374
876 958
290 1111
80 1594
588 996
1075 1357
973 1438
464 1387
499 1420
758 1261
960 1531
683 859
38 607
35 548
1180 1528
104 1136
785 1372
436 449
1262 1552
305 927
85 1382
796 1219
1090 1311
899 1210
811 1590
1119 1424
1298 1536
1103 1467
670 1325
447 1508
1044 1454
1488 1504
284 664
294 1235
1230 1402
546 744
699 706
43 365
2 152
200 420
143 1555
360 1269
61 414
72 386
377 1198
1323 1456
555 1392
696 995
936 1573
236 1117
1251 1464
789 1200
643 1520
38 295
767 961
219 235
205 1131
811 1468
260 442
72 599
791 1477
362 1232
238 1350
751 1277
1256 1536
150 653
130 857
353 1324
764 1237
1111 1504
915 1170
883 1305
903 1338
277 539
431 1060
1064 1451
206 926
950 1139
1198 1262
618 1156
858 1013
680 1463
386 681
177 1242
450 874
565 1007
328 600
477 888
47 737
960 1145
266 1287
8 664
95 1022
1041 1150
524 754
675 901
74 442
360 1420
330 1042
332 1516
387 613
413 1437
912 1316
387 1214
52 1074
989 1582
830 862
215 1409
312 1283
977 1134
1210 1414
972 1377
917 1592
927 980
830 1378
1240 1440
1142 1537
76 1595
723 1357
966 1485
385 495
640 1448
45 1439
583 1575
583 1404
73 1416
1316 1577
964 1163
764 940
683 1063
330 718
804 1370
1268 1346
185 1338
332 613
661 1174
984 1259
399 1344
360 1030
151 184
890 1235
1097 1545
231 1049
644 1094
412 1025
799 1070
416 1335
789 1070
1287 1509
236 336
389 939
635 913
443 746
1137 1514
1068 1362
158 1384
89 870
292 1354
1033 1037
788 1321
168 1488
32 770
504 1406
16 671
91 398
258 477
349 410
202 1265
531 654
1156 1166
1009 1172
1060 1389
13 484
519 714
446 905
37 1084
179 1466
578 642
649 857
359 1126
770 991
427 931
457 1005
51 60
52 505
525 1183
1121 1584
684 1156
380 726
997 1106
43 769
1179 1337
1055 1593
448 736
1133 1352
712 1182
178 1598
10 1043
507 588
855 1314
581 1370
656 1140
1306 1437
149 716
765 845
767 1551
32 589
203 689
246 781
132 1051
63 1366
621 1278
6 1425
428 638
14 639
481 1316
950 1311
1081 1441
779 1448
299 432
816 1342
393 1418
151 1452
646 1352
499 606
919 1176
806 1462
1089 1574
680 1128
942 1337
163 1430
1583 1587
872 1060
166 745
768 1266
600 859
305 397
342 1544
566 574
61 1561
120 1493
111 628
337 1175
1072 1437
140 454
77 211
44 1423
198 1160
133 512
724 1238
40 1372
790 1544
1076 1292
1026 1192
1077 1455
241 1485
520 978
483 1383
979 1518
14 1573
374 986
1132 1201
675 1045
331 728
214 1512
267 1252
789 1476
1143 1499
456 502
1132 1138
68 577
1000 1120
770 1219
53 728
769 1589
960 1031
919 1039
873 1356
423 1178
956 1064
527 959
100 128
125 945
164 1360
911 1416
236 1085
148 801
11 569
843 1313
856 885
468 1231
153 1233
5 805
305 406
1087 1431
225 1350
832 1209
65 863
623 826
969 1484
554 783
827 1517
279 1139
1207 1535
783 1422
76 954
165 495
1326 1340
82 848
39 1392
954 1259
100 685
442 1185
289 640
366 1106
460 541
374 1076
688 1041
672 879
1090 1099
90 892
493 1380
57 877
308 768
525 1164
993 1204
636 1080
792 1101
548 1126
533 1389
637 1592
97 275
26 313
299 464
688 1050
1336 1357
522 1564
772 1062
572 855
220 1194
292 729
238 1451
559 773
304 1573
260 1522
937 1108
66 162
149 425
640 1509
1261 1495
1439 1544
946 1323
757 1529
1067 1191
1355 1527
408 1220
174 1087
1344 1529
749 878
452 1075
515 1103
1011 1387
508 1521
18 133
79 942
327 552
1458 1560
913 1169
194 1097
263 1381
101 1456
730 860
153 508
1083 1306
679 1341
1166 1394
1366 1431
568 932
358 799
1075 1577
675 1009
233 488
305 1599
327 761
685 1080
418 443
108 1285
760 1028
1288 1312
520 1360
386 1432
244 342
557 1460
399 1318
1435 1457
671 978
527 617
559 1103
432 1321
892 1323
358 1275
118 629
674 727
601 1186
9 778
114 1577
541 1510
772 1541
137 733
25 1026
715 1334
833 847
254 658
722 1179
935 1327
302 445
840 1271
872 1522
156 1167
535 1426
320 538
1356 1436
719 825
219 544
237 1110
333 1585
864 1177
989 1371
439 865
970 1140
425 506
579 1570
209 1414
255 1095
535 782
822 1584
144 1086
766 968
411 624
700 1205
429 676
704 1366
859 1091
543 1433
161 574
102 893
62 1513
171 725
681 885
188 493
280 1314
423 747
1400 1584
966 1347
77 316
323 536
619 728
1464 1546
268 311
438 696
762 1359
501 1409
329 439
860 1095
1149 1593
363 943
280 1099
763 1402
735 1361
65 655
443 1385
1224 1326
109 1538
943 1018
71 444
1250 1329
384 730
8 368
226 274
1058 1269
117 1076
326 934
250 794
203 488
264 1100
223 1580
91 275
759 1167
756 1472
519 1300
541 1078
819 1053
249 618
213 988
418 1150
980 1505
502 720
20 791
723 749
276 1523
33 1386
264 487
298 603
422 760
482 1295
348 535
734 899
250 606
100 400
48 492
161 1035
253 963
793 1341
383 922
981 1160
406 412
153 1067
1181 1271
1063 1241
628 1118
1192 1477
65 1180
80 1457
827 1314
491 969
682 1121
572 1277
29 1461
735 1297
1396 1533
100 605
453 520
184 1371
1096 1576
695 933
376 1015
1436 1471
757 800
344 1019
1210 1566
203 1524
4 567
820 1169
682 894
269 1202
246 395
138 639
1268 1488
243 1220
462 984
1062 1142
140 360
467 627
194 218
345 1104
528 557
1039 1378
184 581
929 1127
251 1591
159 294
488 1094
501 1035
448 482
282 480
1401 1417
173 896
1039 1245
582 763
1186 1342
30 1403
31 822
296 1286
327 372
200 743
263 517
210 647
531 1157
905 1350
262 378
137 1442
500 889
193 1090
188 417
366 1392
248 1117
99 1029
34 1357
168 877
1199 1522
104 1553
531 1197
69 428
495 1125
47 1410
20 494
1085 1327
531 1032
91 792
902 956
565 1393
1093 1591
301 906
88 929
201 891
232 397
759 996
1022 1511
876 959
589 1406
558 1496
1144 1147
290 962
138 646
1181 1498
138 1105
159 1515
1165 1501
475 1353
28 930
1021 1132
132 1398
381 1062
526 1582
129 1490
213 1340
361 883
609 701
355 950
735 815
372 426
623 794
364 980
1120 1318
776 927
686 702
341 1282
35 1339
123 1307
362 598
1113 1289
684 1328
981 1148
765 1473
389 867
346 560
153 773
920 1244
472 484
101 533
66 286
131 1297
610 1010
246 1058
1042 1258
970 1122
368 1506
1070 1140
250 955
156 1498
259 1244
225 1532
659 1374
1072 1175
31 1532
258 928
262 1543
129 1580
58 605
628 960
325 1377
73 476
183 467
620 1352
25 1155
837 870
302 409
295 769
828 860
284 1164
534 1222
961 1104
251 1106
84 698
343 351
687 815
1046 1112
522 716
609 771
902 1304
644 895
666 1404
586 1216
481 1432
1058 1560
1347 1461
108 176
473 1137
63 467
782 994
8 555
115 267
1047 1191
509 1453
784 1359
85 1054
1508 1544
140 799
451 847
125 190
841 851
185 265
691 905
96 411
108 261
1438 1467
33 517
344 747
871 952
367 1063
59 1216
335 1194
318 1002
49 87
415 1534
251 1586
94 1474
420 1535
29 35
367 1426
142 1491
230 707
269 1449
248 1248
113 742
53 987
331 1278
12 843
88 1533
526 1286
667 1158
86 175
372 390
724 988
203 1559
758 1502
468 1379
939 1524
272 1114
869 1369
474 1568
255 1549
642 1333
210 1525
937 1333
22 1588
1160 1197
33 782
600 1004
613 645
734 768
341 612
169 633
336 680
1218 1542
60 1419
941 1388
28 594
371 738
349 670
57 438
125 281
448 1031
170 630
417 1080
232 1017
275 786
441 619
221 830
509 1590
36 194
398 786
135 1085
663 1465
46 247
16 373
67 606
345 1038
96 757
450 1578
1088 1093
270 1422
600 1561
1180 1577
1036 1599
77 1499
276 1138
102 1392
822 826
18 861
1163 1343
747 1568
231 638
93 1059
1112 1177
901 1449
1111 1211
498 662
260 1161
379 870
1119 1134
486 881
401 1427
665 1150
425 1476
142 504
700 898
608 1390
573 1256
1204 1499
109 999
152 477
1064 1479
752 1227
318 723
67 754
433 1303
1224 1372
887 1428
105 1158
286 1144
474 982
674 884
525 972
1090 1509
797 917
399 826
312 702
235 540
802 1077
554 827
919 1597
1558 1592
756 1503
121 1024
1305 1409
1102 1461
49 474
724 1041
1323 1471
1079 1224
1386 1560
56 775
585 1449
498 537
42 1351
193 274
34 609
262 963
146 819
14 1420
363 1542
602 1414
17 895
12 30
709 1197
296 333
219 704
691 720
401 1549
1155 1453
1089 1159
429 1468
877 1164
156 1240
532 1230
1026 1452
1051 1376
672 1419
121 592
792 852
205 819
573 1141
338 1267
369 822
433 1126
627 1242
458 1443
643 1264
1184 1498
385 1322
439 765
423 1204
74 945
1335 1506
1435 1504
76 278
1228 1397
614 794
504 1274
736 933
637 1064
172 206
1113 1396
1 999
448 1309
199 264
464 1116
158 1158
974 1231
110 988
451 586
540 1122
81 1130
882 1046
452 1433
119 751
224 1203
782 1325
395 1164
285 1347
518 654
1000 1450
1161 1324
189 1023
272 1142
9 913
200 695
180 1195
368 1160
407 973
256 1133
128 1219
1118 1306
209 951
844 907
578 659
371 1255
335 905
1274 1562
478 662
609 838
341 1434
647 1337
300 945
767 925
364 967
82 391
11 806
421 1367
554 784
146 1143
977 1061
350 670
817 1056
41 936
1489 1490
562 755
859 1124
434 911
424 1209
457 1124
473 775
1140 1365
555 1263
391 1048
679 1291
990 1369
1204 1410
95 513
1291 1399
265 354
462 1252
21 742
444 1482
33 733
854 1115
83 810
1232 1447
494 634
549 831
544 846
516 1139
1307 1484
26 991
622 901
1233 1290
603 1041
82 971
569 1294
463 1292
1552 1572
772 1188
894 1310
838 1400
689 710
572 588
289 1192
576 1465
166 1452
1042 1363
200 1509
422 829
146 1553
1542 1563
447 1144
660 1241
746 1585
881 1403
911 1383
635 1312
62 1234
486 709
1174 1442
862 1162
101 308
201 1276
595 1185
1246 1345
1202 1573
938 1067
1417 1454
411 1400
630 777
106 181
532 938
107 713
1052 1203
370 845
635 1376
382 658
1316 1569
40 510
336 1131
1186 1280
1007 1343
591 1066
610 1474
22 325
602 713
960 1413
455 1052
174 1298
504 1228
147 1478
2 663
921 1483
455 1170
139 706
1208 1547
361 1011
263 1429
430 940
277 512
111 1600
266 1311
321 1361
684 686
742 834
248 1211
529 764
1390 1511
639 1113
105 747
769 959
159 450
719 1420
199 1241
291 437
449 678
299 1050
839 1494
134 1065
124 429
350 949
19 983
145 704
739 1129
617 1023
454 1422
443 1125
1012 1315
301 957
19 1301
191 1034
335 604
297 503
499 1445
233 898
354 1097
159 478
415 996
20 1438
599 1541
88 1310
832 983
928 1388
1339 1377
447 1557
678 973
850 985
1029 1194
148 332
286 322
658 1022
268 1061
198 217
982 1446
875 1217
518 1279
29 915
787 828
889 1242
69 1527
496 620
689 780
254 1376
1036 1531
9 948
172 1435
354 921
545 1035
1234 1582
937 1207
294 324
730 777
395 904
154 1320
1255 1310
696 1599
356 441
242 365
166 269
546 1521
96 206
457 1221
175 823
71 716
1134 1349
129 264
1086 1361
440 693
437 1357
78 1299
60 84
945 1174
408 1558
1133 1181
654 1140
119 737
171 403
469 940
115 313
303 1052
586 707
735 1541
1205 1257
410 1082
1145 1545
918 1092
316 831
786 1211
426 1533
290 720
482 721
807 914
5 966
717 719
571 915
806 1149
10 1246
795 1156
284 1223
97 946
165 170
427 521
404 1510
1341 1541
677 862
756 764
6 1502
296 1344
270 1503
298 311
287 479
461 603
532 1478
460 1531
1055 1183
808 904
118 475
648 1556
741 1433
258 1286
331 1378
215 1578
418 935
180 553
1105 1484
1453 1553
390 1051
59 506
92 646
846 1245
246 1465
259 1154
518 1381
1115 1385
3 810
713 930
648 1523
275 771
650 856
898 1444
315 1548
441 1272
176 1049
165 918
1053 1348
1325 1561
327 1307
1214 1225
1077 1125
530 793
204 543
511 1453
462 832
690 1370
701 1130
537 1337
208 450
711 1213
383 453
381 653
269 1533
669 1330
70 470
307 1514
889 1553
618 694
614 890
524 652
1081 1455
364 902
219 1328
160 1408
227 1171
1029 1572
913 1398
503 801
627 1436
102 1026
328 510
582 685
223 933
591 1504
1049 1206
948 963
1410 1590
240 1363
35 1134
56 648
762 886
854 976
504 1163
579 1497
1196 1567
251 508
429 576
388 1591
498 781
1057 1283
239 916
22 78
440 626
647 989
551 1274
396 1074
970 1344
561 785
70 117
55 952
807 1581
96 1351
502 1035
499 1199
604 608
1243 1335
102 910
660 854
258 962
1151 1466
318 1115
156 639
1264 1266
484 1295
975 1289
419 971
548 805
67 1336
476 528
1495 1528
489 1190
528 1458
644 1059
282 1582
438 952
553 903
712 1409
1 53
1200 1405
220 925
855 1249
186 1550
98 1017
15 655
662 1193
1001 1044
987 1413
105 621
43 1270
91 446
844 1272
1066 1181
677 1281
1397 1454
989 1448
4 762
424 1149
565 858
1213 1352
107 1269
454 907
1285 1586
589 1328
253 1562
1343 1569
407 1528
632 1317
991 1285
379 1476
190 1441
169 1027
75 1588
242 998
451 815
1220 1560
1171 1391
389 1581
1025 1593
184 1200
1299 1380
1328 1513
931 1541
818 1397
201 1564
863 1215
435 1395
565 1394
1123 1286
75 412
378 785
344 1467
89 1384
802 1373
454 1257
103 222
546 1379
706 992
185 1280
410 1302
462 581
1098 1362
186 1075
1451 1577
112 1411
145 355
159 1124
583 1335
615 1251
383 893
541 1322
424 972
167 407
273 1371
748 1444
798 977
933 1083
388 976
414 1247
729 1566
70 663
48 746
139 1539
453 560
1124 1596
70 862
193 1464
882 1045
300 444
346 987
556 577
230 1249
1040 1376
459 1358
951 1473
1251 1369
17 455
234 1135
143 276
474 517
1070 1168
694 1368
405 798
1050 1306
476 584
681 1329
465 1110
863 1396
245 924
882 1241
690 1497
130 445
348 992
719 1385
78 722
162 1540
49 1173
517 636
337 1069
228 366
333 652
456 1294
148 939
626 1491
1455 1595
44 309
1482 1500
183 1215
309 1551
195 1232
202 1537
179 1327
700 1278
329 808
990 1006
787 1338
336 704
433 529
105 624
45 313
916 1463
80 1520
396 688
613 983
161 1429
311 468
755 828
68 1276
587 1535
1074 1312
279 518
5 382
398 1248
7 1273
948 1545
174 1519
430 991
320 1510
386 1397
594 1052
897 993
59 479
534 1361
592 1254
412 1447
110 1364
144 645
419 1383
1179 1391
250 1004
514 1363
897 986
464 1245
718 1311
479 767
375 1457
221 888
880 1275
2 857
793 915
121 296
238 434
192 1507
262 655
490 703
690 714
592 1165
320 1523
383 1021
537 834
349 420
37 132
44 1535
632 1367
1218 1457
686 1173
247 942
743 990
74 411
654 1510
86 255
185 814
1255 1539
361 814
1250 1540
952 1590
124 546
1363 1399
1200 1439
298 1522
731 1152
614 1401
621 641
511 978
1041 1068
404 917
13 840
542 1162
167 557
189 1543
240 746
323 486
59 1219
413 549
1015 1265
724 1428
758 1317
2 706
400 1088
421 1515
785 1381
887 1259
150 1088
797 873
1066 1570
993 1546
741 1056
205 1526
653 944
1176 1291
1472 1565
556 1358
1492 1555
199 601
95 392
112 823
186 945
55 92
850 1167
288 1180
161 256
113 1234
1200 1205
584 1184
1308 1599
516 1079
347 455
274 1044
1104 1587
85 1413
1250 1516
532 780
1411 1504
82 390
1063 1191
555 1358
1046 1284
346 881
19 1390
341 399
1189 1378
215 1098
575 1364
473 1300
1042 1597
641 968
26 1296
526 1510
245 432
1090 1571
196 644
1054 1540
133 809
92 902
1268 1525
848 1475
645 1046
833 1219
226 1422
46 1497
824 1232
1121 1215
373 1260
1281 1442
708 1542
616 884
533 1115
372 975
90 1101
875 1230
106 530
7 1223
1485 1581
581 601
492 1040
488 609
490 1412
41 442
267 1069
753 935
1201 1508
959 1342
730 1012
37 914
750 1302
280 1018
710 919
481 836
1021 1552
54 1040
519 1589
1183 1215
151 1299
61 338
1116 1494
168 666
687 1052
1293 1529
139 1468
445 467
1127 1567
362 913
103 1025
22 165
853 863
373 819
929 1481
586 1065
157 536
196 701
611 810
603 1395
340 1282
1084 1370
639 1037
310 1208
844 1069
1008 1179
291 473
1426 1473
906 1001
916 1530
141 1470
195 842
317 460
1354 1446
47 90
714 1303
329 1492
1035 1083
265 289
703 889
766 997
1080 1254
465 563
237 356
1276 1330
290 353
437 1173
649 1147
1258 1477
447 1500
708 1066
518 568
145 656
58 736
651 887
721 1201
1150 1516
127 1057
410 487
617 1134
832 969
171 1446
827 1434
112 1257
480 745
285 1011
663 892
739 1474
18 358
940 1129
1207 1364
602 833
23 840
177 871
268 349
1359 1469
506 1551
1016 1513
774 1152
39 1249
1272 1507
1016 1521
569 840
250 1555
778 1507
334 1385
4 978
971 1568
835 1567
925 1524
922 1003
51 359
910 1524
1386 1583
1010 1537
403 1241
15 1447
740 1592
759 785
702 977
32 111
349 804
514 864
402 1489
872 1525
187 1368
433 752
278 538
270 891
273 1576
403 1445
163 775
1024 1435
288 308
595 795
796 1307
142 1267
931 1598
75 1561
807 1498
182 1171
107 1500
347 541
271 514
339 669
472 627
413 1467
180 699
1109 1226
1151 1579
1345 1389
673 1157
582 877
880 1374
377 1454
243 1239
880 1288
941 1422
657 875
925 1198
465 939
552 1353
179 668
1121 1158
470 744
826 1301
1369 1517
317 773
547 1438
114 539
238 741
74 265
189 1117
849 1004
643 1247
93 279
234 692
794 1039
228 1142
378 1559
100 1124
135 198
131 1266
3 1053
529 973
677 1222
345 1596
304 1465
1102 1424
507 1289
1015 1023
1053 1514
367 771
829 1463
897 1517
97 1382
617 1192
954 1120
252 1503
84 655
669 1256
319 523
618 1440
95 1284
629 878
132 1485
127 724
489 720
667 853
1190 1346
858 1111
591 943
27 901
1 391
61 694
831 1150
835 887
979 1431
188 1460
434 1114
1073 1502
435 865
839 980
122 562
587 1413
859 1439
187 552
1313 1531
778 1330
635 1166
68 264
470 1537
11 608
343 731
737 841
903 1183
194 965
1036 1106
102 1406
728 1255
359 1529
1027 1265
590 941
1399 1558
370 828
332 352
512 1136
438 1392
1008 1216
322 1333
113 1142
31 446
641 987
188 1363
270 1033
722 855
405 1387
1130 1446
817 1254
103 1421
134 202
625 1540
524 870
248 1109
893 1540
551 1292
722 1453
668 1178
681 1294
197 553
752 1383
1091 1460
829 1239
1266 1591
51 347
216 1072
439 1574
661 989
244 593
597 1393
813 1547
583 659
584 1063
472 727
126 248
843 1230
456 596
