1600 4000
1002 1386
940 1307
131 1564
245 1138
641 1144
428 1089
34 729
179 779
42 1456
684 1013
83 329
848 1133
257 647
952 1446
153 1272
498 886
36 1330
395 404
494 1086
460 743
667 1380
256 697
861 1446
122 1569
325 599
668 1333
381 1161
527 1569
716 786
226 464
952 1431
212 940
119 967
96 708
361 1400
444 1040
210 1105
158 1077
75 1082
1101 1502
460 775
50 494
575 1568
657 1110
239 740
229 1008
321 1433
249 929
45 1524
11 1429
740 1036
40 544
420 972
549 684
387 1380
490 1163
39 730
432 1381
1027 1108
772 1550
272 1119
392 961
982 1537
435 1399
463 1212
433 1341
149 1193
818 1574
1071 1150
129 1400
750 791
461 1237
170 1419
887 1598
30 607
923 1299
311 1544
714 1468
422 1497
412 523
71 590
8 1477
380 790
44 1592
531 1407
832 948
809 1554
850 1163
1274 1517
1005 1235
500 1140
187 1501
1413 1452
24 397
257 780
382 1532
765 1091
688 1590
664 1535
1345 1538
306 877
575 789
34 959
774 1495
738 1137
44 1320
440 598
144 900
929 1571
787 1590
734 1195
673 859
598 613
1161 1294
715 1253
337 1069
548 1360
213 268
486 1254
256 411
876 1130
708 1423
548 860
367 1570
762 937
323 378
425 1594
56 749
360 853
540 1533
396 785
478 1112
326 1030
650 937
670 1505
736 1135
849 1094
929 1203
402 1555
917 1285
418 1277
78 800
97 220
1391 1455
284 728
399 1193
147 710
364 794
1363 1542
941 1049
81 525
1121 1192
139 187
568 875
1213 1314
1088 1282
1061 1096
913 1144
1115 1282
89 1547
322 481
39 954
515 975
180 1306
539 997
946 1339
535 1337
591 1375
391 974
301 930
781 869
417 571
890 1229
632 1178
20 254
1500 1510
19 910
559 964
1359 1394
54 67
345 1131
40 1530
682 1108
518 618
421 761
334 555
371 899
815 1472
483 1087
320 861
533 1243
171 1300
736 1222
551 749
277 1313
212 676
372 876
412 587
1035 1196
228 1496
117 483
235 1348
57 764
400 545
368 875
1484 1586
314 694
1136 1387
562 779
885 1518
919 1134
557 1484
884 1509
895 1204
726 1348
202 1333
658 1168
166 556
203 208
794 947
493 1597
722 962
584 1193
97 808
560 1495
809 1393
455 1478
1063 1535
1443 1444
144 371
1240 1271
959 1230
1241 1247
1258 1408
1140 1218
327 671
111 256
240 1072
254 1067
504 1088
673 1062
118 336
808 1357
404 1427
22 639
683 1377
139 798
1071 1317
666 1183
1092 1229
438 899
26 84
580 911
234 262
1469 1487
1524 1596
711 1408
134 733
1454 1505
493 560
312 514
1461 1462
232 1276
716 1069
1204 1310
531 1223
283 832
504 1441
1507 1587
54 79
771 1374
344 477
136 300
1475 1517
1080 1559
190 1255
102 1478
190 1169
205 843
917 956
117 1057
451 544
432 855
774 1302
1337 1561
242 878
237 655
460 958
46 450
110 682
81 246
1364 1573
414 1161
894 1466
10 1262
543 1253
66 801
1035 1154
529 605
603 1168
1318 1536
944 1328
71 814
1289 1502
66 989
694 1512
383 1315
387 921
148 1077
485 782
760 1164
367 898
663 1112
379 808
1094 1218
65 1163
1142 1147
436 1308
53 1159
297 993
261 1540
1180 1324
251 696
885 1015
496 1166
220 491
462 518
765 1179
148 885
981 1553
609 1387
73 631
1290 1530
578 1174
484 836
799 802
1010 1443
393 696
1148 1513
619 953
662 1283
511 1457
512 1378
704 780
1027 1174
756 1377
282 1284
931 1051
155 648
496 586
979 1446
117 356
184 609
849 1431
77 946
488 1066
938 1198
224 855
302 1020
655 1595
506 1254
63 448
966 1256
604 981
978 995
145 1005
132 1154
92 162
449 889
194 1079
1226 1458
255 689
1398 1463
38 1272
445 969
229 941
330 659
53 847
142 770
944 1103
161 741
579 1472
421 1497
891 1599
33 329
647 1487
574 1344
274 1112
45 1255
620 1434
184 1546
782 1597
929 1256
1022 1244
492 1340
1123 1346
841 1290
85 1129
1237 1436
59 784
781 1547
300 429
471 1045
658 1272
635 770
485 1155
831 1129
603 622
476 1290
631 1119
845 1401
718 942
1246 1568
245 935
900 984
917 1044
1173 1595
186 1029
308 1279
833 1094
614 787
310 1313
890 1236
322 1256
1321 1493
797 927
107 1429
569 623
470 1281
768 978
423 1153
43 1283
996 1258
709 1476
159 502
660 1453
918 1098
847 1402
538 1573
410 1318
811 943
1 1269
405 1221
755 988
56 436
66 458
120 150
1223 1252
594 1170
589 708
330 1165
277 372
1336 1505
784 1222
584 1460
996 1130
207 1146
334 764
91 163
1009 1018
84 868
32 444
108 309
839 1494
453 537
862 1361
206 736
349 1529
209 1300
535 617
3 904
977 1444
351 835
398 1036
673 1293
417 566
49 933
1059 1412
122 961
1046 1327
196 244
1048 1592
26 1192
70 1428
655 862
597 971
550 1092
414 821
175 537
295 540
160 531
314 787
327 1059
592 956
253 264
68 242
250 700
260 684
237 1123
1178 1542
1068 1432
1050 1428
930 1547
175 1260
654 975
490 623
706 1410
37 822
398 751
1060 1332
1236 1513
970 1395
735 1458
1056 1234
1316 1418
988 1396
150 1223
922 1325
1280 1432
196 1185
755 1528
1165 1211
524 763
744 1333
195 1403
545 1153
18 255
550 1238
41 1393
209 515
480 595
1484 1576
12 1595
927 1228
183 907
1238 1554
949 1128
583 641
604 924
634 1190
66 1217
1090 1260
153 302
98 588
422 601
385 660
82 1577
433 1439
178 1589
585 689
800 803
579 1003
248 415
546 819
159 709
362 1312
124 1509
437 1407
86 214
369 1398
32 671
517 1191
98 1032
1387 1529
431 1056
644 1180
443 695
285 1149
320 520
472 523
322 1382
118 1530
778 1343
922 1054
745 748
29 371
561 1520
985 1221
311 868
493 693
920 1394
427 1469
15 179
1112 1447
21 1149
650 818
202 1409
753 942
325 1109
490 1087
447 754
331 552
1035 1103
97 1426
517 794
569 1497
222 1045
147 357
1142 1300
661 990
211 1144
795 1022
516 1201
1097 1424
241 647
125 246
1344 1401
925 951
639 870
510 615
263 659
36 1382
1274 1380
822 826
334 1271
372 1022
151 1406
60 1330
976 1278
466 691
243 972
41 879
724 1443
774 1468
871 1357
664 728
742 1141
555 1473
880 947
165 971
791 1415
261 836
730 965
466 1583
77 1182
704 1592
718 777
756 1356
554 1304
151 268
48 1318
567 1153
810 1219
30 571
313 925
536 755
354 791
994 1427
1286 1566
21 1018
1166 1434
1176 1328
179 938
219 969
573 1382
45 918
52 780
204 258
363 723
719 1306
865 884
351 1539
186 1305
561 663
152 663
157 170
629 1391
214 344
47 560
563 1007
864 1019
10 1084
187 1550
113 270
25 265
58 265
590 1281
822 1310
622 943
1425 1583
449 1547
136 1128
1264 1317
139 845
28 273
113 1332
739 1235
495 501
276 1395
278 354
572 1072
830 1548
810 1413
273 749
185 244
818 1390
31 338
65 554
928 1194
476 1064
856 1367
906 1418
1152 1308
691 895
626 1117
416 593
289 1536
1148 1391
20 1085
498 900
954 1448
279 1358
268 1415
807 1563
131 512
309 1232
1287 1324
100 1000
1362 1463
301 1011
400 830
562 1044
41 556
830 1303
577 1518
200 1505
93 1376
1518 1530
151 1262
399 748
1049 1448
526 627
643 1114
87 499
62 1476
583 599
350 770
410 1377
18 1299
266 776
532 1420
695 840
552 910
49 805
25 742
442 539
760 1280
365 836
184 1561
218 1115
1517 1533
413 624
306 685
567 1343
735 858
251 1387
51 611
351 818
761 1474
345 940
126 1228
991 1448
721 945
207 253
438 1139
656 937
170 1164
1311 1433
191 1021
1018 1478
973 1263
73 1032
1247 1501
59 911
974 1478
895 1286
712 1355
315 1336
201 332
1020 1203
703 1126
1104 1568
284 357
548 804
671 985
1327 1447
89 1270
454 1265
407 656
472 932
326 767
477 1385
168 1154
895 1070
332 1083
544 776
123 784
245 883
600 1262
318 614
284 1559
673 1214
1018 1503
1002 1548
221 1576
642 1262
604 629
1077 1450
32 657
570 1559
1417 1481
195 854
86 466
994 1400
280 1159
512 1196
810 830
307 616
16 1499
234 1085
1047 1295
440 1357
274 1215
275 377
746 950
1369 1538
183 1245
252 597
498 810
1205 1315
292 529
222 922
117 958
224 449
502 877
479 1362
1051 1313
667 1192
744 1241
363 887
596 1084
635 778
1211 1346
428 1108
986 1483
1014 1224
709 894
74 1150
1187 1233
15 433
424 1419
223 408
479 1024
1278 1443
86 1540
364 1106
1083 1117
1277 1412
967 1307
658 816
877 1156
850 1415
1498 1536
852 1059
1137 1343
49 1291
472 1014
63 363
668 685
1076 1436
804 1078
968 1469
897 1196
159 1048
91 102
81 1055
1201 1401
576 678
120 364
623 1507
1378 1456
234 435
1125 1366
509 1310
174 1093
725 1525
683 1583
1146 1267
1134 1562
101 571
492 812
13 686
884 1200
70 643
505 1460
362 1047
903 1292
167 1193
553 1068
231 768
1405 1583
460 746
278 770
141 214
153 175
328 407
6 205
1226 1498
319 1539
563 1397
704 1297
699 893
114 1072
950 1199
161 859
365 565
755 1176
404 1160
644 867
546 1089
878 1335
1157 1517
305 1053
987 1426
413 987
77 498
139 272
18 758
627 847
286 726
23 1129
452 1157
1143 1335
300 589
724 1372
225 540
273 1523
9 741
364 1520
1025 1263
487 1231
629 897
46 94
128 528
388 812
75 467
61 1463
202 805
565 1403
464 1004
1035 1075
276 924
677 1319
361 654
1393 1545
502 1142
595 1016
27 436
601 1429
53 242
642 1588
1143 1300
982 1025
554 1065
140 1006
2 1466
515 700
137 1392
827 1078
42 1052
159 653
269 1370
106 504
1298 1588
164 1519
1073 1230
190 497
209 422
600 1565
710 1554
446 731
1258 1521
62 1524
348 899
547 1399
7 19
1074 1288
236 408
751 754
78 210
651 1096
723 1224
633 1383
362 794
344 613
256 325
1197 1473
373 375
317 745
125 315
220 1032
618 1227
450 901
651 1115
695 1190
829 906
479 726
912 1411
1152 1303
1245 1303
309 1502
812 1204
191 1483
74 529
658 922
1261 1549
646 1395
68 545
950 1492
524 768
305 574
793 939
193 958
824 1341
729 1279
14 1365
317 938
672 1419
387 848
235 1194
341 1523
603 917
108 1153
637 911
155 1488
178 1451
156 886
7 1408
120 1585
691 1489
267 1532
408 776
625 697
465 1161
320 585
69 800
167 1289
1336 1403
546 644
333 651
141 961
686 1461
796 1333
437 953
1440 1509
759 944
1022 1237
1205 1247
35 603
306 1335
1234 1259
1164 1207
668 902
727 1325
456 1423
580 1372
590 1253
722 1138
1003 1534
645 1060
965 1477
555 1135
428 885
240 1088
364 443
741 882
302 1419
178 475
88 409
790 1009
419 1373
199 1496
507 1385
1394 1522
46 157
1099 1392
729 953
684 1139
394 920
6 90
310 510
1230 1458
264 389
50 667
750 1398
1090 1124
107 124
630 1057
474 1044
281 1332
519 1556
293 1330
182 1284
890 1581
482 976
93 1566
513 759
763 1119
95 1440
1074 1529
357 1365
1204 1402
342 1567
193 1012
719 1152
966 997
1039 1198
480 1496
988 1425
1114 1365
705 935
522 912
1213 1343
725 1505
187 354
645 968
1503 1571
111 1451
168 1315
328 1415
45 1140
258 1109
1257 1584
443 723
842 1435
39 225
220 862
175 1188
990 1061
5 1457
169 542
1030 1495
542 874
786 1254
397 469
221 363
565 1198
169 978
530 1342
751 1368
656 1373
233 1448
13 110
409 1107
1172 1397
824 1210
207 411
533 811
411 1360
430 1354
347 1089
479 1022
127 857
1010 1240
749 1266
182 963
799 828
693 1139
396 711
530 1109
702 1141
472 1475
144 171
833 1026
313 1519
1083 1293
178 612
108 249
865 1529
834 1425
1193 1217
310 1005
254 1128
103 288
1245 1539
644 907
1 192
955 1064
567 925
321 841
526 943
1189 1511
1081 1444
783 1392
1339 1533
355 851
1214 1431
505 1243
200 820
321 606
241 1414
40 1211
898 1411
696 1485
5 1309
62 1011
26 1227
420 675
74 1041
172 594
580 953
13 144
655 1396
692 1389
681 784
118 361
403 1028
1440 1579
172 1242
690 1474
115 602
310 432
778 862
20 1225
902 1173
820 1180
975 1353
68 135
1114 1391
1186 1358
1227 1523
772 934
506 1087
410 638
339 451
400 1515
1237 1249
152 611
1359 1557
787 1015
118 1521
48 598
792 1192
549 1314
959 973
1347 1531
509 1374
1239 1513
1067 1580
101 1259
521 670
322 501
489 1369
680 888
1235 1276
325 1565
119 719
322 851
617 1008
417 804
723 1306
597 982
1341 1550
616 869
1328 1350
1055 1409
546 1090
201 1162
596 1153
817 867
1460 1479
182 1012
732 930
120 215
569 1252
701 955
368 945
1323 1364
568 1516
104 156
600 1197
162 382
306 786
340 1405
67 1103
726 1159
212 638
607 786
1024 1526
264 648
741 1462
601 969
1299 1346
497 526
1038 1215
949 1206
12 1209
355 1218
131 1224
1265 1462
67 1350
456 1119
181 196
3 983
245 951
116 864
93 1207
448 1381
779 1553
582 1031
130 569
660 806
947 1366
112 715
247 1130
313 1009
511 1482
484 772
550 646
649 672
641 1012
1131 1216
936 974
1379 1575
173 1436
226 987
760 1463
402 1444
411 1462
115 954
981 1160
445 968
1406 1541
642 1106
1079 1398
822 1536
1037 1571
1024 1349
626 636
910 1566
95 1147
36 237
683 1000
855 1054
836 843
168 1493
276 1205
392 1090
205 436
725 1420
214 905
188 491
123 1276
1458 1573
559 664
551 1370
664 668
1040 1236
398 1133
838 852
123 1187
131 1311
537 1054
213 1521
86 1524
1051 1211
64 1326
999 1431
703 1499
1268 1347
1 679
447 671
1016 1232
15 21
1098 1238
316 532
31 1347
30 468
307 1006
1008 1322
145 1545
166 634
407 698
495 1483
715 827
966 1309
205 1305
30 487
705 995
167 1037
686 1195
929 1180
331 638
1334 1351
443 487
504 846
27 827
381 1511
1321 1577
427 672
281 834
896 1470
431 594
164 419
239 747
876 1426
809 1326
9 1189
163 203
669 1510
873 1388
165 297
676 752
856 1574
56 239
224 819
871 974
513 1085
554 1444
621 897
318 1220
802 1531
722 1051
1353 1544
1019 1467
329 1543
204 1361
1107 1329
132 1002
303 1001
239 308
766 916
262 471
471 581
87 637
621 1017
470 1384
189 1200
390 1519
136 395
950 1556
122 766
344 1375
95 501
17 1113
413 584
15 745
227 806
347 961
468 1081
942 1208
77 1161
492 705
403 982
501 1154
552 1316
937 1394
478 1278
664 1065
650 1081
1342 1445
430 837
960 1323
16 955
443 921
883 1124
156 685
799 1352
252 1250
314 805
534 700
153 1397
849 1140
652 899
351 1533
198 896
333 1259
907 1525
941 1561
911 1459
648 1038
216 1125
906 1099
247 560
306 1011
274 707
343 989
595 909
176 343
429 1177
707 1206
856 1197
617 637
179 1403
188 1371
104 846
317 491
626 730
679 1052
1231 1489
150 1023
710 1532
1101 1450
1005 1427
453 797
735 1575
376 640
65 129
199 744
264 375
578 823
391 1410
114 1175
217 525
1390 1449
459 469
777 826
290 758
667 1050
381 1291
1120 1223
759 1136
406 628
803 1495
583 1179
991 1311
328 912
354 1593
917 1240
1092 1538
552 1494
880 1270
778 1062
1257 1487
379 1323
158 793
573 1042
900 1527
521 675
823 1472
189 1402
620 743
296 647
42 833
446 473
1052 1301
926 1124
290 1361
963 997
26 1246
439 1090
83 1352
877 1199
465 1320
717 1439
423 916
1155 1546
825 1436
448 1065
70 282
1110 1190
307 941
51 1362
296 1203
15 611
246 292
1376 1455
463 1115
928 1283
183 1202
740 968
569 1553
217 709
877 1118
100 1536
558 1060
596 1188
241 1537
275 735
482 1498
92 999
302 514
163 923
203 1522
602 863
1122 1241
1189 1586
46 132
412 536
219 1570
1257 1340
12 401
665 813
31 1411
104 1585
393 715
350 1465
442 742
188 1007
1418 1450
863 1195
1265 1576
1386 1553
293 1404
29 1317
1231 1453
1213 1366
1116 1597
289 415
259 337
787 1058
107 1184
1047 1364
738 1371
757 852
498 865
280 298
164 1377
42 612
1213 1435
43 866
124 1575
129 1118
228 1568
348 821
1297 1560
1169 1179
167 285
630 1502
206 807
482 628
611 719
1025 1297
610 790
727 1260
447 1352
778 783
47 349
826 1070
215 1386
304 947
523 1464
1071 1449
779 1044
464 1111
831 1091
825 1482
1028 1049
341 1464
139 551
1135 1339
774 1416
1181 1381
821 1250
58 1001
348 1491
470 1294
289 528
1098 1319
34 1286
831 983
440 1009
116 403
54 373
51 880
251 833
19 59
821 1007
840 1198
382 1442
823 986
1200 1404
1239 1592
338 954
36 359
549 923
134 386
89 1095
1316 1378
695 1376
1003 1383
287 613
201 1422
23 693
1 734
1341 1497
387 1122
73 1325
30 769
488 1470
462 692
497 893
394 432
366 882
87 353
195 242
65 339
75 1108
33 648
771 1253
548 918
557 615
275 1143
1397 1450
491 1350
405 1515
235 1283
3 698
1244 1360
79 1168
102 627
6 239
1106 1480
1157 1399
666 710
1212 1407
1065 1298
507 1190
830 1557
806 1039
1061 1086
616 1537
509 785
295 1582
591 725
72 332
218 1174
441 1171
266 427
151 1078
1113 1512
775 1493
406 540
98 828
87 720
231 1431
1267 1581
57 115
146 1454
200 260
949 1148
482 1078
323 456
486 715
671 1013
8 939
1250 1529
1233 1305
29 1152
505 1023
121 813
160 232
624 1304
359 1034
240 971
245 626
837 998
701 1109
702 1043
841 1525
354 609
928 1561
775 1567
641 1577
473 1475
513 1299
27 1472
557 665
1191 1506
197 248
1096 1492
791 1195
267 681
707 1131
244 801
105 365
208 506
398 1591
678 1461
677 853
478 1434
299 1599
1542 1557
1528 1539
5 1102
635 1412
756 992
688 1296
234 323
1138 1304
895 938
1359 1585
209 223
452 1021
118 1332
187 1099
978 1288
332 1076
1288 1437
904 1481
191 846
750 867
997 1549
454 933
155 454
1303 1593
262 1038
137 765
571 704
507 789
589 1465
235 1440
539 596
229 1142
605 1227
190 327
1422 1540
43 654
558 1025
1015 1045
285 1582
662 1000
440 775
298 586
445 1127
553 1270
215 1338
524 1527
438 1538
233 1191
401 1197
265 811
424 869
124 689
516 1580
85 1422
577 1471
295 1587
127 154
173 384
630 1457
1134 1284
206 435
181 404
353 434
490 761
907 1484
248 871
477 1034
522 909
255 259
475 1309
134 839
484 1131
845 1073
568 1289
670 771
428 500
952 1151
47 1034
70 583
1152 1551
653 757
773 1446
386 1111
948 1514
1155 1261
294 342
362 1082
340 919
97 458
869 873
976 1389
439 1594
883 1214
120 1385
452 1020
235 467
456 468
1268 1372
399 1546
71 254
238 633
222 653
298 419
385 574
270 617
158 173
123 933
564 1162
149 1562
83 694
904 1330
867 1531
154 891
477 776
226 455
122 612
98 1113
138 1508
351 1349
14 444
834 932
94 440
246 562
553 1281
145 370
147 579
1451 1479
842 1470
281 1141
605 623
614 962
739 1541
645 1504
406 1337
606 1102
150 896
221 1424
640 1041
633 831
857 1269
182 798
428 918
230 642
592 1273
14 520
558 1212
335 369
833 1072
1016 1023
317 832
64 790
152 296
826 842
285 1410
1086 1516
278 1401
16 994
356 378
7 1114
622 1577
960 1545
82 1497
573 913
35 308
926 1055
272 1324
619 765
528 1016
527 1381
119 134
652 665
543 570
111 745
706 1394
754 1055
643 1578
91 1567
55 884
243 527
347 1593
1075 1507
713 1298
134 731
119 1087
613 1010
1042 1098
22 1596
974 1077
124 236
52 589
5 1170
248 1203
474 605
532 1537
1112 1345
1329 1441
233 1182
405 1359
563 1149
24 1155
381 914
493 998
121 814
218 843
792 1384
591 1250
372 580
307 829
450 1148
1246 1266
1089 1485
650 754
1036 1334
1323 1489
281 1104
353 650
738 1429
909 1575
359 1395
294 1430
959 1421
966 1417
913 1334
133 670
534 823
980 1277
6 639
226 462
343 923
543 1066
732 1121
62 1413
535 1481
820 1464
138 823
316 528
796 1274
717 1312
582 1171
1144 1432
56 373
615 1581
593 1388
602 1442
99 1481
367 1567
736 1273
384 1062
154 788
64 536
601 932
975 1028
759 1210
631 1531
380 1345
12 770
516 944
101 1592
1037 1380
140 1600
802 1300
1357 1578
536 674
1209 1272
1034 1177
1163 1552
324 960
11 1353
198 905
1141 1482
448 1198
331 691
927 1280
680 1428
31 330
1042 1314
109 623
104 1271
1383 1591
284 681
212 1057
347 495
801 916
1162 1208
681 1188
170 1302
43 366
838 1560
848 1565
566 1126
865 1123
576 1586
282 582
861 1454
379 1210
1216 1280
669 878
919 1260
423 562
109 568
31 1433
365 1544
133 138
632 1331
1179 1313
625 1126
930 1145
185 1008
325 1494
695 1091
185 612
665 819
1455 1459
335 1287
419 1177
915 1232
1101 1165
576 811
1267 1545
1074 1270
295 379
947 1133
1354 1595
117 1080
639 1240
359 559
85 1581
356 1486
1104 1201
1264 1412
272 882
1185 1479
857 1351
658 1159
80 676
896 1046
192 857
274 521
240 809
491 519
606 1170
530 1127
417 1183
315 484
538 1514
374 433
1454 1543
459 893
1132 1581
1255 1293
429 732
23 1013
477 1416
1370 1441
924 1226
1100 1196
438 468
352 390
1155 1215
542 725
317 875
318 814
461 1386
7 1138
175 1578
461 803
106 1467
585 1307
652 1487
63 1238
585 1290
259 1535
975 1499
795 1231
419 1527
431 1532
28 1384
495 1526
792 1437
980 1474
1489 1490
1480 1555
520 825
517 946
588 643
20 1039
278 819
1211 1523
329 732
506 1080
453 1104
1169 1173
79 887
446 635
535 1331
541 931
866 1297
203 903
714 1388
197 1228
238 480
227 382
547 1171
806 1412
60 313
827 844
299 873
236 353
201 1364
135 282
1268 1285
676 767
283 481
519 848
238 707
1329 1340
386 1223
648 1467
172 1004
464 1468
89 453
406 421
76 835
571 1480
593 1048
411 422
1021 1234
360 1123
174 920
531 1233
495 1312
481 1359
28 1454
330 858
336 984
385 1528
358 537
777 1374
848 1233
1055 1486
288 951
180 288
793 896
873 1275
514 891
238 1116
807 885
534 1096
850 1555
922 1338
360 1342
1004 1355
835 847
1070 1559
697 1335
652 1136
598 899
991 1059
233 1006
641 1349
837 1533
1056 1314
813 1178
576 1478
70 937
329 1080
44 889
439 1371
156 1534
100 817
296 503
291 1136
350 777
445 537
582 902
339 567
152 1115
983 1457
647 1259
130 897
37 610
661 992
109 682
193 608
358 1017
133 845
145 859
602 1316
761 1471
151 195
227 676
291 737
342 1150
940 982
437 1127
485 1411
1019 1501
678 977
77 706
143 1591
942 1124
1264 1598
1184 1317
764 1416
331 816
199 615
7 455
870 1083
164 854
227 1569
514 1174
1382 1396
727 1239
55 171
636 1588
1033 1255
758 1407
1406 1561
1337 1508
815 1328
1062 1526
133 1348
553 607
1318 1445
2 1002
248 1438
261 1209
162 486
48 1176
312 1121
1056 1095
716 825
667 731
38 1515
202 956
212 572
817 1494
512 959
103 1040
508 1330
745 1186
801 829
852 1106
844 973
290 1219
517 1326
420 916
565 813
219 1371
266 545
985 1214
228 369
891 1284
319 1254
782 1107
42 1393
967 1033
524 905
132 949
312 1503
832 1085
310 792
995 1026
692 1220
367 1600
94 892
57 938
1451 1555
2 21
958 1024
19 1504
1054 1134
357 870
1477 1485
33 127
577 1093
69 421
854 1385
577 926
166 1209
394 919
279 771
541 1105
311 730
181 1172
901 1442
304 701
618 1378
269 564
1247 1457
536 659
572 936
249 381
1390 1439
456 839
646 1144
203 371
815 1485
222 1590
126 879
143 1243
3 1093
919 1476
969 1138
1066 1441
287 1033
67 439
898 1014
708 932
146 494
130 1079
1262 1329
219 662
301 719
371 675
1077 1301
798 1464
346 1031
323 454
1534 1597
1286 1552
277 502
709 1434
35 407
853 1351
368 1216
1084 1534
138 506
193 445
291 941
421 1296
10 588
63 389
924 1100
18 996
81 989
605 1347
11 682
876 881
437 1500
721 1396
423 939
76 666
1064 1356
356 661
1352 1498
602 1032
128 796
356 366
194 1425
221 1483
119 1139
489 757
253 1450
610 1531
1058 1401
608 753
1361 1543
775 1426
39 84
388 824
625 882
928 1167
380 948
496 800
470 773
481 1105
543 690
639 774
482 1486
1500 1599
1145 1420
211 840
110 1550
781 1137
672 1395
997 1057
884 1491
824 1181
923 1445
681 1518
23 1132
420 1439
109 863
746 807
1004 1059
1552 1571
935 1538
230 1040
186 1342
386 634
459 1295
66 1263
839 1132
962 1019
107 426
717 1148
956 1212
136 1178
1166 1367
808 1292
197 1269
754 1261
773 872
689 859
127 881
251 1584
906 996
686 1038
276 853
590 649
1081 1554
69 1006
860 1260
1067 1233
22 619
303 1358
188 851
341 1549
645 898
263 318
481 652
304 965
395 1248
992 1106
312 1256
388 1565
397 449
114 1488
223 704
44 47
319 1061
367 878
309 1301
729 1122
406 1219
100 1384
998 1506
534 903
97 1121
750 1348
28 311
1188 1400
511 1404
872 1267
24 416
148 1563
261 305
547 858
448 1103
558 1584
121 284
850 1146
253 816
5 1268
251 431
1041 1482
1053 1133
618 737
475 999
587 1566
1068 1562
1400 1501
56 572
1344 1563
1293 1313
1058 1544
1149 1181
319 908
111 320
935 1369
328 1403
503 530
192 1063
927 1142
1082 1548
871 1156
105 1241
86 1199
62 1244
948 970
718 1455
271 855
17 846
1416 1555
315 851
687 921
1215 1573
349 597
68 250
266 1028
200 898
173 1445
278 505
805 1496
507 806
858 1409
105 416
50 183
739 1282
226 1419
525 1107
350 700
99 469
850 1598
206 1236
1060 1374
689 1089
198 762
614 1118
279 1514
1166 1224
55 512
85 827
199 1014
834 1235
631 1387
1465 1507
183 1556
83 476
1084 1329
208 1028
1301 1514
300 1216
87 358
194 1351
68 1046
684 883
25 1336
988 1143
984 1225
216 523
1199 1430
135 629
299 1183
442 1550
828 1397
168 838
1054 1062
128 1572
1318 1563
9 1013
1095 1101
886 1167
305 1125
457 504
162 1176
993 1145
208 1030
165 1234
478 632
427 1251
1214 1289
80 1182
1483 1578
225 1574
546 1379
324 1290
1227 1572
1292 1520
250 1221
934 1422
1036 1492
488 902
550 1320
129 1061
475 1302
890 926
1205 1339
654 1050
460 734
1132 1494
52 393
600 628
981 1192
243 1488
128 1184
1327 1344
723 993
820 1243
601 880
591 645
1011 1117
33 176
397 931
12 1334
1331 1367
603 752
939 1149
125 710
40 1570
238 1545
395 1296
662 1404
328 451
1305 1560
615 1070
835 977
216 596
237 872
1093 1368
415 1490
416 549
292 831
96 1113
669 1041
1279 1433
177 690
103 1337
80 1244
509 1202
161 1291
422 1003
254 425
357 854
59 1064
211 1102
110 625
146 1599
1459 1569
679 785
717 1030
1015 1021
165 651
156 237
469 1282
788 1245
943 1320
998 1405
594 783
438 686
844 1150
346 1276
990 1422
1118 1475
95 570
296 1046
82 141
88 873
847 1248
1095 1242
1015 1131
465 1158
131 1029
1437 1481
788 868
38 1287
960 1598
845 1453
217 547
906 1392
178 935
80 1424
32 1023
808 1136
47 1263
529 1375
96 1189
661 1302
474 1411
249 1410
50 223
573 1315
968 1246
757 1426
181 951
977 1522
8 1355
93 1360
402 707
241 553
53 1182
556 1205
1007 1384
52 609
78 784
1075 1594
720 1490
807 1003
518 542
936 995
620 1506
434 496
58 812
589 1312
573 1485
412 1029
1088 1358
1102 1347
1012 1053
1289 1321
427 584
1421 1488
279 1492
769 1025
1174 1393
291 1563
1004 1546
496 1043
869 888
733 989
463 1423
577 883
964 1427
1083 1238
758 1269
424 933
1410 1556
583 1011
263 970
88 418
380 908
299 1230
163 972
112 761
33 841
476 1452
744 1354
1248 1285
659 785
405 1541
701 812
28 826
160 543
538 1308
255 921
24 1178
1218 1274
472 1037
452 698
116 861
809 1466
1167 1239
425 1525
1002 1451
1202 1351
199 250
44 688
742 1580
1361 1462
333 752
91 999
1340 1362
369 1518
566 1473
1446 1460
46 252
1187 1504
185 813
457 1001
222 600
27 76
467 640
353 1247
135 563
871 1499
11 1355
646 797
993 1430
213 1276
458 905
76 1165
1325 1511
696 1564
216 837
129 1471
949 1124
1151 1248
112 1082
435 1133
889 980
539 1172
1281 1375
383 764
297 1231
94 1438
824 992
1306 1573
192 1476
409 1373
867 881
534 1294
308 499
611 1349
185 730
994 1519
541 876
262 724
413 783
1245 1513
154 1128
60 398
943 1278
517 1181
210 442
1438 1512
91 634
1021 1569
412 928
263 345
177 267
738 905
1043 1352
447 518
337 983
1369 1442
223 1118
1186 1590
1183 1484
262 588
624 957
450 870
430 1416
280 1217
90 1202
741 1053
103 1284
551 1407
649 1490
1296 1468
29 1206
348 886
318 1565
1139 1368
441 1012
142 1266
659 1353
757 1572
750 788
159 189
225 1558
9 123
378 1442
308 511
687 1500
1212 1562
1125 1343
520 1172
567 1215
326 752
216 457
259 1043
966 1420
795 875
143 591
1398 1579
655 856
507 1576
612 683
967 1564
76 1116
728 1512
1298 1340
1379 1596
977 1225
1221 1532
526 581
1194 1541
79 1266
724 1220
340 461
1018 1435
1490 1596
459 1210
114 1590
16 1249
115 143
363 1068
1381 1508
301 983
594 1502
1006 1309
494 554
1544 1558
713 1527
1305 1325
1104 1263
749 1052
271 307
253 1428
344 1526
180 1334
196 1465
675 1365
392 564
620 1589
766 1522
258 1195
434 585
150 622
669 1125
679 1244
358 805
1135 1234
397 1046
163 679
490 1273
52 1488
78 914
232 1095
271 1105
107 714
289 920
241 1291
606 1202
1000 1286
109 1200
144 1249
998 1322
67 699
434 1229
172 408
550 1423
374 1417
352 991
215 842
815 1295
957 1331
714 1190
258 1552
1250 1599
286 1182
1114 1120
148 1164
37 891
155 1335
1137 1498
346 743
116 261
1293 1596
666 1577
414 900
375 1509
1216 1339
705 1251
840 1266
789 913
624 901
35 1033
418 1041
890 1171
101 851
592 1487
453 625
418 1122
379 1045
257 714
1158 1514
829 979
137 956
1310 1465
268 801
174 973
957 1057
121 894
99 1296
213 508
191 1017
470 1421
559 1045
480 1421
564 663
497 1515
390 508
430 902
488 843
390 874
85 1159
425 1474
25 1301
157 526
782 1074
416 1175
331 1593
343 1421
355 1432
955 1091
294 798
1099 1496
570 1333
142 1029
246 1251
580 872
143 1204
613 1031
111 403
910 915
16 247
798 992
842 1452
41 887
326 1248
170 693
389 558
311 799
227 231
887 1172
57 1109
772 1476
678 789
957 1593
578 1567
468 561
314 608
22 903
674 1168
1147 1479
423 1511
656 1217
523 1156
1170 1528
271 1516
499 819
610 893
58 738
346 587
753 844
978 1097
228 631
633 803
904 1587
377 1206
724 1547
72 879
547 1424
9 1553
763 972
835 1358
1087 1141
773 855
711 1379
82 954
1220 1391
654 1135
1039 1307
451 1111
665 1287
1288 1551
933 1552
1183 1405
586 1350
1072 1346
748 762
614 763
1319 1405
462 1443
473 636
485 863
562 675
191 1449
233 1096
298 874
1157 1594
541 718
825 1071
202 433
338 607
145 1516
713 1508
299 1367
414 1103
503 1414
88 1447
946 1579
829 1063
1320 1353
622 1297
352 463
195 1314
269 1388
785 1206
180 234
544 721
102 965
105 1069
644 677
207 511
1275 1328
533 759
532 1402
1093 1295
405 549
1229 1357
1177 1332
277 374
793 881
74 747
366 1120
82 361
224 1037
217 1229
182 989
698 1541
394 458
54 1027
555 995
528 783
729 1367
1050 1338
171 985
1110 1252
1188 1282
409 697
41 1556
88 90
413 1066
14 1571
914 1480
624 965
390 1363
140 712
316 1295
687 1558
986 1186
595 1280
621 1385
492 1372
293 907
392 1232
1222 1589
820 1594
1194 1560
376 584
389 430
148 892
766 1160
127 462
287 646
758 916
194 355
71 1438
84 1558
48 892
332 915
426 1068
1100 1326
72 1013
382 934
616 699
420 737
264 447
1504 1587
417 984
189 396
369 927
1185 1564
54 1058
505 1376
1473 1510
703 733
214 1521
752 1511
370 1390
1130 1291
513 1317
538 810
130 176
561 963
791 944
224 692
457 971
92 101
338 1549
720 1000
388 1566
231 703
140 1073
1392 1452
188 341
501 1194
81 260
563 1129
136 756
1033 1491
10 1243
572 1151
856 1551
734 1304
289 1435
287 522
108 162
180 290
718 1374
1146 1217
497 535
872 874
951 1060
690 1086
73 1020
333 920
345 524
176 446
372 1186
586 1588
40 581
333 1225
777 980
250 1500
113 970
821 1307
1111 1383
4 1273
578 1377
1036 1184
915 1517
712 875
321 1574
37 80
61 633
699 1001
946 1568
61 942
688 1079
243 1222
213 1156
112 161
198 294
64 1589
566 1418
494 1539
327 674
910 1373
904 1069
854 1513
358 1458
608 802
737 837
343 1158
996 1170
177 1524
39 1274
258 1277
225 1105
113 864
811 1326
409 627
73 702
323 789
478 786
112 297
1270 1430
429 1482
934 1540
1086 1336
489 1409
1236 1499
378 1040
360 407
483 932
324 1145
396 606
61 557
545 1063
441 476
519 1007
94 177
1067 1506
252 561
513 1580
4 1303
795 1240
540 727
142 273
176 425
275 860
57 731
141 578
32 1076
374 1147
8 803
765 889
950 1200
760 1525
11 1477
4 1073
255 841
1177 1543
265 1404
742 1585
744 1075
1048 1503
198 377
177 231
211 516
493 701
75 1417
34 1495
14 1389
473 1327
711 981
1586 1587
128 1191
281 312
184 1308
1414 1461
38 92
20 782
796 878
1267 1319
265 972
843 1321
10 953
599 767
260 401
335 1154
586 1130
169 1363
525 844
152 1147
161 1366
1264 1508
1044 1506
706 1420
126 1171
168 1078
315 799
273 1491
1080 1311
722 733
1368 1480
627 1441
149 685
1235 1440
1162 1504
21 84
486 510
1001 1423
1207 1258
604 1489
17 324
685 957
674 973
1191 1467
303 503
247 1102
1551 1557
926 1492
575 1051
55 1237
696 918
300 480
1017 1156
89 915
987 1535
58 1378
158 1435
735 1070
218 587
355 479
360 1534
458 1564
1120 1526
508 1356
160 913
599 859
510 638
909 1242
1261 1515
619 1294
217 1399
283 963
38 1309
838 1226
125 272
401 1438
342 442
326 736
768 1439
892 990
211 853
197 662
700 1406
908 1362
620 838
976 1530
83 621
402 1271
280 746
36 1094
1168 1425
288 1437
228 653
415 532
971 1356
376 1242
166 207
925 1324
204 1360
721 1268
466 607
375 1310
1199 1370
802 1123
568 1294
100 1298
283 1342
1160 1371
1208 1288
210 274
485 1522
616 1030
316 385
65 980
660 1507
389 991
366 593
95 737
817 1254
880 1548
338 489
436 945
649 1256
305 376
1269 1456
1038 1354
61 1026
963 1016
597 886
746 1110
8 1064
1065 1461
1085 1486
153 342
780 1258
4 755
200 302
781 1180
184 240
444 1474
740 1020
574 1321
75 365
3 449
814 1429
1019 1373
1053 1520
705 804
520 1445
105 236
280 912
702 1459
106 1523
282 1208
249 581
889 1449
1308 1460
208 368
352 1117
384 386
1097 1579
936 958
98 1246
403 722
230 418
708 961
767 892
1221 1572
377 1379
500 1493
790 1122
104 340
29 637
680 743
500 1259
1169 1521
979 1588
17 1376
286 579
279 1428
415 530
726 1589
149 1042
218 1348
349 866
894 1486
703 1579
993 1056
373 1265
51 1173
142 556
1032 1162
171 521
164 629
115 1591
538 574
2 1047
393 618
404 1285
197 1319
22 849
64 1208
1084 1582
952 1586
370 868
487 581
692 912
293 1027
384 674
994 1558
135 1447
762 1275
301 337
653 1331
201 260
1467 1469
533 1010
1082 1273
657 1363
636 1304
106 740
1005 1597
270 466
400 1184
155 1173
229 1349
324 864
244 1203
126 336
96 137
635 1366
1285 1287
287 595
309 1503
680 1406
291 455
424 712
43 551
621 901
832 1120
940 1413
542 984
394 1559
60 362
1230 1551
232 1591
988 1279
548 1126
256 1128
35 796
269 1160
2 335
1322 1560
373 559
113 748
764 976
303 747
193 1014
99 1249
25 1071
1469 1537
90 990
130 1049
487 804
71 132
1163 1167
283 1099
146 1088
797 1341
473 1528
670 1292
242 1369
194 818
539 780
484 1434
368 515
6 1167
192 432
592 657
610 888
293 716
576 1052
1399 1432
426 657
74 1257
392 1302
340 439
196 1119
92 96
599 1448
204 257
375 986
339 552
865 1074
661 1415
721 1557
186 575
320 408
154 1201
157 1255
341 694
815 1113
319 502
232 924
1242 1390
336 1048
243 894
63 1338
964 1540
489 533
400 486
636 1226
858 1306
903 1117
1414 1600
849 1042
452 769
488 1023
521 630
252 527
376 1456
158 628
565 921
1165 1327
141 964
69 509
140 1427
173 970
1100 1241
286 560
321 931
579 828
515 1111
336 1430
773 1098
26 396
483 732
604 747
292 464
426 1079
385 555
53 457
297 1584
931 1169
110 779
157 1157
465 1145
49 313
467 1459
503 1281
1554 1575
174 1176
69 728
327 1299
575 1463
349 388
50 346
687 860
866 1512
1066 1127
760 1472
713 1600
267 1097
60 1116
712 1225
566 1389
628 1453
1527 1570
1354 1471
969 1219
649 699
634 955
295 1583
499 962
384 1110
172 399
1197 1449
706 753
751 1436
277 1562
146 499
688 866
437 743
836 879
72 229
206 474
370 587
557 1092
122 1108
441 852
663 762
1076 1312
516 1261
531 766
1076 1452
18 49
590 1218
288 1031
459 1207
90 350
34 383
72 1185
4 102
857 1024
149 467
455 673
429 693
220 588
257 1582
314 1228
215 697
410 1049
380 1322
121 945
304 1279
860 985
1316 1542
13 1283
1047 1455
247 1345
169 1097
79 230
492 1519
683 1094
402 1228
598 1355
731 840
259 728
1437 1468
1363 1408
816 1271
27 275
1210 1389
465 640
17 1058
270 945
868 1050
55 1409
370 1253
292 1475
1010 1570
1100 1396
383 1470
1479 1582
285 870
471 1516
99 1322
527 763
181 359
334 1179
474 638
410 1466
205 986
303 441
846 967
1101 1143
114 1595
51 637
399 463
500 816
1350 1418
230 862
37 678
510 1510
19 632
739 908
204 514
677 987
1201 1251
541 930
660 793
716 979
23 1196
669 1175
337 1414
727 1277
1029 1185
1187 1549
1026 1220
263 1356
1207 1251
147 190
962 1081
59 617
834 1181
608 1292
776 797
642 964
1232 1375
290 1574
393 1424
103 687
426 1477
698 713
795 914
897 1501
45 734
391 1073
733 1372
395 1151
138 1063
1137 1600
339 1413
126 1338
93 1408
882 1017
508 814
267 682
1166 1252
378 1189
672 756
133 1129
1380 1584
179 335
1175 1576
276 1265
174 1464
167 979
469 1315
881 888
169 330
1417 1578
519 1275
219 864
570 1034
690 1264
387 1433
454 518
822 1209
165 794
668 1323
772 828
78 544
108 593
781 1158
434 1213
863 1471
1069 1146
925 1278
592 888
374 401
522 1175
268 564
702 1382
348 391
751 861
632 694
651 1107
24 1473
266 1346
753 839
1224 1249
189 767
166 1252
125 691
391 914
483 1091
960 1345
244 1008
271 461
1219 1402
934 1158
137 619
720 1127
361 901
414 444
656 1067
609 1364
556 1026
446 1039
298 1456
1491 1542
582 1466
939 952
1092 1580
160 1027
1272 1275
1126 1510
450 911
769 999
431 1009
1 769
270 316
879 1239
747 1453
186 771
424 1043
147 1370
909 936
1132 1509
116 345
640 717
748 1535
1121 1187
13 334
210 1075
1151 1447
817 1140
106 1344
874 1116
294 792
680 893
383 1546
1365 1383
471 1134
630 768
377 451
711 908
666 1572
1150 1257
529 948
522 1548
525 800
221 677
788 1035
236 720
286 1368
1388 1585
1031 1493
209 1222
48 269
1470 1598
352 1543
739 1520
1324 1386
626 643
304 1164
347 1311
435 475
