1600 3200
187 1251
1492 1509
466 1517
661 1552
965 1384
256 1589
456 1546
128 483
868 965
514 1131
982 1396
221 490
5 1117
494 666
885 1222
348 433
81 1191
72 332
726 767
313 730
652 1079
1029 1516
808 1599
432 1504
477 997
1192 1303
749 1334
240 302
414 1007
40 1241
428 547
552 1001
980 1144
196 625
484 875
92 792
718 1281
1218 1369
569 1165
1273 1465
134 500
344 1477
782 1512
451 1317
83 224
25 189
25 164
492 1480
342 985
651 1186
359 971
61 137
26 1030
244 537
84 465
864 1049
523 543
247 1589
386 1385
1220 1499
120 1018
310 1035
1187 1528
961 1106
824 1016
289 715
1007 1590
1449 1541
1246 1558
427 481
172 1051
591 647
535 1216
1284 1329
1261 1389
240 1235
452 511
268 381
260 691
508 1057
318 1099
124 1382
131 648
329 676
893 1528
87 1346
1059 1188
146 161
413 806
1230 1540
55 1424
60 1417
88 262
101 372
788 1374
252 1461
183 825
511 1269
1191 1591
196 444
225 1233
172 962
149 902
378 1392
126 263
264 921
671 1467
801 977
558 585
28 845
805 1279
433 583
333 957
503 1560
262 754
477 1084
272 1225
43 1553
970 1297
1200 1432
80 384
469 1219
1231 1300
360 1579
477 826
10 1305
536 1571
32 1395
602 1284
280 845
299 1579
116 1109
1 1533
1142 1319
1133 1361
47 1240
831 1367
31 851
127 647
329 905
282 835
353 750
998 1510
395 554
447 1451
504 1171
204 1410
1559 1563
202 1278
730 1193
251 498
253 673
411 926
349 702
486 1203
848 898
138 398
586 1507
135 787
357 1199
782 895
809 1059
1220 1348
468 1542
199 527
192 814
252 1522
192 855
54 366
48 114
292 789
1358 1581
394 1259
101 621
312 1325
60 1086
181 964
315 682
249 866
724 897
120 773
535 1028
521 1505
707 1289
879 899
417 1433
67 1395
1095 1482
935 1345
547 811
66 859
264 1297
1135 1274
202 472
62 1251
403 1383
131 220
1100 1336
667 1283
772 1464
1242 1325
269 928
191 293
512 1243
1045 1513
425 575
502 673
237 512
72 712
2 1267
157 293
618 764
89 1539
948 1253
1471 1535
638 1177
128 1412
1304 1407
19 138
249 1363
834 1497
706 1247
997 1377
389 1505
447 1130
1141 1381
32 1382
912 1404
449 662
9 97
487 1592
179 638
340 623
957 1428
860 1361
335 1342
163 529
436 822
903 1049
219 1271
266 932
719 1582
141 237
452 1429
16 1329
552 1441
267 629
784 1400
1039 1355
703 1002
739 1565
160 368
1420 1470
533 1450
224 958
215 270
156 200
316 959
201 259
699 1580
430 1172
142 316
947 999
467 633
801 1444
20 1008
1391 1590
1022 1085
370 409
449 1419
202 1196
931 1412
540 615
820 1026
340 1526
37 413
765 1422
685 1107
122 1433
858 1273
459 1402
535 800
221 1174
838 1420
796 1554
231 1277
2 1200
185 1577
273 876
695 1527
417 784
373 1533
1138 1558
977 1570
926 1322
115 842
194 1389
415 1170
1309 1426
987 1326
622 848
26 848
282 467
1315 1456
410 775
1125 1457
20 495
811 842
1155 1546
41 327
203 590
1191 1332
1160 1491
937 1503
1143 1316
49 472
535 655
55 721
803 1274
320 745
567 626
572 721
1062 1490
877 1340
291 1440
23 716
305 1067
176 815
180 560
468 1017
984 1527
938 1582
165 251
1021 1314
1119 1433
1083 1343
50 1085
794 1011
543 1450
215 516
840 1402
766 926
755 1555
310 1576
771 838
1038 1262
654 936
781 1261
356 1405
211 238
802 1429
972 1573
133 860
56 109
710 1276
538 1031
24 1397
1037 1236
798 1378
674 895
188 435
351 967
427 1119
313 394
296 525
424 1459
707 1252
300 1196
1373 1526
904 1314
214 1155
485 812
746 1255
1021 1520
956 1285
117 816
309 374
350 1360
689 1414
1048 1474
566 952
102 206
691 1289
468 657
678 1267
286 1335
98 735
390 640
943 1207
136 1258
151 1473
179 293
39 1110
1113 1558
1203 1429
599 1001
782 1117
401 588
380 487
644 896
779 914
440 1473
454 1154
171 1500
392 1583
355 1132
78 1477
347 677
438 1535
478 610
1156 1284
107 990
901 1221
647 1315
1030 1518
506 835
657 1549
525 805
503 644
773 1333
413 715
45 790
4 599
748 1278
203 1555
1299 1521
193 1466
21 93
720 896
190 866
906 1307
951 1184
479 992
180 218
40 604
641 1298
674 820
862 1518
372 640
1454 1593
878 1280
654 1370
646 820
414 1270
551 1140
105 774
922 1127
1431 1595
206 304
300 1269
649 1286
327 1182
163 1052
177 859
12 973
213 500
633 980
1149 1481
1186 1585
521 1225
352 766
961 1411
562 1524
70 1285
389 995
85 1012
583 916
455 636
182 415
239 401
505 617
243 1174
81 1005
555 810
978 1548
384 949
1489 1501
576 979
650 1154
823 1207
1130 1141
754 983
188 1315
548 795
501 1567
150 1004
405 481
1008 1121
609 795
6 738
685 835
570 1582
458 776
440 532
145 935
620 1144
853 989
900 1151
1181 1265
530 1413
773 1267
592 1541
169 510
990 1132
672 1410
516 1031
785 846
129 788
209 514
76 1345
341 604
415 1115
1021 1459
121 1409
170 561
701 1326
315 760
113 555
186 780
114 154
22 64
79 718
110 636
86 625
524 624
1156 1200
709 1294
694 1399
212 909
1022 1192
1260 1593
836 1517
108 119
46 63
867 1278
1109 1166
398 1143
834 1051
1163 1258
859 1442
29 385
1460 1474
864 1388
920 1581
243 472
987 991
505 552
528 608
858 1587
420 1153
1020 1130
1176 1184
1085 1103
331 1574
1054 1544
391 514
1136 1320
467 739
505 1481
126 1116
333 828
709 723
627 1416
1101 1595
241 854
381 1386
275 1158
847 959
534 1360
506 569
17 1558
1366 1410
924 1445
745 1216
84 1229
1182 1268
1054 1222
1069 1091
557 1398
1047 1121
307 1033
217 1291
3 899
1293 1394
471 1124
283 591
833 871
216 384
577 824
454 1408
556 911
286 1529
756 1243
166 530
104 1137
295 1312
279 1477
1037 1090
204 222
697 700
204 664
1137 1452
380 545
9 1458
280 641
578 1233
961 1523
1432 1457
151 964
611 1460
416 1104
379 651
288 1068
304 496
979 1248
1049 1192
1381 1567
367 392
342 1423
442 566
136 516
673 1339
324 693
195 1393
917 1536
483 1139
207 266
474 566
840 1444
139 420
289 750
330 844
51 317
307 1192
439 787
777 1062
614 1347
362 431
903 977
442 943
140 1388
314 576
390 1275
377 920
1075 1334
1161 1441
591 1125
329 1451
1157 1227
343 712
113 1370
652 1320
1128 1394
584 807
448 1599
323 1488
207 286
687 722
338 618
29 1384
1067 1220
1 884
1234 1405
1156 1506
227 1411
190 824
907 1406
1290 1422
89 1349
89 1077
191 225
959 1480
673 799
282 763
412 543
257 999
383 1205
52 468
991 1362
78 1331
1071 1076
33 1256
94 229
1090 1534
572 753
81 1316
325 1539
1376 1494
963 1485
738 1107
198 1597
45 263
553 685
532 880
134 460
433 1555
1247 1424
465 1180
312 1198
33 367
80 530
782 1451
827 1449
993 1198
643 1431
130 173
61 758
328 376
57 1506
5 70
819 1508
339 355
852 1066
98 1460
287 1246
35 675
665 1346
14 975
234 723
767 1286
140 713
1061 1514
186 536
297 1059
341 1175
1040 1176
862 1151
267 1228
370 1065
687 892
92 849
878 1287
231 418
761 914
530 1271
882 1244
77 687
818 1078
700 1064
725 1428
1119 1401
892 1300
463 1136
1027 1526
38 891
82 1240
277 1417
284 1300
595 766
103 459
710 1015
994 1092
982 1093
66 625
26 39
218 258
63 734
81 985
470 531
283 1435
914 1030
1099 1112
212 264
910 1425
536 949
927 1147
510 1057
18 972
254 1456
759 1295
586 746
399 1543
495 512
744 753
156 494
771 956
645 872
984 1508
624 1033
495 1052
470 555
817 1300
185 524
1165 1237
738 1593
1016 1250
703 1350
590 1551
322 1098
450 765
611 1591
719 1107
187 791
1113 1570
776 1543
627 1533
928 1288
43 601
1325 1331
886 1433
821 1176
334 618
228 635
108 1557
582 1228
609 707
622 1459
600 838
546 1495
493 1362
240 1077
250 1280
278 993
1328 1554
818 1301
1171 1568
541 607
1025 1129
519 772
400 1284
534 990
545 1312
96 494
675 905
301 1010
581 849
818 1000
913 1318
788 994
359 722
67 1251
727 1220
133 944
411 675
886 1331
42 556
385 857
981 1532
659 969
480 1004
278 472
157 769
562 693
511 684
322 1201
315 1561
265 1297
854 1310
257 456
274 751
63 1130
720 933
563 1084
345 543
213 1519
186 1071
541 830
546 829
65 1205
11 302
246 668
942 1510
689 986
1056 1359
223 1057
551 832
256 671
606 1359
770 1259
34 560
1224 1449
297 926
592 789
69 164
123 1174
1053 1304
284 527
352 1557
396 1047
80 154
1383 1538
86 504
193 1207
728 872
102 1310
1052 1325
167 634
680 682
152 913
840 1128
368 918
448 1306
846 1309
197 1590
42 692
114 708
14 742
57 803
554 704
208 813
458 1157
916 1103
898 1493
188 545
1215 1597
42 1058
589 1556
351 507
303 1105
16 1177
76 1428
765 1225
466 664
95 1042
448 1097
422 744
111 508
1179 1302
836 1564
1140 1174
163 606
600 1336
732 875
310 1508
696 847
166 509
533 1190
579 589
104 595
1024 1483
104 383
305 1250
160 1562
278 1561
253 841
700 856
1143 1276
144 1263
711 1414
210 1354
1006 1187
1338 1407
686 1310
577 823
314 659
42 162
1019 1453
870 1390
559 1262
1102 1568
224 953
111 688
345 1273
1153 1443
164 1282
630 1164
1023 1335
360 1494
20 706
657 1437
425 1029
338 1055
15 931
217 1491
1069 1233
887 1183
506 1577
1319 1435
378 1164
790 884
892 1221
949 1442
1171 1516
1455 1464
239 567
29 294
757 1415
843 869
331 1032
168 1063
86 1043
132 1475
844 1378
1047 1396
443 711
952 1248
406 1487
486 749
517 561
368 1529
144 909
7 1021
583 1569
19 883
531 538
921 1178
637 1212
817 1535
430 701
312 986
58 403
218 661
177 1118
1214 1321
359 1341
251 435
897 994
1203 1406
463 562
323 597
828 1327
692 1010
669 719
232 631
1478 1524
125 677
674 1469
53 380
755 1101
634 1120
297 760
988 1440
532 536
1170 1386
1162 1317
592 928
515 643
351 779
287 296
22 236
207 272
1039 1046
212 929
214 526
853 890
553 1044
995 1053
26 686
1018 1172
667 804
229 1178
619 1243
453 778
1184 1204
1224 1351
210 660
743 1577
895 1289
936 1113
883 1269
135 647
631 1066
1331 1379
391 404
62 1368
569 1363
77 479
951 1202
1281 1491
11 1421
813 1105
8 995
1061 1544
840 1437
48 381
724 1068
361 1563
264 733
616 1456
177 307
1134 1249
21 326
630 1299
375 1507
1219 1262
76 451
142 1508
1115 1206
363 1330
752 1554
404 1257
1318 1580
435 1443
47 1559
171 834
580 1092
488 1171
162 734
74 708
209 1469
1098 1545
1106 1213
117 1178
881 1140
361 745
1335 1489
529 643
943 1264
759 1344
336 1596
84 705
144 1529
319 521
52 1514
452 1418
950 1490
816 1400
312 1323
1151 1288
759 811
580 656
8 913
1131 1528
736 1384
1167 1416
31 1252
913 1002
1305 1493
805 1211
697 1221
906 1024
10 1029
130 842
1504 1539
771 1576
58 690
85 918
291 794
200 454
319 925
821 1427
471 1120
350 1403
589 1298
332 1353
230 1541
149 758
99 804
1396 1549
489 1468
780 1145
393 700
1125 1351
1011 1354
715 1387
1050 1104
308 327
742 1404
1334 1565
107 800
361 519
688 1515
534 1083
953 1495
806 1177
822 1416
504 1067
169 517
598 896
601 884
704 1234
94 353
112 947
500 1193
1110 1316
121 596
314 1339
789 1535
669 1044
287 1344
1123 1301
526 1080
176 1259
1209 1217
568 1206
317 1527
1194 1238
30 734
503 1023
170 473
453 880
248 1095
65 95
443 691
1036 1505
214 570
322 983
732 1523
792 1452
301 339
665 1027
65 933
1356 1381
190 523
109 671
640 821
159 860
889 1462
484 836
939 1408
621 710
192 636
276 1486
176 752
277 504
815 1492
87 498
18 82
1312 1530
135 1008
221 874
770 1052
37 762
609 627
179 764
563 1249
132 1147
561 739
227 1412
116 459
363 1591
166 1240
367 666
36 1401
145 1271
876 909
405 835
143 339
523 737
290 809
189 982
642 881
147 1550
325 930
449 1522
965 1509
365 1040
825 1182
608 663
590 610
125 793
1013 1367
416 1202
188 371
1110 1222
676 1062
369 1159
93 483
865 1152
1003 1169
285 1304
246 1461
497 752
692 772
285 501
435 1540
1373 1413
406 1549
15 1022
923 1289
269 564
104 817
1088 1463
377 637
22 1357
939 1537
710 1395
1058 1240
568 1353
286 308
428 617
295 1313
122 696
270 418
554 857
1352 1459
487 1445
433 1540
616 1519
547 947
473 686
24 155
321 1497
296 631
227 1235
975 1311
49 1466
242 247
72 112
77 941
166 395
549 1584
283 1012
308 1080
19 1308
1255 1438
290 450
572 1488
551 1521
28 529
919 1153
261 1261
298 1168
83 429
510 1319
558 983
565 981
1145 1506
102 1242
875 1400
911 924
509 1234
148 1420
51 455
205 1100
1231 1375
784 1387
651 1413
1208 1585
715 777
814 1529
1020 1462
124 1447
518 1095
1020 1503
277 289
499 1170
105 550
473 476
1308 1518
271 934
4 1587
111 1239
348 1230
149 434
542 1583
198 978
833 1575
491 1328
336 1054
333 960
572 668
831 1409
101 408
654 978
732 1462
740 1026
539 1252
325 1158
250 1376
39 666
606 932
685 980
1291 1415
168 1093
469 695
383 922
314 1176
950 1102
137 310
887 1499
199 482
532 615
506 728
198 784
35 103
212 241
85 915
574 1324
1082 1185
206 1305
62 1087
996 1157
513 550
639 1504
131 311
571 1372
653 1492
1257 1520
721 1044
932 1405
1117 1327
94 123
1245 1431
894 1269
324 1589
371 795
830 1158
1080 1186
891 1497
50 1023
294 1470
114 888
106 928
829 937
678 1594
825 1047
118 1070
560 680
652 879
240 330
525 1135
220 815
184 676
328 398
75 431
23 359
1112 1487
480 1446
561 1074
409 1253
894 1160
415 573
5 456
47 1414
118 1484
649 762
1147 1151
397 828
653 855
50 690
1306 1313
1494 1496
711 1598
110 664
184 1419
1086 1197
247 1435
464 1217
423 1542
962 985
1161 1332
14 399
287 1463
1308 1564
716 750
151 197
1242 1397
213 1016
475 741
304 533
446 1445
37 1356
927 1338
1162 1455
478 1386
1308 1379
1160 1189
799 890
757 1600
450 1045
955 1064
1003 1292
226 882
1279 1376
1109 1127
423 1226
1275 1401
90 1290
321 491
607 1186
571 1190
44 147
311 1377
348 1393
661 1286
120 717
318 948
954 1430
809 828
727 850
248 1263
939 1540
1180 1435
760 929
189 644
60 153
888 1492
30 501
1265 1427
156 520
497 1496
269 573
991 1218
373 781
7 925
79 1600
878 1159
247 390
753 1213
209 976
426 1351
109 184
1288 1438
684 1483
68 862
278 451
115 322
746 974
548 1598
272 1426
137 692
43 485
1017 1076
838 1583
515 905
894 1169
300 1382
445 499
796 996
905 1500
333 629
210 856
779 1343
177 237
318 799
705 931
2 1071
873 1485
1375 1498
1002 1132
684 733
233 1043
411 869
412 743
607 932
103 336
886 924
118 1531
335 1402
738 823
267 971
593 1187
650 1277
1364 1555
981 1002
6 908
27 955
1075 1307
130 998
605 714
434 644
1506 1571
315 658
8 153
190 1241
466 725
1268 1306
693 897
841 1266
690 1441
727 950
698 1102
28 1306
59 861
397 919
222 397
131 1148
40 1181
976 1530
946 1559
810 1320
973 1524
1320 1359
135 458
527 783
254 542
355 642
622 1404
46 1285
221 410
38 863
717 830
172 972
434 774
88 937
988 1545
628 725
165 489
243 1556
565 1588
611 901
1302 1361
626 705
376 1596
466 958
225 430
492 978
464 1498
507 1202
469 1591
355 1578
457 1434
1090 1432
625 1480
936 1127
475 778
1209 1347
581 1334
394 602
1118 1180
1018 1026
540 865
338 1557
912 966
201 441
857 1438
748 866
1094 1512
337 889
246 694
424 1323
22 399
864 884
1211 1559
454 1485
681 1194
54 403
662 1511
979 1059
11 127
298 1141
597 1453
1362 1423
1024 1472
373 1562
241 603
209 348
729 818
316 825
161 263
127 1464
778 1408
273 729
125 1412
255 1149
97 1444
437 1123
130 954
717 900
987 1122
1159 1239
711 1473
139 191
717 1134
205 1330
222 1226
56 1089
100 266
185 885
567 1443
968 1380
17 187
769 1380
612 737
1268 1467
1005 1075
1132 1336
1037 1146
86 145
1374 1484
537 791
245 1497
605 634
1028 1231
150 1432
1063 1511
197 565
569 1028
58 731
178 1522
275 1162
946 1076
7 1120
321 681
1204 1495
641 980
493 813
300 1368
490 871
19 635
1197 1439
776 1193
419 1188
437 1253
1111 1537
741 797
25 750
16 870
354 916
765 1013
171 735
1076 1079
720 1051
810 1129
777 1373
119 446
780 1038
224 1372
900 1446
83 1539
494 631
1007 1454
344 1056
522 1010
1260 1363
386 1115
521 731
82 292
1305 1330
142 756
419 445
598 852
984 1502
260 1588
94 1333
230 1265
155 553
90 1142
1326 1455
388 1179
1048 1327
582 951
379 1051
105 630
595 1223
1063 1134
374 1448
1069 1274
154 239
1070 1271
441 740
887 1430
762 1448
30 445
78 764
10 967
955 1019
562 1513
1563 1580
38 955
68 229
54 1371
74 151
520 718
32 1490
538 1533
786 1283
203 364
110 645
306 1212
684 812
101 208
539 1414
769 1303
1266 1442
400 571
832 971
526 1164
100 1244
527 753
1313 1595
279 774
485 1560
4 1411
635 1512
189 1055
426 1106
620 1255
351 545
192 400
509 1454
888 1072
528 1229
482 615
38 1038
461 656
340 429
226 361
446 1139
196 1056
1065 1307
70 1577
507 912
517 1136
138 1112
45 410
56 1166
1075 1241
202 807
1013 1083
546 1476
1448 1600
670 1453
392 743
342 364
176 418
401 737
154 1469
281 769
372 778
1111 1434
143 439
549 713
40 1585
812 1214
24 288
388 1475
617 1586
175 199
69 1175
997 1041
681 1210
223 592
1097 1486
906 1398
229 1424
127 1397
628 986
1270 1319
193 969
157 1530
441 1012
71 452
141 935
96 624
627 639
1042 1090
387 1258
233 1309
59 579
412 1086
305 850
338 1542
121 1366
613 740
164 550
672 1101
826 1096
248 1390
318 910
223 1551
1114 1200
285 761
419 775
49 1567
892 1167
291 1530
866 1154
167 1523
205 502
216 261
1241 1517
102 720
714 1033
518 1169
129 308
701 709
119 767
132 1371
438 1403
39 1222
633 657
420 999
478 1447
970 1486
236 1478
128 696
814 882
239 849
525 565
253 1082
34 995
730 839
1088 1155
1267 1358
417 796
28 69
410 1008
697 1049
539 1166
63 1477
92 1295
641 983
481 655
937 1496
163 178
255 735
268 1457
945 1552
342 1126
256 923
137 1482
238 1270
220 479
513 1393
302 723
213 439
1341 1579
744 1353
354 1534
181 505
585 777
670 1294
141 1548
523 941
672 1440
1215 1329
148 1371
548 762
430 974
968 1337
242 1461
518 867
1118 1322
98 1299
346 613
200 356
1014 1046
588 1185
1181 1544
476 1458
421 1095
53 1138
764 1237
271 1001
480 927
437 668
1223 1309
96 1156
248 1479
1097 1466
929 1162
149 1253
517 1053
64 175
580 1548
695 1514
537 1584
1279 1314
1082 1328
376 436
113 601
45 549
679 1074
362 1397
379 612
262 761
474 1388
186 1337
41 682
714 847
726 1400
335 1366
27 1228
20 1144
408 1522
161 669
800 897
966 1379
790 972
282 378
1260 1550
915 1534
320 373
295 620
488 709
1023 1520
447 604
363 467
147 619
852 1296
320 626
1229 1552
1195 1586
1066 1543
652 1270
160 1546
1425 1519
148 1446
377 691
168 405
230 479
103 1597
276 1182
366 837
332 689
626 1417
329 1531
25 376
393 1368
792 1105
244 429
1069 1140
231 603
97 174
877 1266
57 1434
1032 1272
1236 1299
71 1437
394 962
591 1486
482 1012
1058 1352
948 1041
1114 1372
476 1517
853 1173
490 1005
15 1197
1188 1439
655 1039
721 1450
847 1335
686 1359
1104 1212
1263 1377
334 451
741 806
1025 1324
148 1203
829 1329
207 885
61 514
1389 1590
880 1293
428 768
716 1020
150 1419
349 1296
181 763
1428 1490
518 1476
584 1377
640 1574
959 1551
36 1167
756 1097
357 463
984 1503
917 1248
328 1272
992 1472
804 1168
613 1512
498 1547
324 407
337 1201
276 341
862 1125
309 1507
1190 1440
581 1205
155 1042
1337 1365
96 1528
477 1572
360 476
88 1218
377 843
571 1142
549 1180
438 912
372 496
676 1250
126 340
484 1048
251 1093
1384 1385
75 575
327 358
260 1420
754 855
431 1232
184 1114
441 576
316 1439
275 344
660 990
13 898
679 1287
960 1184
604 949
1245 1254
578 1476
774 918
407 827
254 1364
804 1481
1067 1238
414 1553
59 106
124 917
1074 1080
1232 1370
638 1383
934 1040
447 1583
801 1145
156 1501
1137 1283
146 1395
183 1513
891 943
826 1468
345 1392
371 1000
109 1121
276 1233
1357 1566
812 1455
699 1575
158 453
1527 1582
712 1084
586 1108
44 440
747 1239
920 1025
384 1297
368 1446
418 1578
179 1073
474 609
471 653
725 814
623 646
1152 1181
129 695
480 902
1103 1503
593 724
465 1422
1133 1426
816 1165
1165 1468
574 1254
59 136
370 1594
183 1015
87 1561
259 1296
968 1488
33 390
171 1531
408 1347
1128 1311
464 483
558 1056
729 1218
883 960
1365 1487
108 201
679 1120
165 343
320 406
1146 1354
439 1189
330 495
465 713
13 531
69 1064
865 874
208 904
106 843
347 1003
73 358
744 1547
107 204
294 1161
1068 1147
364 1510
93 803
265 1427
58 998
267 1129
170 1465
724 792
879 1060
178 522
234 1341
574 1058
486 1574
422 1436
272 629
352 1313
563 895
808 1061
199 1514
203 1223
89 632
52 211
712 1087
44 1287
666 915
461 940
198 849
56 642
328 511
48 1066
556 590
757 1290
134 1462
245 576
649 1480
1173 1463
1072 1566
1126 1536
21 1367
1106 1217
134 648
169 1073
426 688
1078 1348
211 1498
675 1254
1055 1074
302 915
36 1465
556 850
404 707
66 986
573 651
575 757
857 1368
168 908
475 953
404 573
403 1101
869 1215
1515 1569
851 1369
1273 1413
1199 1525
349 544
783 1087
650 1048
1129 1209
861 1360
698 1479
516 1033
152 1349
21 889
43 1425
585 973
268 680
1445 1598
728 968
423 1279
100 1045
1044 1078
1093 1472
280 837
23 1292
79 1298
708 1341
889 970
159 245
347 1594
766 1027
557 680
284 1035
621 1019
236 270
399 1565
658 1206
560 1369
845 1070
231 1105
122 1100
27 115
364 1473
482 1401
73 598
2 1196
488 493
326 1079
489 1236
1460 1502
496 819
129 877
546 656
537 1060
401 1569
68 1584
126 1461
1213 1557
798 1561
671 910
387 919
421 1276
563 974
35 658
954 1467
786 867
382 487
444 594
737 1568
600 999
770 1340
1111 1442
624 1365
165 768
281 424
564 1011
250 1585
1096 1399
462 1199
1000 1571
1357 1487
246 1081
9 48
701 871
258 1072
594 808
331 1005
873 1036
1157 1500
116 1371
1040 1113
797 1017
752 924
1028 1029
387 1133
72 740
41 1403
31 266
419 1580
234 1152
167 1242
117 1380
374 841
742 1532
633 781
515 1502
387 1573
110 1495
933 956
942 1409
396 1063
492 877
428 1244
559 1501
155 1016
579 1572
880 1589
522 1115
119 389
1003 1418
6 1504
800 1204
555 1421
152 493
842 1009
182 891
299 1081
1116 1562
1232 1532
455 733
180 1183
117 837
230 1229
956 1556
346 941
152 1378
628 785
1243 1352
457 1050
265 508
608 903
781 865
241 461
881 1430
50 1549
90 632
669 1520
8 1169
258 262
1092 1152
1036 1434
834 1194
409 801
365 1564
71 1221
694 1122
894 1338
1139 1515
353 1560
41 817
794 935
893 1363
918 1118
791 946
797 806
147 1385
1017 1479
481 970
689 1378
432 1207
829 1546
273 559
235 1387
811 1109
570 1381
663 1441
159 252
899 1234
1494 1538
672 1077
407 1041
1071 1219
706 989
357 1255
113 162
819 1272
146 618
242 602
158 1237
898 1541
1187 1470
491 1569
559 1227
350 603
816 1201
1392 1515
1111 1282
298 760
907 1117
520 846
822 1547
1170 1471
914 1265
768 922
578 1349
363 1564
578 683
667 696
366 796
257 661
17 91
1096 1464
1088 1226
699 1190
734 868
887 1598
238 1476
140 577
551 813
183 317
554 957
950 994
594 921
1014 1064
789 831
57 1138
1536 1572
174 1102
412 1594
77 1342
298 304
169 297
732 868
508 1410
255 1456
305 1235
217 1144
386 564
442 1545
393 646
75 1035
226 1079
55 1479
395 832
616 1122
996 1355
646 1015
526 1126
473 485
217 244
30 299
292 988
670 1094
185 478
295 773
917 936
1081 1098
890 1430
277 1209
665 770
242 678
607 1148
484 1489
1355 1417
402 1394
34 139
745 1006
153 1472
687 1311
594 1346
1099 1245
1421 1468
219 1586
1195 1223
1009 1046
201 1266
595 1370
140 787
581 1347
194 790
975 1356
610 1034
220 1316
1 933
793 916
797 1348
1249 1474
845 1122
541 1065
1201 1511
194 587
1346 1488
205 1128
612 1379
677 1599
1124 1348
751 907
958 971
367 1572
510 783
360 1089
32 1324
90 1112
453 1216
815 844
1312 1521
37 237
1361 1509
141 747
357 414
1161 1593
400 1263
632 1293
381 568
637 1431
976 1272
882 1032
269 731
425 739
643 1565
1053 1340
660 1576
460 881
402 1137
890 1519
254 1315
619 821
273 1285
250 1145
602 1249
265 1553
598 1136
461 1092
470 746
1057 1235
330 408
3 805
1474 1493
713 1031
303 1340
585 703
313 622
54 144
259 1372
397 1478
1060 1291
232 422
697 1202
767 1596
442 1107
84 1298
436 1471
758 1467
443 1045
808 888
997 1314
667 1350
953 1571
911 1172
67 900
645 807
195 491
438 925
334 1586
91 596
1086 1256
421 1409
1404 1570
200 1195
379 422
772 1537
512 1155
17 1213
534 614
704 803
288 1194
1043 1295
270 337
606 1365
1360 1364
486 540
175 1293
747 1116
567 726
854 1332
964 1399
448 1332
159 589
623 1500
1196 1286
274 587
232 1110
580 973
1260 1275
462 934
529 1344
187 1167
524 1081
1248 1578
88 863
588 1024
99 1321
13 432
285 344
362 837
868 989
662 1482
779 1525
150 271
256 1444
944 1383
1387 1547
579 831
133 869
742 1554
73 1238
547 1245
1323 1453
1268 1292
427 1277
1034 1208
499 1175
1000 1206
292 1548
1014 1177
255 1345
650 1327
27 1280
274 1210
488 637
62 1124
904 1322
24 736
965 1230
844 1043
977 1050
659 730
136 653
413 1544
263 1283
382 460
74 1450
244 1575
440 566
296 365
18 615
275 1390
283 901
497 570
46 446
616 683
902 1339
268 1211
1423 1452
107 319
143 1465
366 1438
396 1212
194 463
698 1188
324 727
836 870
197 991
157 639
395 610
522 1009
68 1373
289 346
1088 1282
582 1154
785 929
249 593
501 948
233 582
421 1307
976 1197
160 755
49 78
601 1390
705 1164
507 1469
393 1163
219 728
497 911
145 656
64 1317
934 1318
704 1552
839 1415
398 702
313 1303
519 1179
839 1423
326 1551
1014 1148
71 733
225 832
123 946
444 1070
219 654
1374 1542
550 1419
731 1567
341 378
853 1516
930 1588
455 1489
279 1427
385 541
886 1421
1108 1148
116 1418
1119 1256
132 1103
930 1592
1343 1491
645 1189
417 1199
593 683
173 542
281 788
167 966
1230 1484
1054 1163
423 1576
474 985
1121 1204
614 1072
350 1369
938 1524
1367 1505
613 1227
218 1573
332 677
236 907
7 195
290 370
100 736
639 1350
1350 1451
123 927
863 1087
172 864
1191 1538
944 1232
596 776
663 879
1127 1436
6 12
690 1437
939 1581
323 938
910 921
1391 1502
1037 1096
611 1345
761 1228
871 1516
306 1353
133 867
1001 1358
1198 1303
729 1178
115 382
1393 1507
228 909
964 1208
723 1579
670 1006
309 492
371 802
588 1523
128 337
874 945
35 655
635 1493
99 1175
584 758
146 1032
353 539
992 1376
170 1407
1511 1553
411 850
533 1408
162 1525
382 876
235 1416
407 749
369 759
64 180
9 787
822 1139
311 679
87 1526
257 280
36 605
904 1337
824 1019
827 1323
46 1078
416 1060
962 1065
195 699
1142 1172
1185 1484
775 1537
181 457
528 1006
253 331
688 1509
29 1426
498 642
215 1357
706 960
826 1135
791 993
238 303
426 861
665 1386
584 839
271 747
564 1183
122 1352
553 748
798 1470
375 636
10 612
947 1025
233 1251
1257 1448
161 1574
583 632
714 1231
735 1257
53 334
719 1436
249 301
1068 1498
356 1392
901 1252
574 1281
4 1091
182 1226
245 621
125 1429
678 1278
951 1189
520 938
196 1415
702 1254
899 1150
91 1398
982 1457
1394 1597
768 1301
1211 1326
290 544
603 1587
5 1126
1179 1317
13 608
942 1318
307 416
436 1073
85 396
1091 1146
450 1100
1150 1436
174 1358
751 1449
617 963
1084 1478
23 1281
1216 1264
683 807
1123 1355
375 1038
1013 1261
459 1556
306 846
1333 1406
175 216
1011 1366
1050 1239
358 600
874 1219
1168 1262
321 1039
827 1310
70 809
860 1425
33 698
235 1302
843 1362
391 920
291 718
587 786
80 309
380 1588
596 1210
120 1259
981 1246
464 741
873 1399
274 674
73 502
258 893
260 1123
848 1010
878 1324
931 952
513 1163
893 1592
1294 1343
961 1483
232 531
922 1277
111 489
293 798
722 861
802 992
875 979
873 1510
343 1133
852 1407
121 352
1342 1518
872 963
216 470
427 1150
462 944
823 1531
431 1538
967 1031
252 528
215 375
540 620
885 1600
3 1116
106 858
1351 1581
1185 1292
1030 1149
851 1330
870 1236
500 575
374 1336
708 859
471 1402
568 1077
53 279
11 903
1026 1166
326 736
1342 1543
954 1108
763 902
1 623
587 1004
336 748
1447 1596
475 605
358 1328
1405 1443
222 228
301 1536
432 499
795 1146
628 851
294 1380
12 1258
429 856
424 1560
354 703
974 1280
963 967
1089 1143
1131 1439
682 1004
542 996
1149 1264
1214 1294
112 614
648 660
303 663
1282 1499
142 1094
833 1545
1041 1321
406 462
182 261
14 369
619 819
793 1458
392 1073
349 1475
345 1339
1208 1296
234 969
15 76
599 1422
173 1183
311 444
108 1135
158 694
354 754
919 1227
347 388
383 1055
908 1481
61 940
99 1391
97 1344
716 1124
34 66
1238 1566
1217 1482
940 1150
402 1205
668 1391
158 630
143 1411
634 1198
810 1463
105 1275
356 1225
44 47
649 830
957 1521
883 1466
79 763
799 820
548 1454
82 425
586 1584
908 1098
597 599
923 1061
1114 1496
51 402
1091 1452
1089 1406
259 1382
31 306
1501 1550
794 1104
457 1403
1083 1291
557 1007
12 780
1099 1311
138 469
1475 1599
325 1385
299 490
513 872
139 629
346 1563
751 771
60 386
1250 1375
173 802
83 1458
385 638
557 1247
226 544
449 1375
281 1499
597 940
702 1575
503 863
191 458
1022 1036
323 1418
335 1562
420 1513
210 1034
112 786
124 1173
1424 1485
456 833
437 1027
206 261
52 658
1224 1287
365 369
153 362
519 1082
1034 1138
228 664
1246 1471
743 941
544 1354
1568 1573
339 1595
515 1302
1193 1570
855 1153
681 1015
243 1276
434 1264
98 1094
841 1578
876 1173
923 1141
409 1274
1247 1374
775 1396
3 1018
1134 1364
726 1333
74 208
966 1215
756 930
509 785
496 1210
92 95
552 952
75 1224
858 987
51 1237
223 1290
319 1131
445 1035
906 975
945 1321
460 942
662 1566
93 538
193 343
1214 1301
317 1587
389 998
174 1160
1398 1483
558 693
178 284
993 1534
18 1046
443 1195
524 1168
16 1550
502 854
958 1158
95 755
65 1389
896 1295
1009 1042
648 1288
793 1256
722 1356
783 1592
945 1159
988 1447
391 856
577 989
211 388
235 288
1085 1304
91 405
67 925
118 659
227 1108
1062 1525
214 1532
55 1322
969 1349
749 1244
1338 1388
