1600 3200
1297 1538
790 1137
1139 1355
816 1240
724 1239
415 1068
101 749
390 921
398 984
1075 1529
134 382
461 814
567 1564
1165 1590
234 1496
3 1491
361 1205
719 1159
188 494
83 1520
248 821
786 925
878 1154
1296 1589
118 169
391 1570
885 964
57 1259
465 1224
225 1542
104 1593
117 1006
708 745
142 622
286 1209
214 1303
51 420
591 801
661 1207
647 1067
156 1186
205 1147
1320 1489
268 1151
378 606
1200 1516
43 815
665 1529
346 992
601 617
505 699
509 1118
423 754
648 679
95 1177
66 918
353 789
969 1246
654 1203
540 632
551 956
97 915
793 1457
942 1581
296 385
1260 1293
99 757
189 824
7 1201
1013 1091
603 1059
671 1286
459 980
545 652
318 1077
468 799
596 908
1464 1533
1058 1574
97 1047
8 1476
1131 1141
1359 1528
746 1038
466 560
205 1042
639 689
684 729
122 763
490 1403
207 633
591 985
35 951
1003 1246
28 1383
109 514
428 1030
256 572
268 1047
189 810
775 1521
141 868
1391 1447
889 1050
531 1555
73 1189
555 689
1166 1442
642 814
485 1221
1276 1315
295 877
1128 1238
47 77
605 1134
1078 1224
776 976
354 458
409 1136
130 607
449 570
1095 1147
852 878
484 1228
793 1532
744 1411
614 1139
92 199
136 492
136 1207
1063 1121
306 498
144 1430
571 611
440 1157
1441 1590
114 264
568 1596
122 270
1080 1497
72 1342
549 614
149 1157
924 1477
1164 1547
677 1279
348 1357
199 339
1030 1239
242 333
217 1103
326 722
217 451
50 1397
1366 1367
147 743
411 1172
639 654
998 1373
955 1159
9 183
246 606
312 1428
422 438
488 1330
1390 1443
638 1369
432 890
464 1178
342 1006
380 1066
135 140
74 894
900 1180
786 849
1127 1542
312 439
112 1587
197 1443
648 688
1296 1381
599 1187
153 170
397 1473
478 948
128 1168
509 714
1015 1553
303 652
1441 1500
77 110
1078 1532
1076 1185
160 419
11 1093
35 759
570 1137
164 468
313 1402
1022 1298
426 1286
708 1479
360 658
158 392
768 1533
189 1385
838 895
120 1012
202 1271
47 869
109 190
1212 1439
800 1522
780 1446
309 1479
367 882
661 902
505 580
15 663
1148 1196
594 810
154 1196
990 1085
878 1040
42 414
200 924
184 1490
572 1378
928 1470
858 1483
1436 1452
755 878
1356 1518
93 1323
266 676
1194 1551
1263 1305
382 1234
596 1580
688 1179
1592 1593
350 547
1244 1464
157 401
337 978
497 852
20 939
9 860
179 718
344 935
323 1278
648 1010
687 1591
328 415
283 637
224 1237
178 444
113 994
260 1432
880 1065
240 1130
18 360
1055 1586
838 1573
1110 1480
958 1260
901 926
232 1139
900 1505
519 995
12 1346
68 127
328 1461
456 559
536 626
83 1514
108 1521
319 1034
846 905
601 1160
221 719
615 1033
199 1472
188 400
1166 1175
29 230
625 1402
584 1102
38 1347
101 566
870 960
801 1331
411 1365
742 1477
47 1107
167 883
874 1236
1214 1597
1122 1522
448 865
135 279
359 373
362 958
1173 1399
23 454
572 865
749 1018
577 1234
929 1410
151 1564
651 978
659 759
408 1456
280 1383
1073 1486
258 1519
138 191
896 1339
497 1421
341 723
1490 1547
153 285
137 935
882 1282
741 933
449 1509
742 769
326 844
573 615
535 1022
773 1243
531 703
563 797
1026 1342
564 1364
209 732
114 272
344 1428
663 1313
587 1424
244 394
190 1275
305 467
1057 1365
1153 1382
930 1111
338 1287
1151 1245
394 783
158 1103
537 695
1216 1258
386 718
1108 1199
727 735
337 349
327 1524
481 848
567 1340
1112 1409
507 739
917 1126
7 464
351 1041
313 637
400 1357
887 997
483 1176
103 942
923 1243
77 293
40 292
131 1061
787 1311
163 434
708 1595
60 953
717 1267
789 1325
497 794
873 1579
1197 1302
4 203
165 1575
497 1373
511 666
213 1101
187 701
882 1200
483 1445
202 603
665 1024
1165 1265
1053 1159
81 1144
495 752
59 176
782 1067
480 983
100 875
187 1505
171 197
761 1309
212 1410
774 1490
1083 1195
474 568
655 992
729 948
164 642
170 177
675 967
1122 1184
1132 1201
780 1363
679 1481
313 1144
335 1044
866 1390
923 942
784 1350
111 630
510 916
370 746
132 571
327 1121
107 917
990 1307
535 1488
150 1512
249 498
66 1417
909 1401
540 1257
867 975
16 435
6 915
460 770
577 1248
577 1290
753 868
1370 1454
504 850
598 745
1412 1552
51 1471
597 1505
188 1353
811 1216
1319 1571
141 1009
404 1562
52 1247
855 921
1437 1544
554 810
832 1286
734 1466
818 1393
214 1420
585 640
198 493
1243 1478
392 1183
37 706
728 849
439 1512
24 28
373 533
802 1117
10 204
562 675
70 522
1068 1349
933 1542
1207 1598
235 1146
783 1550
721 1105
544 1042
156 1032
555 614
747 1322
487 1504
130 167
719 1289
1215 1564
753 955
1008 1116
33 153
85 552
109 296
365 595
259 925
500 672
441 1232
653 1412
1413 1553
383 1389
655 798
159 963
309 1125
88 182
707 766
1299 1570
523 1046
455 1117
682 1558
1061 1372
621 1084
1000 1076
1022 1085
692 715
584 678
250 904
642 651
1036 1369
187 726
34 430
787 1526
858 889
1331 1535
450 793
75 1054
318 749
465 1215
712 903
730 1155
617 1087
883 1376
965 1240
284 1572
1226 1507
1129 1466
921 1175
598 721
89 1471
432 645
247 631
820 1211
675 1232
737 851
27 789
371 430
930 952
260 553
709 1386
1090 1281
250 777
465 1185
127 1295
322 630
765 892
648 778
242 1000
370 1154
520 917
624 1268
973 1279
1154 1546
631 1427
206 1366
749 1172
795 1205
660 1184
157 1369
126 960
1171 1378
613 960
951 1502
890 1419
853 1368
116 606
766 1283
375 422
46 1490
148 905
481 598
283 1200
372 439
531 1365
1290 1541
831 1543
161 1567
418 731
239 916
541 647
141 1578
209 1471
216 1304
635 973
414 1120
433 833
1256 1497
119 1120
1394 1410
472 1115
478 789
659 1410
175 1005
627 679
1092 1296
10 387
145 1448
374 928
532 971
128 525
513 833
1489 1531
860 989
9 475
1060 1336
673 1048
1175 1482
1190 1438
110 840
174 464
1249 1545
67 451
445 578
377 788
1387 1529
429 1313
82 1339
677 1588
11 215
1131 1228
957 976
734 1575
872 921
872 908
1227 1594
43 119
996 1449
60 1089
41 1222
1111 1491
926 1018
222 528
446 805
1074 1400
1155 1550
101 1078
764 1358
515 1148
399 854
579 1266
41 1338
184 429
823 1282
461 525
67 178
407 969
1118 1147
133 402
759 1395
593 1566
284 1244
464 925
1 1431
477 799
300 898
733 1263
267 727
741 895
565 975
826 938
120 453
840 1152
608 1259
561 1559
931 1440
331 1313
874 1025
694 743
258 855
743 1451
425 939
180 1309
8 298
1119 1516
412 1199
172 726
375 846
107 844
332 456
410 1332
271 1328
359 1281
1154 1270
781 1392
13 905
159 248
1003 1189
627 945
292 1288
123 363
149 1546
274 585
1328 1557
503 799
389 1538
219 668
330 1565
847 1541
96 978
182 874
303 719
25 1422
948 1098
201 1494
1038 1519
52 996
410 825
88 547
8 196
1329 1596
683 771
53 1202
1277 1455
323 538
318 779
1017 1270
345 1231
641 1041
302 1017
274 471
729 1162
913 1496
932 1537
575 1284
119 1459
1005 1251
27 699
566 718
224 324
336 710
606 1484
278 1414
496 1431
1 359
810 1455
233 1472
360 998
433 1341
973 1294
129 325
1271 1418
279 343
535 760
989 1027
58 1317
1074 1131
380 662
1247 1411
909 1433
624 1031
395 1587
180 1269
82 176
966 1312
234 396
139 321
601 863
1491 1587
670 1225
75 177
299 936
1303 1348
553 1048
1018 1482
1015 1524
1377 1539
79 997
470 615
30 634
106 460
713 1481
796 1262
931 1307
182 602
146 857
495 772
252 1517
613 746
610 1202
203 641
111 1140
697 1573
460 625
118 711
670 959
970 1552
1231 1455
74 1360
725 962
226 320
16 705
408 502
425 1581
263 1527
25 1209
915 1378
297 748
61 1276
315 1488
493 1435
621 1470
561 884
59 978
972 1394
55 1308
343 1013
156 1023
840 1276
760 824
852 1009
951 1218
819 960
146 1576
57 136
425 1415
44 709
744 941
143 871
1371 1507
412 587
1356 1445
391 1381
768 1181
133 1099
125 574
1102 1460
69 872
78 1162
696 1478
62 1403
751 1461
702 1072
511 536
658 870
672 1056
369 895
943 1274
144 738
20 70
154 1208
526 1034
317 1338
503 700
442 704
107 1513
1109 1462
476 1393
17 1462
600 1433
316 565
506 1123
682 1460
1235 1463
35 1416
1099 1204
1283 1442
611 1169
1219 1535
589 852
856 1211
873 1192
165 1005
105 1285
407 503
557 1430
818 1059
261 289
839 1418
139 530
747 1002
23 866
1176 1491
1039 1046
144 1279
986 1237
281 1534
66 469
734 1578
1149 1351
1117 1425
621 1374
536 678
1254 1537
228 706
850 1527
402 579
42 301
777 872
923 1052
1133 1177
806 1292
14 1419
317 717
1552 1555
1358 1413
122 1462
473 1190
237 424
276 330
475 794
1017 1344
993 1461
507 1188
354 1123
46 95
588 1148
334 1282
1285 1465
388 880
220 347
991 1340
294 583
261 649
622 1116
333 1419
49 559
1053 1523
8 1302
319 1090
57 626
542 1100
114 609
685 1406
206 445
490 1066
91 1493
983 1584
894 1580
215 1577
827 1363
725 1473
1318 1538
1495 1522
558 584
32 617
296 384
534 717
797 1473
732 1502
247 1263
14 410
202 1216
331 1071
10 1181
423 573
310 321
1019 1362
58 518
57 134
834 1050
1134 1460
412 1509
400 1261
718 944
819 1581
803 1579
257 988
276 369
83 214
371 1523
892 1140
95 1344
723 1082
145 1187
179 1069
460 712
87 1580
508 970
775 954
121 1220
474 1280
78 837
325 568
74 1028
15 930
693 836
630 1485
1307 1346
444 1051
826 1461
944 1184
361 493
174 1383
303 586
656 982
1571 1588
1078 1506
170 597
55 773
1011 1381
785 1146
106 946
869 1437
546 910
1089 1291
532 974
466 1153
927 1398
246 1483
238 1323
1278 1334
1131 1598
137 1442
472 1168
687 1511
275 1221
90 273
689 1357
451 1487
50 1223
79 1163
599 1494
256 1115
19 1099
323 1098
817 1217
462 772
19 1199
726 1253
590 692
425 1056
683 1406
379 573
366 522
213 558
499 1060
453 773
527 1510
243 1425
720 777
1357 1389
327 1103
740 1113
234 1166
31 691
899 1458
561 941
616 1269
168 1082
67 126
1014 1476
30 1404
206 372
716 1191
365 376
402 513
197 1033
297 768
154 1052
618 825
7 269
172 1251
560 1583
25 952
345 438
556 1104
354 1356
1044 1537
300 1567
1450 1454
364 653
265 846
44 472
1 1194
77 589
89 241
980 1143
65 996
442 761
741 860
181 330
520 1493
809 987
251 1196
229 626
656 958
693 1332
517 975
969 1534
276 1186
152 358
617 947
9 157
698 949
822 1574
908 911
569 1273
113 596
937 1046
538 1230
316 964
132 778
1185 1386
670 1174
236 1503
598 1271
72 935
547 1206
274 562
571 1169
645 1420
714 812
905 1246
302 1336
487 1226
169 1436
131 1300
564 1012
764 774
414 1021
218 1226
49 1055
694 987
506 786
332 511
851 853
133 386
125 845
516 1249
148 224
59 666
473 1209
140 245
502 983
681 907
664 1075
812 1280
1092 1177
447 870
398 470
473 548
1326 1400
467 889
462 796
1106 1191
304 501
120 428
288 1534
45 132
671 1527
521 1111
723 1567
609 1594
643 1145
628 1229
338 662
569 1496
185 824
295 1279
479 1151
1020 1441
90 607
910 1517
195 1197
534 1300
1169 1421
5 736
167 1354
1005 1115
1340 1562
341 453
779 1160
750 1453
1045 1277
489 1493
358 578
573 1574
91 796
174 1087
151 162
452 998
1133 1396
939 1208
378 646
1294 1564
53 776
618 1343
361 1522
193 542
110 808
328 1045
1008 1586
380 1114
231 982
1113 1438
286 403
619 965
253 730
244 736
112 1265
331 1152
559 1267
323 544
662 1338
436 568
907 1163
484 842
779 1516
56 818
282 1464
300 871
215 480
1138 1261
602 981
1219 1267
62 364
563 946
342 1101
216 1574
1401 1470
39 369
458 1305
881 1591
605 1507
247 1094
896 1327
225 368
384 901
362 1458
563 1218
117 595
256 1437
761 962
509 1399
1384 1551
295 706
831 1540
54 162
512 874
1011 1235
1353 1383
751 1124
267 918
155 1049
1143 1316
833 1254
498 858
283 588
690 1314
121 1052
704 959
280 1286
143 481
624 1420
287 393
76 317
1097 1516
782 1338
831 1285
918 919
529 1435
83 948
209 483
1450 1457
275 518
288 385
173 823
609 1229
1072 1570
217 1133
370 1207
48 1468
228 283
164 1600
279 865
270 1575
720 848
151 748
260 527
96 1145
181 1348
105 1479
11 783
1026 1584
193 554
957 1252
714 897
1354 1478
395 829
153 1275
315 1198
254 788
705 1024
454 763
336 1086
211 1559
450 795
271 1182
988 1191
50 231
798 1138
548 1127
808 1249
257 349
125 1579
22 1010
27 1500
13 1214
684 694
434 1499
18 287
436 1547
736 1194
307 1019
610 1350
1395 1533
680 1404
928 1223
139 986
304 720
113 432
256 518
37 302
135 1553
340 477
1222 1408
455 1412
1324 1397
355 623
669 1141
1193 1597
207 976
1029 1205
807 1483
251 575
115 377
576 964
65 1220
885 1202
769 1079
623 1585
1245 1528
169 1136
84 373
594 1501
780 1278
819 1342
650 755
196 1549
227 1125
264 1172
55 282
579 1284
366 1088
402 1422
304 1544
216 709
61 1173
291 1570
241 291
23 1202
379 775
22 953
227 655
904 1188
1390 1555
3 413
421 735
1370 1509
417 940
147 1084
934 1364
479 1004
305 1494
52 1333
699 711
567 1069
486 1271
98 1372
180 383
168 979
620 1168
854 1082
1126 1335
680 1094
1057 1058
80 973
1016 1583
454 1576
728 1553
843 1371
667 1301
517 1563
922 1071
703 1504
666 1552
422 1130
446 1598
1203 1530
420 1535
369 389
591 1335
424 1061
103 1327
875 1331
375 1265
1260 1478
178 1036
761 1506
47 426
534 665
214 1348
704 1546
603 695
413 1515
1411 1435
950 1029
667 1150
590 1508
352 1132
262 859
379 1013
491 995
469 1514
45 985
1108 1465
711 1213
643 756
237 1333
507 716
1060 1340
701 1071
1306 1323
241 1347
950 1456
504 1563
277 1343
1140 1579
623 1060
751 1054
306 392
687 1321
1075 1081
1311 1468
45 1329
312 838
867 1592
1318 1349
355 785
650 1561
762 1079
881 1459
388 472
1036 1323
348 381
517 1064
381 1431
222 1128
466 553
478 529
186 639
201 785
403 1073
324 489
1386 1396
98 534
249 1223
632 854
659 701
588 915
332 832
336 1331
238 1180
551 1499
166 216
1257 1450
250 1590
185 305
89 1467
883 1363
401 1387
390 1042
246 471
651 999
80 656
616 702
1325 1531
898 1128
634 1329
237 531
494 1040
1062 1242
222 389
44 751
350 813
1025 1183
826 881
927 1408
391 896
1038 1092
239 827
762 824
763 1104
108 1058
222 638
759 1596
752 1495
498 625
41 1155
28 1362
582 1433
689 1268
22 997
231 1130
886 965
389 1171
515 1545
1142 1453
253 311
78 102
690 1526
84 767
961 1486
468 952
600 1021
116 285
692 907
840 1144
814 993
1000 1176
1040 1364
257 669
956 1435
945 1109
738 1183
229 1262
817 1353
682 987
540 1597
742 971
616 857
732 1229
696 758
1315 1446
19 339
855 1158
438 454
590 1353
586 946
1071 1319
351 993
238 940
21 1472
443 504
1337 1467
278 864
933 1346
1264 1591
673 856
361 1091
537 607
842 861
956 1457
620 1462
26 528
548 1447
388 940
34 1186
1310 1581
272 848
1080 1275
392 496
1217 1448
855 1258
965 982
1022 1052
523 593
1138 1334
407 1273
152 806
500 1059
676 1305
892 934
98 1089
891 1518
552 1291
924 1377
633 1351
470 1438
991 1152
792 1274
208 490
366 1284
76 941
1069 1502
910 1231
1170 1541
768 1498
1140 1371
1110 1322
1250 1382
200 791
138 850
84 482
994 1012
108 861
308 319
177 1218
674 1314
564 1049
999 1460
297 1427
14 888
756 923
110 1303
310 986
697 1122
914 1170
780 1113
876 1409
716 1546
426 804
542 1380
282 1598
64 708
184 546
762 1557
211 334
18 1204
1416 1535
512 724
1143 1384
750 1136
827 916
445 1161
233 383
847 879
5 419
1401 1444
201 1566
903 1261
337 1211
269 1429
99 901
993 1050
1296 1374
485 1370
1241 1306
713 1465
16 1345
263 705
893 1127
1064 1439
341 1595
265 406
806 1439
1362 1375
27 239
185 574
376 938
1335 1385
999 1243
556 1238
367 1156
1110 1159
428 1141
532 738
1074 1156
569 1264
163 225
1009 1440
547 1248
1166 1569
268 1021
1086 1393
772 1109
877 962
356 1562
745 782
913 1088
690 892
139 311
760 1233
984 1014
500 1413
329 1454
501 1565
657 1206
343 469
229 1314
966 1108
109 242
278 1002
208 1203
1345 1569
212 642
476 1424
880 1236
282 1421
1192 1482
469 1416
1057 1107
158 1513
293 705
436 660
506 792
671 968
372 554
1221 1577
449 1311
363 1595
1044 1426
309 1571
1096 1367
210 302
6 828
92 1203
559 732
740 886
632 937
1272 1503
523 1387
1094 1530
1184 1517
514 707
834 1361
672 1062
221 471
85 97
276 580
255 1524
447 1374
1327 1594
713 1144
205 620
750 1565
1406 1583
416 1246
61 231
405 782
609 769
1444 1536
744 843
979 1193
977 1308
400 1556
211 726
104 936
956 1421
1149 1379
489 566
20 666
634 1205
241 415
416 459
40 1229
608 669
877 1558
411 1400
513 1266
346 791
1002 1521
296 543
539 602
266 543
513 1163
399 1298
1001 1027
898 1305
467 1232
71 453
519 645
1156 1380
1432 1474
499 537
1049 1231
886 1487
500 1407
325 1359
232 546
997 1233
1253 1269
11 1277
757 893
587 818
443 1297
581 929
1161 1425
1011 1412
183 232
307 1464
954 1030
431 443
543 1304
86 1584
401 1255
914 1028
812 814
253 307
200 1528
636 1585
446 939
1187 1450
1070 1589
344 501
368 385
99 349
393 1398
971 1072
1245 1262
957 1463
1117 1318
612 650
200 555
124 335
578 733
236 1037
809 1198
155 654
528 664
836 839
406 1402
269 925
73 458
835 1261
851 1182
841 1102
396 1093
217 955
1063 1302
210 360
1167 1542
950 1393
721 1295
170 1512
1163 1380
247 861
274 861
126 418
633 636
251 1086
14 1100
1272 1585
168 435
619 1325
363 1025
164 650
1288 1489
463 763
421 841
1114 1273
337 441
484 516
410 835
150 289
1083 1114
484 974
390 1158
702 1190
303 785
75 152
743 1098
904 920
812 1240
1124 1596
107 1540
298 1130
443 576
102 353
1027 1349
166 729
786 817
578 1097
375 822
61 1182
1066 1451
165 724
558 1498
638 1453
549 906
94 394
118 912
116 808
1116 1469
212 1447
510 671
152 1492
828 1141
180 932
195 551
863 899
514 1392
622 1004
1332 1554
106 605
551 832
127 532
538 727
626 1328
601 1032
341 1325
731 1459
54 1287
608 1398
218 909
343 1380
488 1180
857 1080
333 1474
275 698
737 766
329 1105
714 788
40 802
171 754
906 1106
96 487
207 1572
977 1065
890 1363
378 1293
279 1401
12 428
263 1307
1399 1532
1298 1406
916 1422
436 519
338 703
1033 1237
778 864
223 1582
936 1189
1227 1499
36 349
103 1178
186 1124
608 1559
448 754
106 903
1004 1398
62 479
71 1501
657 1356
340 1536
899 1420
126 1192
467 1266
252 273
837 1474
1103 1573
674 735
491 794
1038 1221
678 1185
244 1558
38 149
10 1531
790 1303
194 317
920 1300
653 1062
190 286
1008 1515
949 1324
450 1067
141 750
823 967
203 207
806 1551
1317 1508
284 1191
398 1341
357 424
288 1402
546 1173
426 1070
199 1549
63 457
1309 1525
674 820
291 358
451 1235
943 1355
644 980
143 873
784 1375
254 1440
219 797
1123 1275
440 521
182 1326
486 1310
494 627
124 1053
506 1428
524 1106
258 1459
100 564
17 244
1388 1595
1252 1319
75 1432
715 1384
187 1530
1019 1124
280 348
29 308
512 871
95 619
765 813
946 1569
631 1238
735 790
953 962
809 1477
440 1297
387 1031
365 1475
193 1026
967 1173
90 228
1446 1540
1391 1589
698 1016
13 1210
357 1575
932 1550
161 1316
291 1046
867 1259
34 1455
262 1056
479 1289
213 459
864 888
408 1492
412 771
230 537
105 731
211 482
147 994
664 1389
757 1409
196 1028
917 1034
628 1550
693 745
1125 1133
384 1228
281 595
480 964
665 1374
264 1247
31 1142
70 142
530 847
58 1543
364 1388
1270 1518
1434 1480
977 1106
248 1361
1309 1385
619 1560
84 1274
649 888
501 1096
146 1301
574 1257
690 1278
645 1379
473 1236
1465 1481
640 1160
243 677
1118 1153
1193 1268
88 1593
18 1234
710 1258
210 914
316 365
192 835
417 1157
1333 1474
660 1094
583 1387
673 891
455 1091
831 1577
162 893
1254 1468
980 1438
94 1249
367 837
920 1087
1083 1397
134 290
346 403
1359 1361
363 687
693 1242
902 1181
640 1432
350 929
435 1294
662 829
293 902
205 1484
1049 1104
593 880
114 475
1129 1137
967 1375
502 1300
2 611
112 1449
391 457
21 802
113 722
710 1263
277 704
145 1345
889 1600
869 975
798 1373
463 1306
520 1531
635 883
927 943
395 1128
270 1587
307 374
40 226
398 837
24 490
981 1024
39 808
803 1508
728 1434
652 1068
1237 1409
117 765
830 1148
92 177
397 842
63 97
1062 1164
795 816
1306 1539
63 73
51 637
429 1442
405 1513
1337 1577
898 1170
696 1314
435 929
131 1586
541 1077
904 1324
661 1443
183 684
664 991
462 715
781 1543
747 1088
273 756
1288 1373
1037 1080
186 1291
1508 1578
1276 1494
342 1518
686 1342
310 794
655 1112
515 1544
488 1289
604 1376
681 1566
1417 1521
911 945
91 881
418 1242
32 186
140 477
530 691
539 1101
1253 1413
792 1031
324 841
1138 1292
431 928
988 1304
49 679
441 540
685 1219
843 1233
318 890
430 788
1287 1388
422 1194
922 1244
403 487
442 1089
637 957
220 1592
198 625
48 230
294 1392
543 842
60 293
876 1476
733 1136
496 1463
195 421
592 676
555 754
67 1510
1112 1270
1414 1524
322 1252
446 909
713 1099
409 683
612 1214
208 225
264 728
545 1571
94 843
287 1258
7 176
906 1299
536 770
670 966
570 1014
393 476
54 1238
266 866
79 1463
864 1096
480 1411
79 868
649 1312
218 301
80 1313
1174 1241
255 1088
727 856
1405 1430
592 737
37 1039
1282 1292
33 1048
663 1160
815 1349
259 1426
194 1105
1073 1548
871 1295
581 846
176 1375
321 1395
809 943
36 590
34 770
382 386
316 841
507 1179
1181 1445
798 1567
933 1147
979 1334
495 585
210 304
188 539
237 868
567 988
286 462
516 1327
470 1120
23 386
298 1032
41 73
508 1126
1104 1419
17 845
294 1299
1090 1468
1366 1563
281 1525
853 1222
1004 1274
82 171
1097 1310
33 521
393 919
93 641
739 838
131 635
947 1213
1026 1041
1385 1556
859 1423
1055 1597
519 1321
355 1075
418 1355
60 379
674 1132
524 539
59 1330
1376 1545
1007 1284
202 1048
514 1453
261 1358
529 1555
12 1505
649 805
641 926
189 530
544 1251
854 1023
175 1560
647 839
586 603
100 326
1129 1315
368 816
1024 1085
298 934
628 1146
739 1019
844 966
143 1561
1365 1429
43 452
137 486
122 882
262 562
820 835
377 1227
54 706
984 1162
1213 1514
951 1332
1496 1592
31 252
380 1030
1091 1350
615 1488
142 1023
89 1208
969 1073
38 961
696 1429
91 299
720 860
420 829
972 1256
272 830
352 409
334 1070
1308 1378
663 1388
325 1188
219 949
760 1443
879 1500
811 937
408 1351
622 752
661 686
150 897
1193 1519
457 1182
811 947
1051 1431
1023 1239
859 1320
463 1511
681 974
94 938
891 1299
441 850
201 1020
196 311
148 1499
1171 1189
830 1526
6 252
340 620
251 770
1283 1458
159 976
815 1536
595 1573
240 775
963 1362
1031 1251
613 1105
388 1198
863 1556
1405 1507
15 1538
1321 1371
29 586
522 1293
1248 1472
499 1336
452 1248
1225 1405
15 1290
634 1043
172 492
575 1076
46 1475
486 1236
1119 1333
707 1424
618 907
290 636
623 1167
179 1210
72 1350
1210 1239
1043 1255
431 515
58 1372
1006 1539
52 1369
285 1582
160 192
420 897
638 721
169 565
119 228
413 597
695 836
1043 1204
31 900
135 1134
752 1040
236 767
48 407
561 736
432 1110
406 1158
111 1171
53 1471
37 1135
102 1172
635 1467
20 173
1014 1033
43 1483
163 639
1032 1168
587 895
556 791
437 475
5 1234
423 684
16 771
261 1283
885 1367
82 1452
952 1037
45 550
987 1568
1139 1566
24 1095
1108 1519
127 1481
1054 1430
319 857
582 1285
756 771
74 1269
346 646
404 1209
404 525
209 576
314 399
104 124
828 1448
828 1222
243 273
1135 1304
829 1397
730 1452
1001 1513
24 72
413 678
174 834
599 1007
434 876
13 456
528 1095
255 258
1424 1441
680 981
155 1150
128 1223
245 1007
545 1170
93 1576
340 1583
284 1370
995 1425
240 439
1403 1563
774 807
580 1511
538 633
887 1561
238 1578
266 569
208 1511
695 958
862 1301
504 698
26 640
605 1526
517 624
226 433
30 116
115 992
1204 1554
1027 1418
65 1484
310 1586
652 1100
130 651
685 1047
1195 1533
1114 1335
377 1480
249 1368
1051 1301
767 1008
25 71
81 1520
459 566
429 468
1183 1428
320 1093
458 592
154 550
548 1352
4 884
118 198
305 1452
1118 1358
65 1233
235 1230
959 1556
668 954
1129 1264
1348 1379
629 1391
1379 1451
192 1510
932 985
544 910
32 36
977 1449
632 913
887 1241
320 862
203 327
1470 1506
492 1367
1466 1560
1121 1449
33 1352
129 1167
373 1572
778 1213
235 589
602 1445
394 1085
974 1480
191 1029
76 926
613 1054
995 1312
227 1041
876 1000
1341 1520
253 516
572 725
1096 1199
582 1086
98 1009
525 1178
821 1268
1250 1485
1 456
940 1011
136 1164
21 1377
223 1404
1218 1532
807 866
616 1540
911 912
716 1485
984 1582
489 901
278 1493
604 1352
85 1155
419 1588
1161 1241
630 1016
12 1093
28 937
397 1176
767 1015
483 1107
427 1111
1447 1486
449 1469
353 1572
190 592
71 1395
4 575
549 707
668 685
70 1396
345 1527
362 1549
255 1010
1427 1541
437 1377
336 899
275 277
844 1277
700 1485
64 1417
944 1551
627 879
297 409
643 1584
629 1436
1197 1568
481 1070
263 582
571 879
370 758
105 1164
315 440
390 1035
1013 1512
452 1427
938 1448
471 1599
165 1055
161 747
159 301
415 1352
218 347
667 935
272 563
1217 1396
102 776
1216 1473
149 437
215 322
299 784
512 992
836 1330
335 1391
1010 1334
295 927
2 621
233 1517
378 1585
990 1548
1102 1206
86 1407
700 1543
522 1515
309 351
784 1318
81 1063
69 742
821 1599
350 1020
147 848
676 989
1142 1215
87 427
1165 1244
338 894
477 1045
101 579
333 524
234 996
240 875
1113 1562
86 1201
800 863
123 1504
173 557
314 1123
76 115
1364 1482
160 299
646 1444
66 722
372 1156
321 1126
1112 1242
157 712
175 944
1045 1262
832 959
885 1232
50 463
699 820
722 1167
897 1169
257 1528
267 816
108 849
396 1161
529 1039
42 526
557 739
1354 1426
482 715
703 1151
644 1037
1120 1415
1064 1227
505 710
185 232
711 1035
802 1260
235 611
558 953
450 688
236 1003
140 660
347 712
38 1558
1273 1394
245 474
351 954
669 982
550 1107
1081 1434
206 444
1029 1220
220 509
163 583
465 668
1295 1399
769 911
193 461
142 1145
267 280
1337 1382
1560 1561
614 1484
103 1415
912 1498
233 998
858 1228
591 656
584 804
746 1280
1240 1407
204 383
376 385
221 1142
765 1302
643 738
29 1408
776 1165
51 604
384 552
39 1557
1015 1119
791 799
254 281
455 781
300 1479
123 888
1392 1446
120 856
565 1319
357 740
553 1434
970 1339
417 1359
145 825
1066 1179
922 1065
495 725
430 533
697 1067
1316 1501
55 697
271 396
803 875
352 1580
675 1157
5 702
862 945
523 1599
322 352
1018 1175
213 1440
994 1267
757 1467
344 585
437 1372
787 1328
248 919
68 1559
659 1200
580 1501
3 1423
314 737
822 1360
581 1119
85 862
830 1208
81 557
1436 1549
1081 1423
688 1201
56 1341
1098 1454
510 825
62 607
150 1539
229 526
292 1266
289 1211
121 672
3 983
156 1179
387 1504
493 753
198 673
68 294
138 1063
124 1215
541 1081
491 755
151 1281
1265 1361
503 1132
260 494
496 1245
764 1469
1016 1400
171 353
265 1525
433 803
527 1058
138 1475
448 612
442 1001
849 1280
87 1079
230 1418
1174 1292
431 839
42 658
374 692
69 502
485 1520
733 1092
549 1386
427 1457
1152 1503
6 1230
884 891
801 1195
39 1217
887 1042
128 1336
813 1150
86 560
1002 1146
287 1466
381 488
795 833
990 1506
356 894
146 345
404 1339
254 629
148 922
813 1219
36 1324
53 884
339 647
290 1316
576 658
847 1264
356 1206
123 1196
1053 1288
204 1082
117 730
1225 1272
755 779
32 919
125 1594
734 914
758 1589
766 1083
1212 1289
817 822
48 1593
137 758
521 1376
358 700
226 1074
597 1187
144 376
594 972
478 482
618 896
804 845
1069 1456
805 1121
46 781
600 1210
129 1347
181 1416
1043 1347
508 740
168 800
1198 1582
686 873
265 1390
354 1382
1186 1360
332 347
194 1076
1414 1423
249 306
485 682
941 1329
246 1495
629 1077
134 1322
554 1035
612 1502
93 1197
1293 1381
166 195
181 793
1291 1497
395 1220
762 1344
851 1346
908 1451
290 447
330 1068
173 301
132 1097
30 417
920 1006
772 1514
596 1020
19 1548
466 950
931 1497
445 804
427 744
1065 1439
292 805
242 324
1101 1256
593 963
653 1021
599 1437
175 1476
320 326
570 691
1090 1116
1077 1600
312 399
1050 1475
541 589
35 985
416 1414
78 934
1079 1547
1294 1394
552 1298
505 1134
2 1212
223 1064
912 1162
657 1590
577 801
308 1523
438 1495
1143 1456
524 1355
158 701
681 865
416 1534
694 961
520 918
194 262
56 474
329 364
550 1312
644 1188
212 314
366 1405
683 1281
900 1007
542 1536
562 968
172 1557
1404 1408
545 604
936 1100
160 1492
1255 1415
166 1360
773 1554
155 686
867 1297
902 1028
331 1017
21 508
680 1343
600 986
405 610
981 1488
999 1084
69 1344
748 859
869 1509
63 827
381 1317
1036 1422
476 646
790 1035
359 1051
1351 1444
288 1429
961 1322
104 1287
1044 1487
130 826
100 315
423 1254
270 285
26 1056
191 968
96 184
930 1492
1003 1230
815 1326
355 717
741 1253
870 970
167 1417
192 457
1178 1600
421 533
1256 1537
406 845
1195 1384
87 1192
90 628
306 792
989 1366
1149 1576
724 1087
115 1368
588 1320
411 1568
245 1047
574 963
491 1109
1320 1529
259 1257
271 947
92 1548
510 1326
80 913
121 1057
667 1345
444 1224
401 1330
1308 1477
311 968
886 1127
594 753
342 374
533 1486
250 1122
709 774
387 1554
723 1523
1311 1500
179 1212
239 535
162 313
191 1354
447 1153
1569 1599
334 1544
424 583
183 1503
221 1568
434 1226
111 526
204 1095
461 924
133 1061
764 1137
277 823
56 1545
834 1259
631 1250
419 1515
223 691
289 1290
1247 1368
1115 1310
560 906
26 636
492 1426
68 1149
1034 1433
4 397
877 1498
893 1255
777 1072
269 1001
903 1180
129 356
371 1174
527 1214
112 1145
1337 1343
382 731
2 362
979 1150
1272 1489
644 657
677 955
49 1530
448 991
339 348
807 971
748 1125
581 1012
368 787
610 797
796 1389
22 308
1039 1487
17 972
243 811
1135 1321
654 1469
414 499
329 1403
949 1317
197 367
88 556
942 1588
357 1177
1025 1315
44 178
99 1190
161 1591
227 1510
518 853
1059 1225
64 268
821 1458
220 328
64 1158
224 1135
783 819
259 1565
405 1407
511 1235
371 1250
800 1525
335 1252
931 1084
219 1224
