1452 3630
494 498
21 470
181 1258
855 1240
798 1408
643 1183
983 1099
677 1309
332 895
839 1269
98 1059
646 790
788 833
330 706
799 1318
108 807
165 1383
595 1110
69 1281
1079 1358
901 1367
379 1353
40 1042
857 1110
139 976
228 1099
187 648
51 83
503 917
260 933
994 1073
626 935
289 435
313 1102
457 805
312 579
1054 1117
1281 1299
1009 1029
875 880
479 733
699 1188
256 416
42 1137
883 929
32 1054
826 1408
1226 1264
409 515
170 1121
327 731
69 1300
1408 1440
421 700
290 939
483 723
597 753
13 1285
341 639
833 1190
55 517
296 372
443 714
562 1113
295 1020
135 1260
188 453
559 632
515 1025
324 1436
672 1435
443 1350
525 1129
128 891
725 1215
1087 1320
95 442
552 1405
742 1021
1181 1340
628 1288
76 219
78 1345
74 1206
163 641
655 1330
966 1316
237 699
83 969
46 882
358 1021
701 1098
1025 1060
669 670
334 1373
90 568
768 1438
931 946
912 915
605 941
342 1451
22 406
486 1000
757 1348
33 698
214 991
602 1065
142 274
513 760
432 792
8 1432
364 1135
52 493
261 1152
877 1276
557 1359
779 1015
573 639
425 1217
243 416
189 394
885 1254
638 958
951 1115
1118 1299
1057 1291
1130 1435
913 1417
299 969
89 1342
607 1046
1010 1114
489 932
756 925
449 870
704 1388
53 1039
587 1395
1118 1323
230 723
633 1154
960 1064
991 1194
378 429
1189 1307
240 788
1399 1434
57 542
944 1385
1141 1207
359 1043
423 1414
178 418
683 1359
333 479
1223 1322
169 295
1331 1355
291 1110
566 1010
333 814
784 887
526 639
153 430
86 834
102 605
87 884
957 965
120 1307
770 1325
1055 1371
1371 1416
39 208
456 1209
175 452
103 237
474 1238
668 1380
32 627
248 585
481 531
381 1374
217 722
347 910
181 1123
866 1371
24 538
319 1396
366 1277
638 674
282 1174
935 1378
626 1277
823 1168
107 1058
97 455
799 1283
576 685
42 511
1030 1271
703 889
898 1216
695 1019
518 1131
199 763
446 885
441 849
167 1138
38 900
353 1385
318 583
218 614
131 817
1036 1261
631 898
472 832
101 430
227 1382
144 988
794 1294
227 1273
813 1195
223 648
326 1390
657 1059
1160 1181
860 1062
793 1421
158 1103
14 1430
606 682
403 1070
153 1093
675 720
377 691
425 547
1046 1112
587 1346
202 1292
505 745
176 922
91 1147
1152 1179
38 588
145 642
458 532
75 1177
415 952
306 1199
592 823
563 1026
761 1026
1322 1410
11 510
346 456
191 348
353 1310
978 1410
350 837
381 730
117 1232
481 520
168 655
1107 1282
98 711
707 1028
127 226
145 1386
786 960
37 147
143 442
879 1019
747 942
990 1410
616 1003
178 1257
47 428
633 1236
281 1262
402 1259
481 1047
963 1315
1159 1434
699 927
385 692
1172 1326
456 1063
430 485
331 1339
327 1308
429 869
133 1280
636 907
249 716
560 1039
1031 1430
493 563
670 1005
389 1007
254 694
548 975
471 1107
255 1375
1120 1283
809 1070
608 933
210 1220
1031 1360
415 559
851 1173
1160 1352
757 903
1109 1331
460 833
150 872
650 875
87 977
192 1202
783 1259
589 634
34 475
1116 1316
265 1292
558 621
892 1231
44 383
995 1386
314 1354
618 1328
221 878
544 1441
190 668
905 929
75 690
895 1184
561 1375
63 702
964 1282
1196 1295
46 629
580 1153
160 406
2 1421
765 1261
732 1024
851 1365
400 1146
420 424
465 720
39 832
1008 1149
468 1222
185 1005
605 1145
117 939
1170 1190
66 94
284 482
271 539
176 1020
441 1364
997 1002
19 825
996 1384
163 794
645 712
131 577
277 952
54 884
1111 1425
24 1108
985 1309
138 154
628 1154
482 1389
241 1201
1222 1419
1174 1227
320 1217
651 1431
453 726
410 1058
253 1121
947 1215
603 829
108 693
976 1422
12 647
583 1437
490 1170
57 325
399 664
110 206
118 1287
20 1015
558 1415
45 731
970 1175
448 744
790 873
256 611
820 916
203 353
664 741
971 1084
123 1057
900 1400
863 1026
46 84
844 1054
986 1119
646 1319
1155 1302
82 538
744 974
305 387
886 1337
164 888
232 1085
266 848
246 516
1108 1284
401 929
84 254
61 105
1001 1250
364 1264
1267 1303
23 1053
267 567
975 1355
596 1394
555 759
55 1141
68 1210
18 217
51 658
806 1175
497 1246
299 647
855 1435
232 503
981 1268
1302 1412
404 684
114 755
305 980
701 1206
551 724
58 318
306 1120
848 1100
787 1390
1122 1224
251 951
140 769
469 470
35 1341
207 984
919 1156
523 1049
952 1357
208 936
519 1021
101 1413
590 1244
184 615
375 1241
103 480
1078 1359
180 467
119 386
182 623
114 705
563 795
487 525
595 900
262 701
70 928
143 1211
32 934
193 629
159 1387
180 1436
43 1271
199 599
723 1289
153 1345
115 545
804 1396
871 958
263 373
524 667
389 434
63 1387
364 1053
337 551
200 1173
415 1378
90 624
914 1150
472 1412
61 753
71 681
813 1163
565 1012
326 1074
544 1347
31 901
430 1336
171 1388
22 349
48 764
123 553
984 1343
33 365
424 1134
30 807
362 760
1022 1382
999 1282
96 1027
109 979
514 541
201 468
910 1380
497 678
618 1312
364 824
602 640
934 1165
264 800
894 1092
17 1096
603 1139
377 726
177 204
919 1416
265 1322
38 1162
1217 1297
625 717
302 1126
268 647
1086 1391
270 1432
500 897
776 988
323 399
1119 1296
543 1443
511 1233
64 1357
1124 1194
1395 1444
400 816
735 1311
1419 1428
1107 1298
153 791
1031 1097
716 831
581 1193
254 806
467 539
683 1403
397 1196
212 228
72 139
398 825
129 489
554 569
293 774
802 1009
185 830
388 850
468 932
572 719
8 1094
759 1048
384 965
205 925
1294 1383
22 317
88 1009
276 1291
414 684
668 1005
1066 1192
1403 1422
352 1127
388 911
1135 1225
1274 1443
151 412
10 1142
33 96
462 679
658 1129
68 587
193 644
1146 1368
496 675
236 300
209 950
686 1097
902 1284
83 491
437 499
485 1040
337 1349
1039 1174
318 633
705 836
417 1337
35 1409
282 705
249 663
206 393
941 1280
499 1423
1045 1431
1092 1403
614 924
173 258
20 427
594 1296
291 1399
1001 1385
720 975
288 399
86 303
519 921
355 529
135 1003
392 1250
781 1396
502 737
8 21
141 460
156 621
397 710
81 837
171 1245
404 1232
110 268
48 1407
502 1168
65 1219
86 160
1160 1210
1172 1301
850 1127
1169 1329
212 1351
702 1052
109 1326
718 1079
107 890
112 206
561 1029
134 236
259 708
462 1374
152 1094
296 1173
513 1008
28 987
532 734
740 1204
508 1296
681 1004
653 703
860 1289
783 1183
205 370
957 1080
2 562
956 1049
209 1338
412 697
251 1016
1073 1175
283 904
772 1385
44 118
111 176
1201 1336
497 633
1134 1321
315 728
247 405
242 429
295 939
687 1155
837 986
583 1220
385 1104
17 258
635 795
656 1084
148 513
991 1247
491 1082
1389 1415
909 1348
449 749
330 540
633 649
164 700
258 1436
426 1354
149 556
913 1007
411 695
181 308
131 234
147 1279
674 723
165 1042
384 862
613 1163
386 1251
112 1323
356 1382
713 1155
19 590
165 469
389 934
71 1253
683 1208
115 1229
321 819
163 406
787 918
321 1442
267 662
751 824
127 521
226 1446
77 816
329 785
739 812
591 1293
674 954
166 915
830 870
61 774
1072 1239
131 1445
144 1001
401 1230
716 1230
242 696
763 1332
619 893
726 806
172 917
113 514
227 813
875 1041
477 769
252 370
127 482
540 615
134 748
445 801
571 1247
1156 1431
334 721
330 783
244 1448
682 767
492 1107
381 819
469 1165
949 981
622 1356
864 1386
154 1433
273 703
286 369
279 912
294 388
218 936
406 1166
1103 1317
1308 1338
433 1253
812 849
1209 1219
413 492
952 1128
225 851
612 621
345 948
924 1252
262 1320
522 868
1215 1349
986 1024
1138 1277
584 1081
1047 1098
810 894
746 1087
18 1052
349 449
329 1330
1359 1412
202 250
178 252
247 666
18 63
552 1397
57 669
371 1241
283 829
57 438
445 577
215 436
99 301
804 1376
1170 1243
460 696
490 1306
311 374
604 1298
4 1248
971 1192
223 1028
363 1118
511 1370
965 1065
447 693
7 814
796 1149
96 432
27 1400
328 940
713 1075
402 427
305 347
23 486
277 564
790 995
466 879
44 628
442 1197
94 706
250 601
760 814
260 1383
609 852
889 1452
624 1382
332 563
380 1225
381 1166
217 877
31 1004
377 393
108 1186
265 486
787 1195
969 1350
1219 1450
779 949
421 554
304 1078
184 657
47 762
1111 1360
516 832
647 700
40 323
815 929
755 1268
1217 1231
199 1139
472 781
35 1306
654 682
540 1379
436 820
501 1424
487 750
42 442
550 1228
1024 1416
1048 1130
632 807
149 1315
538 1235
279 998
702 839
601 1188
1080 1332
140 1373
203 1172
468 1352
1180 1272
336 1120
347 1334
1017 1232
207 374
90 1270
349 1161
947 1179
452 821
582 662
763 899
576 789
268 1045
429 817
612 688
137 370
2 791
909 1358
684 1106
119 749
937 1398
97 961
494 885
1003 1290
440 1276
275 967
414 1384
41 1068
238 886
220 694
154 518
452 643
266 1041
849 959
974 1228
376 410
1122 1242
215 523
873 1187
62 169
965 1115
198 522
1032 1353
695 1051
330 821
15 389
355 940
535 1450
690 715
914 1331
474 1318
672 956
752 834
284 365
272 822
263 678
294 752
422 1364
108 1374
414 1086
280 683
35 1096
77 937
1206 1226
858 1397
84 116
465 842
345 1292
369 990
313 1220
113 825
1225 1288
272 1324
228 717
95 363
739 1386
943 1258
309 473
685 795
254 1192
166 526
321 921
656 1097
91 151
418 1258
473 1355
47 1154
19 752
9 718
43 1024
61 764
37 1392
1198 1380
191 372
152 1055
46 273
426 1361
447 610
359 1261
536 1082
186 1162
186 1069
272 605
261 484
177 275
37 1280
197 502
344 1234
66 1223
530 893
882 949
23 916
169 398
686 1208
290 1303
807 1427
503 1437
79 331
843 1249
455 946
236 529
122 292
961 1046
26 1150
966 1115
24 1399
136 1186
536 785
477 1139
30 817
467 1088
586 1239
573 1119
167 1112
464 1326
288 1092
379 1074
586 620
1317 1403
49 736
14 1228
1064 1158
985 1369
814 1140
141 829
537 1269
234 1337
83 325
651 1011
629 747
200 1227
1201 1218
576 750
363 761
529 989
60 1428
850 1212
504 1144
841 1327
971 1213
105 990
263 1043
307 434
366 441
655 1069
231 1083
678 945
149 996
285 303
675 945
399 487
320 840
344 1275
704 1369
284 303
1150 1401
477 1156
39 526
264 471
1306 1402
1081 1171
67 686
244 1266
169 1163
143 968
133 673
460 1342
548 922
1391 1422
376 1128
1102 1345
104 372
298 505
276 1442
588 1448
589 919
124 1323
736 1126
43 749
416 1313
310 722
280 1086
632 975
405 1040
30 955
800 1042
1138 1163
351 678
3 1315
1202 1351
540 627
103 962
268 532
473 1281
768 882
141 1401
54 351
300 870
23 36
1087 1272
106 297
152 1084
74 1051
428 878
181 476
46 300
334 1091
1304 1376
54 336
583 858
938 1300
417 512
60 1175
358 922
253 1202
356 870
126 1094
366 775
1203 1265
64 904
368 1222
286 835
1048 1164
755 919
1126 1293
73 479
76 845
216 1214
688 989
30 920
12 786
908 1137
979 1006
138 499
80 1439
240 356
107 1344
178 1429
108 1062
116 1232
502 1329
265 982
340 995
856 1148
130 1065
117 529
376 549
1152 1329
952 1053
213 735
425 446
710 960
632 902
809 928
231 241
604 1033
707 1061
419 1418
419 1071
458 1205
854 989
183 1019
175 390
789 1315
454 1299
860 911
754 1273
908 1243
884 1237
360 643
973 1126
133 348
234 350
504 1320
33 297
409 532
145 201
18 1440
151 309
58 985
973 1184
94 944
950 1362
422 1434
1014 1056
204 612
940 1350
835 1415
854 1388
190 1072
201 368
79 1037
375 1335
1212 1429
197 383
940 1428
425 455
371 1304
59 1326
656 1001
567 816
150 861
362 853
1105 1229
1233 1395
277 543
302 550
312 658
325 494
49 691
266 694
608 735
709 1014
760 1184
652 729
149 188
508 531
968 1090
409 469
409 1164
265 581
92 1117
753 1091
346 834
421 542
311 1399
1008 1204
533 798
722 1096
647 1091
429 1366
55 1438
464 1176
7 631
569 1260
50 1022
1082 1093
256 831
452 1125
58 147
271 1134
1153 1302
887 1245
433 1224
1208 1234
534 913
1089 1384
730 947
753 1404
58 1314
333 941
1294 1451
134 245
1124 1174
123 886
26 964
63 570
992 995
414 561
665 951
1090 1384
420 840
677 1064
358 1085
906 1434
1147 1172
390 883
313 788
170 1392
45 194
680 1405
855 1262
1135 1184
124 356
371 805
219 657
864 1380
412 928
681 1072
975 1171
53 853
512 887
273 646
968 1060
12 698
465 736
34 1297
1297 1305
1170 1362
731 984
936 955
646 649
49 803
417 869
402 930
966 1321
769 926
665 1387
125 1148
213 439
659 1291
848 1413
166 748
457 495
349 1237
418 847
507 819
465 1072
69 138
624 1301
88 1062
231 984
852 1038
1223 1284
29 227
79 666
55 1005
1089 1334
189 552
370 1406
978 1361
642 1248
180 606
886 1120
403 774
998 1044
148 661
944 1420
788 1132
546 868
1055 1222
509 983
10 1023
1038 1418
117 229
1062 1084
82 666
87 530
566 592
1011 1197
466 1100
291 962
1049 1163
264 1349
379 1319
170 1142
210 809
129 1230
742 1409
561 693
407 565
267 482
493 1275
168 1256
245 362
852 866
1198 1408
276 419
682 956
354 1327
361 450
1251 1325
236 1427
907 1176
359 939
100 1027
667 1175
192 1407
121 398
663 1260
332 435
145 643
298 600
811 1348
789 1109
373 1316
293 345
288 1229
473 757
304 669
811 924
474 1447
873 1023
831 1166
220 702
493 731
445 628
431 602
973 1200
343 906
987 1288
1194 1366
575 1161
541 802
983 1214
397 1020
423 925
53 596
89 874
67 1439
408 1420
20 137
403 751
6 610
964 1048
1035 1207
661 994
328 626
787 982
486 1243
1140 1265
109 193
656 1360
772 973
522 1380
1044 1162
183 905
614 1404
521 986
306 1433
842 1378
1097 1268
187 197
75 1073
247 581
17 871
234 339
1244 1346
653 998
1085 1392
141 317
770 883
313 1255
450 703
918 970
371 708
866 1139
1061 1420
712 1230
8 1066
722 808
978 1025
10 298
343 498
1294 1320
380 1223
45 85
227 1452
958 1240
220 495
126 143
627 738
209 576
569 1195
906 1037
663 1224
336 738
65 1240
557 970
77 1256
259 480
36 1417
28 662
562 984
314 1451
26 454
337 1095
927 976
504 1094
107 837
938 1183
589 792
791 1226
205 319
453 1040
741 1424
476 875
274 496
11 1204
771 977
51 1342
104 945
898 1075
809 1112
175 679
78 901
903 1393
949 1355
31 623
1022 1303
758 1317
1107 1167
300 491
701 944
1125 1417
1167 1275
745 1116
197 1104
209 238
770 1362
88 673
286 736
447 1185
315 325
778 1157
94 534
212 366
168 896
497 658
237 594
786 1352
16 112
1196 1243
60 1145
260 675
1150 1165
687 890
367 449
684 1309
1017 1054
380 931
1053 1139
188 1162
830 1303
579 1268
869 1295
1402 1411
37 1312
472 1275
815 1109
22 838
113 356
461 1302
157 1250
50 1414
143 1185
737 1448
448 480
28 432
653 860
690 742
81 845
461 1007
671 871
689 845
448 476
287 942
1005 1336
610 1167
328 463
221 1187
375 518
591 1366
284 535
755 766
1317 1353
1312 1410
1077 1307
158 446
800 1132
93 478
4 871
183 926
781 1429
1075 1437
728 1032
588 1216
652 1300
303 707
671 1256
951 1322
727 1092
767 1065
518 1013
875 1452
1006 1111
383 1231
318 483
89 590
1358 1364
775 782
243 1266
222 782
92 1061
282 534
879 1132
440 1214
348 570
183 202
565 1030
616 641
177 1253
224 560
148 528
197 1120
121 1367
491 542
25 1068
74 1377
222 1440
926 1118
380 424
90 379
743 892
759 1239
176 906
859 1352
860 1356
777 1178
903 986
611 1253
193 998
708 959
336 1271
401 928
624 781
458 499
618 746
643 1307
930 1255
856 1289
432 548
649 1093
338 1043
179 247
434 506
373 1205
250 1104
42 533
668 1103
14 550
132 953
746 766
346 621
112 1248
141 681
211 1242
142 806
185 394
402 1228
262 692
834 1165
418 843
36 705
537 1229
29 1185
1081 1221
229 417
383 765
475 717
593 868
374 509
903 1445
987 990
466 1055
641 902
161 1421
336 1416
508 725
323 608
522 1444
1029 1418
556 897
125 688
75 194
940 1417
188 248
914 1006
116 1351
1036 1433
29 1444
1341 1436
520 1118
679 954
1028 1137
253 648
553 1063
856 1305
1091 1335
253 880
764 779
477 1378
354 395
217 1420
460 764
395 1310
163 295
244 865
360 823
396 1258
571 980
921 1446
612 709
997 1447
972 1216
1117 1212
160 330
235 494
935 1287
733 868
208 1148
702 1208
622 999
164 1314
439 812
531 1125
274 484
131 1007
304 686
1271 1310
235 725
44 512
575 782
391 1159
474 1375
34 872
172 792
262 1367
360 1393
34 1031
729 1318
282 431
997 1251
281 888
199 390
224 268
272 572
244 671
240 1178
856 1209
329 488
874 878
639 969
778 795
682 859
3 521
1111 1411
616 908
333 1112
1192 1350
474 607
539 1169
422 1406
286 1302
251 1257
239 1052
3 357
198 651
135 697
270 604
261 657
765 852
373 685
513 1188
93 1028
251 283
255 290
710 948
967 1012
708 758
391 654
365 964
144 783
572 967
78 655
142 1418
623 827
53 699
786 902
133 1101
644 1104
11 1249
966 1101
539 1097
510 710
333 435
544 1249
520 812
423 1180
1203 1437
758 1362
1293 1361
1136 1407
203 230
122 1340
490 1401
520 713
577 596
68 620
652 947
76 1311
292 635
479 1341
517 907
139 214
235 710
211 771
638 1336
1168 1365
648 1370
443 637
718 1371
60 662
15 341
465 1006
519 535
219 584
809 1419
608 741
1236 1291
579 859
451 1127
20 1273
439 501
361 934
338 665
515 582
74 100
833 1390
727 1263
1050 1254
155 616
124 545
359 830
78 1278
1130 1327
311 790
56 1393
73 306
101 737
739 936
20 763
524 1178
257 1339
533 1136
102 741
144 1381
301 1331
969 1218
148 455
88 645
1033 1441
589 994
962 1112
139 713
136 1441
726 988
622 1023
1021 1228
1049 1199
202 921
114 1426
601 784
97 831
62 742
890 1401
466 1099
286 543
16 21
999 1381
343 1110
359 631
626 1181
111 154
599 1059
325 1262
186 817
879 1405
883 1077
601 902
636 778
62 1286
54 738
388 592
19 1420
13 965
1016 1246
545 1319
405 1278
89 1017
103 226
484 1367
1028 1221
1161 1439
179 398
49 918
237 924
43 1012
991 1254
375 1026
701 1402
1144 1236
553 758
1342 1369
338 1105
210 1250
41 436
516 989
285 691
216 293
310 1361
111 382
291 546
1066 1122
371 1006
5 1430
549 1111
94 1230
557 672
529 1274
700 1196
1086 1241
560 660
233 1368
844 1217
341 1253
788 1148
636 645
266 1290
563 669
127 1130
258 910
1212 1441
175 207
755 1189
1102 1114
408 1225
221 1160
195 1061
498 1197
443 1202
314 999
1068 1452
361 731
747 877
200 1305
574 723
184 215
195 453
1083 1334
349 1373
66 1040
959 1149
288 458
914 1095
1200 1328
158 680
128 1215
50 824
196 539
374 1066
711 851
719 1017
377 598
609 1278
509 1237
1096 1412
483 1078
555 606
352 625
627 1227
251 387
1000 1303
751 962
167 229
649 1395
697 776
732 1436
1235 1413
614 888
855 913
601 1426
27 280
103 889
941 1246
173 881
597 1079
848 1344
48 734
527 728
101 1292
298 617
948 1181
641 878
446 1162
225 871
853 1366
1000 1404
160 801
140 447
1218 1439
442 916
417 836
511 1038
836 1203
864 1194
738 1176
721 1287
642 1298
383 858
692 1313
550 676
239 345
661 756
794 1000
727 1086
564 1306
71 637
155 174
403 595
99 1320
341 851
317 820
564 1182
146 1389
475 1153
1261 1318
387 1037
584 867
1272 1361
130 1345
171 611
457 793
15 25
242 1322
630 877
534 784
289 326
501 687
1047 1233
735 1008
65 929
801 1426
170 1205
783 1404
568 1263
92 748
261 594
85 968
578 1064
873 1134
382 414
217 776
243 609
285 1323
943 993
652 1057
799 1146
671 999
756 864
780 1078
784 858
794 1431
542 666
1004 1213
749 826
547 1209
73 909
476 1156
289 1205
978 1368
1033 1184
463 919
198 709
1255 1365
226 1075
16 1311
627 838
246 1058
1013 1287
105 805
1211 1235
697 876
392 1379
711 912
559 703
123 611
714 957
280 616
963 1069
280 1433
1 677
974 1056
393 680
490 1347
782 1076
146 506
516 697
159 867
716 1074
382 585
435 944
252 1370
1091 1147
270 1252
128 977
696 1218
38 1285
449 885
7 606
11 1186
401 517
159 687
1284 1366
670 1169
144 1433
581 1087
165 314
348 1300
161 1101
428 1422
76 527
436 1142
263 1238
51 1204
342 679
568 918
134 1421
403 876
1045 1247
167 993
994 1047
676 1140
68 1045
963 1286
669 818
751 1008
1198 1279
943 960
96 963
505 1276
196 329
190 661
863 1432
198 1060
593 1422
6 934
1103 1187
1308 1363
438 980
808 1407
1114 1255
758 1249
877 915
1014 1400
922 1029
294 1077
797 905
778 1365
427 1236
728 1173
233 1043
538 1198
4 264
257 434
620 853
128 504
45 847
489 891
467 1015
768 1218
478 954
18 797
355 649
205 1425
602 757
1210 1272
51 1076
909 1284
36 955
910 1025
492 603
507 559
527 567
214 297
116 1264
821 1121
582 904
97 278
1025 1279
892 1293
326 640
677 1016
275 1403
878 1027
644 762
307 1193
730 1355
367 715
39 881
66 810
957 1267
504 1392
357 764
874 893
863 980
549 1098
892 1180
363 1406
259 808
680 1153
339 762
393 1450
171 1074
736 1343
284 1237
839 1396
241 1289
345 724
770 1288
413 1081
78 1290
1 582
360 706
218 1343
600 1339
635 1424
316 1191
14 528
172 927
48 704
139 291
245 422
724 1057
776 838
269 861
255 324
444 1428
659 1044
221 771
206 748
1171 1419
1311 1372
637 900
744 1147
62 136
65 528
826 1147
299 481
1102 1290
1051 1406
470 587
411 805
551 598
1082 1157
86 287
36 923
396 1138
635 1335
96 1306
917 948
848 1328
159 905
770 1405
35 953
61 1451
667 1393
1099 1379
179 1113
541 979
750 1072
290 994
614 1168
122 276
238 905
129 872
261 844
623 772
822 1356
404 1143
796 1015
531 1062
1 1375
719 1434
750 1068
972 1305
1067 1431
585 1231
203 621
269 979
203 312
335 495
767 1351
7 487
382 927
7 810
714 839
660 1414
93 845
463 728
367 747
578 619
503 1360
846 1252
881 1199
494 1267
179 1056
592 1450
743 1446
324 332
10 791
224 769
547 915
880 1128
1092 1270
483 598
837 843
313 1427
118 729
500 1157
223 1280
575 1158
1213 1327
137 932
357 961
630 835
210 845
9 1452
525 811
29 156
377 1346
607 1394
420 799
805 1007
308 1106
792 1030
626 706
603 972
95 774
375 1216
346 357
56 574
233 1438
1032 1084
551 1387
596 777
712 1070
1035 1221
945 1114
387 1233
505 1449
283 331
84 1093
411 920
27 753
534 1211
354 1308
1033 1349
625 827
546 827
820 841
263 911
71 558
119 720
552 1056
653 827
39 545
3 118
490 613
353 469
71 1432
865 1351
287 636
216 1075
506 903
611 1324
1089 1393
850 1020
650 888
308 437
457 1169
370 577
326 634
842 962
938 1011
248 260
390 1372
190 1259
868 1304
52 941
818 1036
164 1412
740 1152
942 976
491 743
373 717
113 338
411 956
523 827
279 1010
607 1055
756 1244
408 1052
386 1418
667 769
368 454
535 894
416 489
679 1116
149 886
221 921
780 925
267 1159
105 750
350 466
234 1036
1298 1384
496 536
862 1415
1053 1439
195 435
405 1231
28 42
247 953
471 1377
1023 1042
289 924
661 1243
125 993
484 799
130 1290
60 1325
302 801
440 1301
459 882
3 1329
41 747
115 412
248 704
22 1236
462 895
496 1411
335 1172
815 1179
158 502
931 1085
230 954
737 841
1109 1155
1004 1034
609 1136
1333 1398
744 1293
961 996
507 1065
25 623
70 438
111 1343
121 818
421 1242
97 362
186 625
461 766
332 1070
1124 1241
979 1041
182 932
109 1058
192 580
533 908
5 574
289 571
535 1271
397 536
510 992
155 901
216 229
1047 1335
218 1108
993 1354
1041 1333
448 1015
52 305
532 685
292 719
423 578
542 1394
524 1257
132 1019
1333 1347
773 1000
72 708
836 947
69 1409
514 1179
150 818
257 767
120 1093
140 1128
732 1316
832 1346
865 1237
437 1141
594 1131
715 1201
1161 1328
93 1260
146 1157
1340 1445
658 1035
537 1314
229 245
920 1203
347 1080
275 399
565 1379
270 302
166 599
17 1414
420 863
667 1256
274 729
1425 1443
137 1235
438 1285
592 1244
319 785
666 1283
1143 1354
718 1240
292 473
511 1323
663 910
733 1113
615 733
677 1285
574 895
126 1270
162 835
629 1177
933 1353
322 1413
355 579
495 1004
115 1108
121 205
174 1209
302 881
273 407
404 1204
586 887
1081 1343
749 1034
73 327
571 1068
487 1037
938 1347
5 1048
37 953
1146 1421
162 1254
727 810
183 773
56 678
462 1296
1151 1324
844 1158
352 1338
1307 1402
437 1287
779 1348
369 634
67 1180
551 828
479 933
59 874
210 1192
178 239
77 1389
297 424
189 485
501 1259
1098 1445
82 599
87 1214
796 1350
556 598
224 1105
665 1114
456 937
726 778
1191 1242
996 1191
1211 1262
761 1224
887 1280
334 854
226 981
445 567
321 339
222 376
122 500
419 866
452 1278
12 1321
300 693
191 1239
415 807
354 1034
638 920
949 1260
1051 1197
777 928
508 674
317 1295
808 1389
145 228
528 879
789 1424
862 1151
528 1073
110 1330
304 613
760 1369
660 1164
622 1363
98 1441
361 864
385 1182
628 1445
222 541
340 492
475 1397
195 270
294 729
694 1292
191 958
696 950
334 819
47 992
32 866
98 398
14 162
101 1226
102 908
1060 1270
30 1189
292 419
242 1221
146 420
543 858
151 440
85 1398
368 1182
15 937
267 852
501 620
253 1050
147 1215
125 774
278 917
175 285
549 804
351 745
780 1235
290 709
52 1391
478 822
279 1135
1371 1442
194 1027
450 1443
1101 1429
194 1117
337 424
642 1264
233 1297
531 600
1034 1213
241 786
298 761
771 1313
480 907
319 1001
1131 1390
40 695
12 495
95 998
685 1336
1131 1448
394 1398
135 648
717 1096
176 1358
607 748
548 1400
1082 1278
867 1207
507 1171
829 1417
236 353
81 182
27 812
711 1264
815 1305
816 833
305 342
316 454
846 1080
714 1088
817 891
567 570
654 794
746 1400
84 798
1357 1442
87 541
281 320
199 499
458 754
503 517
514 632
746 1085
244 1058
208 243
238 1009
692 1160
91 1394
584 935
140 157
655 857
76 1321
772 1383
113 744
991 1279
992 1036
67 1207
620 841
6 95
70 1318
554 1116
564 1357
77 485
396 1056
204 450
306 555
395 557
200 583
741 811
192 312
99 650
219 352
104 444
857 1225
54 1149
1087 1205
173 317
676 1070
537 813
275 1449
716 1334
1033 1140
725 1031
547 923
258 600
456 1377
894 1388
914 1102
631 1124
715 916
5 538
357 1425
784 1373
500 955
497 1265
194 985
973 1035
75 392
825 1300
264 637
299 1398
670 1105
327 983
980 1208
92 381
56 547
120 478
1032 1131
273 842
347 673
505 514
740 1240
506 640
580 828
513 830
434 829
617 664
128 1425
160 1234
509 1428
400 1360
385 1088
259 1327
38 556
307 409
249 1132
559 1210
855 1126
486 1377
687 954
1011 1376
418 911
122 765
587 1185
733 1188
315 426
188 876
187 1189
843 1135
1012 1324
157 1050
410 693
278 335
507 1220
358 1272
527 849
637 810
13 1046
765 1297
41 757
422 1200
212 214
732 1256
233 1183
907 1358
266 992
700 1296
400 1032
358 790
204 484
152 331
1119 1440
318 480
1063 1176
618 1078
11 1332
573 767
657 1212
989 1106
232 246
182 335
24 1067
876 1357
1050 1344
689 1199
1064 1134
720 897
524 651
343 392
407 1414
285 923
410 1409
1101 1328
838 1356
44 842
780 1142
397 1372
354 1106
634 825
759 1046
324 415
581 1238
1373 1381
110 1156
59 242
100 1200
721 1241
156 365
252 523
232 690
430 990
220 959
64 1154
120 719
735 1059
269 440
99 762
136 1314
766 1415
1148 1234
664 1382
259 1038
104 645
213 1090
521 630
378 644
569 1370
1018 1274
453 1411
400 524
369 1090
1199 1432
488 1113
803 904
734 936
230 1310
554 572
619 1076
185 813
196 1211
1022 1255
1203 1286
1265 1338
401 883
114 235
1238 1337
80 565
798 997
571 1299
1245 1262
204 1195
692 995
1283 1368
225 694
389 689
520 768
591 1095
255 352
132 1244
802 840
243 916
772 926
909 1177
274 803
885 1201
207 489
721 1312
211 348
168 900
629 820
792 1067
681 1423
575 785
826 850
184 997
208 756
171 639
206 1251
459 1016
112 785
100 426
127 870
155 835
21 488
1038 1242
560 715
443 526
135 762
1089 1353
66 1100
106 590
132 515
133 1386
932 1067
24 859
80 899
9 1144
372 942
186 745
328 1437
129 721
146 1385
977 1251
464 1419
271 899
154 379
425 1285
189 1151
185 874
433 654
610 1144
1189 1223
754 1356
394 763
646 950
340 1146
477 689
161 1183
1026 1341
1002 1410
342 927
771 861
177 957
739 1319
214 712
86 573
316 796
1009 1388
540 766
312 568
1144 1440
510 1116
896 1383
225 988
124 943
82 711
110 793
814 1069
777 847
43 737
287 1399
386 1122
138 1023
742 780
600 939
676 839
1109 1397
454 478
201 1447
508 1012
297 455
1129 1301
1011 1059
840 959
310 943
213 555
1 1257
388 1226
57 831
50 1100
225 615
593 971
384 613
517 660
378 428
427 459
834 1315
58 1269
224 1220
211 364
119 1263
193 327
5 1342
816 1405
585 1314
618 951
584 1313
862 1402
1206 1339
231 1191
310 315
640 672
1252 1309
1094 1248
16 707
586 1088
411 548
220 1133
223 988
109 1152
408 1188
481 1379
245 906
338 832
6 235
301 725
562 775
787 1438
568 1312
1145 1229
888 1423
222 754
593 1071
307 1002
673 915
256 734
320 459
537 588
148 822
303 395
350 1198
88 321
147 278
609 1054
396 558
367 630
1143 1321
1187 1269
431 544
899 972
1151 1359
134 1446
884 1057
34 557
804 1222
1219 1276
781 1076
522 846
869 1179
431 1010
604 853
322 1313
15 1129
580 803
958 1210
256 599
344 1180
212 241
10 818
152 822
342 1325
594 1227
463 946
558 854
343 691
53 1367
447 751
9 432
374 970
1003 1381
413 645
124 580
653 824
561 1123
802 1013
506 1176
518 523
498 804
82 828
899 1029
576 1331
1013 1021
56 922
126 1347
819 1368
665 1317
488 1042
448 801
777 862
1014 1143
889 1077
218 240
1194 1266
201 1159
431 956
408 1002
31 472
70 1216
1117 1261
1233 1258
378 1119
436 920
155 163
796 1423
433 893
1301 1308
1013 1133
23 1266
739 1138
596 917
410 444
123 622
884 985
26 316
1142 1186
309 335
935 1344
278 1340
159 1181
1185 1190
90 636
1401 1450
1083 1446
688 841
296 1430
319 1449
81 1090
890 1408
569 1044
157 293
1121 1191
254 1150
191 240
543 1115
74 1133
752 1406
730 1348
470 1074
779 897
613 1362
198 257
168 1391
380 847
405 961
867 1174
250 427
451 560
150 889
50 670
162 457
597 598
372 1050
948 1145
142 976
876 926
232 320
129 640
642 759
25 337
367 500
795 1279
823 1123
395 396
459 525
106 387
252 283
85 187
16 1390
970 1137
933 1060
605 1238
207 631
1298 1404
553 1329
617 1346
1283 1411
79 293
301 386
950 1435
385 461
714 1141
158 1246
1037 1159
1239 1341
1124 1274
180 846
656 1161
738 775
793 1288
1202 1409
413 859
446 1196
1099 1127
1166 1282
1020 1035
713 1034
676 955
1391 1438
476 722
406 740
797 1186
698 1364
930 1213
79 1133
982 1270
72 861
189 1063
308 1145
27 294
219 1177
138 322
496 730
196 901
288 1045
843 857
1044 1115
180 690
470 724
394 526
412 433
1039 1105
81 98
311 515
450 1158
164 1349
891 1444
137 341
533 838
48 202
1257 1430
577 612
815 930
897 1178
923 1443
248 1079
329 773
216 468
92 1190
638 663
493 1330
41 896
249 444
117 789
683 743
981 1018
70 724
162 1071
451 660
439 1363
570 1039
1089 1333
555 615
498 1137
1018 1295
1193 1376
215 1149
311 1073
1345 1447
172 512
393 1018
732 800
937 1232
624 698
880 1330
322 824
119 269
793 1103
125 1319
13 1193
156 588
606 925
573 1427
64 840
582 1141
308 644
802 1193
269 800
6 1129
102 174
190 696
578 662
566 1344
699 1132
1234 1375
368 1173
69 743
346 987
323 521
390 872
328 360
105 1416
126 1002
314 707
1277 1289
59 1041
104 1027
111 485
200 260
304 1214
426 1130
239 1326
91 339
91 895
1043 1335
106 492
121 1274
344 1332
238 1325
132 1427
867 1154
239 322
574 1206
64 938
865 1246
545 634
115 982
967 1088
650 1286
67 652
451 1128
530 773
806 1397
237 593
863 1395
230 625
323 704
768 1324
451 974
664 1164
2 1337
402 1200
467 1106
157 982
63 174
166 1334
483 923
9 1286
59 1263
972 1158
931 1165
106 475
209 276
971 1282
4 462
195 309
718 761
530 544
464 1407
45 1067
65 1083
40 1377
671 963
362 595
62 1304
250 407
610 1071
604 1365
516 1338
572 1363
659 1083
340 482
170 1311
1127 1247
1095 1273
257 775
471 844
376 1040
73 617
340 437
441 575
413 1095
161 1136
391 591
172 1169
130 282
55 173
167 344
1017 1276
828 1164
68 246
993 1019
579 1275
85 602
150 464
351 942
281 1110
698 740
828 1030
231 1447
931 1010
894 1052
686 836
392 530
904 1133
881 1051
1079 1310
519 1451
21 945
461 1423
444 968
93 1125
1063 1177
1 296
617 1449
40 47
1247 1304
184 966
826 1197
946 1281
1108 1387
1378 1429
223 553
688 1100
911 967
100 752
930 1123
630 727
363 1140
116 169
566 603
32 1444
4 361
880 898
211 554
404 650
25 946
49 964
1121 1168
120 277
295 695
1268 1295
1170 1273
187 549
378 1448
1069 1182
869 1066
659 1266
428 1426
619 1364
118 1277
441 1167
423 509
407 463
706 1299
857 1381
849 1155
89 421
893 996
1157 1267
1080 1396
384 1143
1190 1449
72 1098
619 823
1018 1259
890 1254
416 754
277 1104
315 1022
107 1071
691 1374
776 1332
811 1123
339 705
591 734
301 365
173 1263
196 1171
179 271
896 1316
1252 1426
366 953
797 1265
1113 1136
974 1187
546 562
590 1182
552 654
391 872
26 808
1003 1363
130 773
821 1435
782 1267
262 1442
1125 1151
249 791
192 1294
310 680
281 1352
324 674
525 709
52 72
882 1370
19 918
987 1291
80 672
586 1340
651 1248
556 912
99 873
803 1122
83 978
156 382
316 898
142 165
536 1195
255 983
296 668
519 1178
1249 1333
228 1030
182 585
1374 1424
550 891
1077 1221
13 151
8 1354
1014 1061
488 566
136 1024
438 1166
1250 1394
102 597
355 384
675 1245
856 1372
1167 1339
635 846
307 684
512 1153
510 641
745 1269
2 246
309 981
712 847
114 960
1227 1281
854 977
31 1245
527 595
28 1376
589 797
350 391
29 471
896 1049
271 1392
673 861
331 439
351 1016
445 1207
578 659
33 80
821 912
215 1076
17 798
892 913
279 1372
161 865
272 689
213 1369
174 1309
299 608
153 570
287 369
177 546
181 564
597 1219
1224 1413
