343 686
270 338
121 173
55 289
169 332
53 310
141 269
2 111
256 337
306 326
18 60
204 243
223 233
244 307
104 198
204 297
178 291
188 267
29 109
35 224
157 293
148 297
67 114
42 156
214 324
189 283
54 322
39 99
41 61
248 267
94 224
70 234
209 266
14 293
11 242
311 340
91 186
120 240
84 190
65 280
162 314
124 189
103 181
42 69
56 219
15 85
77 125
61 272
134 313
251 292
102 173
82 240
70 78
22 40
14 274
87 325
74 227
21 132
14 21
164 234
26 163
36 236
11 287
76 283
26 71
35 298
101 259
33 317
137 240
148 192
27 294
285 319
43 146
233 288
207 299
108 154
193 296
82 312
7 255
150 327
130 296
127 268
58 302
15 213
100 101
42 130
6 235
153 158
238 258
166 304
4 122
18 87
76 228
287 336
182 214
63 93
13 54
45 91
40 78
95 106
160 318
93 275
74 196
24 91
27 212
25 215
58 268
43 49
97 266
44 131
30 117
173 284
113 129
75 204
68 287
179 195
27 264
51 254
34 47
96 148
123 143
214 216
1 260
53 193
112 194
38 301
39 245
66 338
179 312
38 62
102 177
57 322
4 139
184 222
270 284
142 325
34 229
107 147
197 225
52 241
45 150
306 309
230 307
17 263
6 246
85 195
84 140
295 335
102 200
263 295
95 335
17 310
10 29
31 73
205 249
219 225
218 251
106 199
92 112
67 253
96 236
273 276
180 244
192 257
65 149
98 259
92 153
37 243
62 286
158 225
136 335
50 329
160 342
220 286
92 312
143 289
14 16
218 238
222 306
201 257
89 112
202 300
108 315
153 321
37 223
23 261
67 99
33 208
23 197
5 340
116 257
108 286
183 247
45 71
173 201
73 198
45 162
220 342
120 269
190 234
101 341
217 342
69 246
48 64
129 193
79 86
139 168
120 141
136 237
8 125
112 226
168 172
216 288
152 203
11 84
228 311
149 170
24 218
58 126
203 283
104 200
111 320
7 58
72 279
51 148
317 328
252 267
67 291
8 106
28 260
21 184
151 311
94 260
136 164
155 161
133 221
317 340
227 255
3 122
128 217
122 177
91 332
302 343
158 253
44 48
65 324
161 251
55 264
133 335
71 242
12 254
48 163
177 277
182 216
34 262
35 162
261 318
31 136
196 250
130 326
59 167
24 330
23 302
106 278
123 128
182 319
276 330
43 305
226 272
8 238
163 320
20 262
12 258
22 333
146 214
19 81
212 343
255 341
174 273
61 239
138 234
252 331
139 280
16 299
184 298
63 183
218 269
118 255
56 288
176 285
230 232
74 164
131 206
60 211
316 326
72 336
146 336
117 279
73 120
20 89
155 237
1 298
61 252
98 295
70 228
68 257
22 156
242 281
19 83
22 221
51 278
16 32
318 331
241 311
66 275
210 216
300 333
97 229
38 184
174 201
86 191
69 300
72 207
76 166
254 304
87 227
196 205
59 62
134 198
80 325
154 305
86 96
262 339
33 231
265 305
191 282
10 144
119 309
81 245
179 309
155 261
105 152
165 337
34 267
282 307
258 330
133 169
172 211
25 100
53 171
169 263
272 322
29 332
36 264
93 128
31 37
199 297
88 314
157 186
109 145
166 285
140 316
48 126
131 229
20 104
192 308
17 117
118 217
167 186
53 248
20 301
176 206
41 171
116 308
16 226
12 337
62 180
113 144
202 318
100 338
209 232
2 107
47 167
85 189
119 269
249 334
28 185
161 312
51 141
206 316
171 334
97 100
33 282
88 334
24 146
119 339
281 326
132 331
114 165
103 225
10 77
57 213
143 207
98 174
3 200
168 274
47 105
5 200
92 282
3 341
13 303
294 330
135 203
94 297
121 258
209 260
12 215
178 316
170 261
127 321
231 314
145 309
117 245
5 10
68 127
160 301
97 271
114 174
13 172
18 181
66 142
75 114
71 137
101 132
41 126
15 246
46 194
105 185
57 116
9 321
89 230
175 205
19 167
237 315
2 188
149 270
278 302
80 138
52 169
1 99
5 265
125 139
217 235
21 340
81 308
153 239
152 313
79 212
15 170
223 327
235 343
41 110
198 296
7 197
220 249
64 132
274 327
78 156
177 336
145 149
168 208
111 175
187 332
52 73
222 238
19 199
230 288
124 256
57 294
124 265
27 263
59 236
32 277
37 247
162 172
157 197
110 329
126 281
66 137
181 233
42 160
299 343
284 314
240 289
107 189
11 274
303 329
175 276
44 262
222 320
80 103
188 315
30 111
28 54
108 156
129 277
90 194
159 165
247 328
46 265
188 275
43 143
205 223
17 272
36 249
123 145
241 268
119 306
243 246
9 83
54 75
190 210
90 273
134 154
321 325
243 266
134 228
29 179
231 337
69 275
81 150
83 244
165 220
6 144
319 322
128 237
242 271
116 187
229 303
208 273
25 250
208 304
241 319
83 164
25 105
125 339
121 194
109 191
30 202
88 247
89 224
3 6
40 157
70 124
85 341
40 163
317 323
49 181
150 211
23 221
245 304
135 279
84 331
232 295
159 271
74 294
207 256
135 251
68 292
9 63
307 308
233 291
90 178
154 292
56 180
166 187
213 254
151 219
26 183
103 133
30 60
82 115
155 187
232 271
264 333
31 115
123 195
72 268
159 291
191 250
76 219
231 303
55 147
185 329
18 289
199 328
88 239
46 182
49 315
121 313
186 290
38 193
144 323
102 107
138 256
39 98
60 213
131 147
248 293
142 227
236 324
2 115
64 90
104 201
46 221
115 239
75 253
159 290
77 185
226 290
196 300
137 142
259 270
96 118
1 113
8 78
252 292
93 244
55 310
171 305
52 141
147 183
178 278
215 334
192 266
310 338
79 342
50 279
152 280
277 324
113 180
323 328
13 50
26 49
138 211
59 259
99 151
253 339
9 32
210 212
7 320
4 276
110 176
79 129
161 284
130 203
209 235
82 127
95 281
56 94
158 206
118 250
204 327
190 280
4 170
175 301
39 293
64 122
224 290
195 285
36 47
63 298
109 287
248 333
140 299
32 215
28 110
95 283
35 296
135 176
77 202
286 313
80 140
50 323
44 86
151 210
65 87
