1600 4000
384 754
309 1266
379 1299
52 390
969 1104
1359 1587
964 1373
749 1083
211 1584
481 511
1066 1417
988 1018
259 524
528 954
919 1236
704 1461
889 1284
612 800
507 1501
331 398
1198 1533
605 1036
437 490
558 683
331 998
577 734
501 1012
666 1487
276 1146
392 791
235 653
129 1010
32 1386
278 524
233 1051
808 862
169 1143
302 412
200 1155
458 567
126 170
285 752
163 1225
102 1559
780 1060
250 543
790 1303
56 205
1342 1399
521 1475
934 1311
744 809
284 594
384 622
1502 1574
794 835
294 504
1116 1361
344 942
987 1008
238 1132
671 1382
855 1496
757 1288
238 301
1007 1417
204 1226
678 1597
194 282
1126 1379
257 1096
107 1361
613 854
1169 1528
387 1520
41 1590
1556 1596
857 1550
299 597
440 1266
85 1182
177 951
405 796
923 1484
1403 1473
88 1333
501 944
814 1600
322 672
168 437
482 778
996 1441
378 1202
975 1047
61 1490
659 1232
996 1116
637 779
1487 1494
107 1241
37 1174
181 1087
111 1542
432 457
886 1568
880 1207
328 476
453 974
223 903
471 779
971 1453
641 1350
5 1452
393 1277
255 1039
319 1442
619 1299
567 597
717 947
165 1484
38 571
512 826
381 1030
531 709
337 1134
663 1054
8 852
87 491
11 1031
1186 1459
852 881
615 1429
386 1294
134 1245
563 1100
600 1163
495 899
153 588
287 1345
227 571
783 1253
840 1424
1364 1549
699 1213
1545 1553
1250 1286
23 699
542 1528
429 725
208 1511
864 1066
408 1010
844 1520
451 1489
119 467
616 941
821 1152
304 604
709 874
144 651
572 635
1024 1258
469 1280
654 1112
877 1565
16 898
952 1423
1021 1148
270 869
798 1496
825 1581
116 740
171 458
283 1581
77 625
652 715
402 1139
935 978
1321 1386
931 1321
812 1375
537 1574
227 1312
1225 1482
580 852
319 525
229 564
565 723
131 1538
721 1371
284 1027
521 759
670 1064
332 1247
825 1325
951 1542
778 1192
898 1238
28 1353
271 608
459 860
425 1378
809 827
621 1037
139 384
34 1347
494 1145
251 1179
300 1226
283 370
3 638
167 560
243 562
1489 1555
289 1146
250 1036
968 1329
734 1059
696 742
432 604
884 1362
27 984
976 1127
287 494
622 706
1426 1579
972 1543
331 995
1275 1294
185 290
243 1565
356 1377
90 1489
465 564
158 1495
251 589
135 205
362 778
1053 1543
228 1111
139 1421
522 746
31 199
98 1491
360 485
229 1148
426 1432
1270 1418
42 1263
73 450
222 342
136 717
125 712
105 858
743 1309
143 603
215 308
199 1411
1069 1077
1248 1292
984 1390
389 885
1215 1314
505 677
1141 1246
46 568
352 1243
412 772
845 1343
621 910
60 768
511 997
84 1104
279 1181
323 981
342 1252
937 1537
406 753
742 913
650 1172
664 674
922 1084
480 991
106 686
263 1567
514 1501
841 954
33 109
508 1462
591 691
878 1319
421 1289
277 934
252 351
102 1590
170 519
178 985
629 1394
278 1033
82 904
525 1041
706 1427
205 740
837 890
743 797
245 254
340 1593
822 1101
672 1358
669 686
167 1377
1333 1558
39 1015
383 731
25 1317
57 145
352 1449
357 548
936 1334
241 365
757 941
489 1181
367 1401
60 413
333 842
318 360
403 826
109 694
1459 1521
176 535
714 891
641 1033
534 1371
742 1267
416 712
288 1100
301 1194
681 978
1250 1271
726 771
34 587
1066 1211
154 371
324 1183
231 467
220 998
656 1577
103 969
244 1199
310 1171
728 1499
259 1176
345 1452
192 262
895 900
53 999
304 1550
103 1457
446 1159
174 714
52 1419
123 1501
1342 1410
295 689
20 128
937 1593
1102 1183
795 1589
1007 1269
192 398
971 1068
9 64
529 1409
52 961
409 944
1234 1572
433 977
298 431
356 536
427 462
446 907
1070 1161
140 900
163 683
810 1342
761 920
88 269
71 1230
551 1427
1065 1246
294 1026
682 1285
195 256
627 649
896 1427
432 645
1020 1268
1037 1425
1159 1340
566 588
820 1185
591 1006
551 917
507 730
100 727
36 1173
46 498
1185 1495
418 1389
389 1075
548 668
713 1335
147 590
107 1564
1151 1228
660 879
555 1527
27 925
592 753
111 1106
1388 1475
863 1392
438 1063
657 1265
1009 1073
367 631
1063 1222
1025 1403
220 475
618 732
361 726
861 1136
29 1231
238 730
1016 1319
442 875
162 1337
1008 1241
418 888
709 1424
91 686
78 1255
434 457
324 1416
576 630
1259 1479
76 1085
803 1377
1011 1333
626 813
640 1240
78 1261
115 1022
1360 1515
678 1131
871 995
391 1059
76 981
1082 1329
726 1134
1091 1410
970 1419
2 1379
193 946
139 276
116 1464
380 730
63 1485
15 162
246 1095
41 1144
305 553
194 1204
2 317
472 756
116 684
508 1011
601 1388
325 562
840 1403
988 1093
446 1406
636 1481
1121 1398
581 1551
282 909
327 826
629 695
968 1541
217 850
578 1336
391 859
601 1206
388 749
850 1305
737 1203
644 899
672 1172
159 1055
382 1023
1012 1013
1242 1328
649 999
623 650
595 889
1025 1041
1063 1333
591 596
654 1510
1151 1347
61 1384
290 1569
371 1094
981 1162
101 770
181 997
1201 1283
448 696
520 1398
326 1396
455 1187
110 1213
481 589
278 1559
642 1349
944 1221
486 1470
127 154
1188 1189
1287 1550
240 509
83 288
558 1466
171 434
670 1322
73 548
1119 1203
532 694
87 182
1216 1426
33 1042
698 845
230 411
1234 1412
11 509
1230 1372
234 1002
323 1516
754 1463
493 1476
699 895
105 1008
590 1132
1076 1439
198 445
292 1447
113 1069
506 667
213 284
798 861
1005 1586
554 830
496 1407
138 530
400 930
518 1471
500 1429
645 1475
1466 1490
533 898
270 813
875 941
113 605
616 969
510 1018
1071 1380
133 209
55 759
588 967
428 1326
187 253
644 954
127 169
610 755
405 694
547 716
1266 1470
526 573
576 788
1315 1453
452 642
1476 1575
786 1430
47 1337
892 1554
44 1302
39 474
1146 1214
84 919
70 1576
171 389
1089 1400
171 442
180 361
960 1380
1009 1062
362 1532
510 1375
189 1011
527 863
96 273
132 1560
86 1388
246 1531
131 1420
8 1092
1090 1482
541 1032
441 547
531 831
123 1537
1049 1360
1143 1267
253 721
159 263
607 1466
735 847
648 777
234 1308
303 1149
885 1063
317 324
106 731
313 405
631 1251
213 1058
88 796
1412 1591
539 1348
8 495
959 1448
433 1455
145 1235
19 1586
1290 1509
114 1473
791 1040
569 1221
233 662
89 1201
1090 1398
540 1339
908 1107
962 1207
61 1354
780 1348
305 1566
485 1472
603 1247
745 861
184 343
445 485
566 568
665 1354
613 1408
188 531
306 1541
314 585
659 1515
702 893
208 259
63 552
1156 1239
770 822
488 1023
1417 1501
605 948
342 846
1279 1292
708 1418
222 1555
921 965
427 578
933 1481
736 953
38 1579
552 725
479 821
139 1289
451 545
243 1580
447 710
1131 1443
832 1433
167 789
708 1329
549 1540
960 998
387 487
699 1263
181 251
340 1334
190 230
266 1339
747 1542
914 1162
1256 1565
93 358
215 765
1210 1508
3 598
330 601
133 1580
263 1227
201 245
978 1146
334 1561
1075 1486
676 716
403 1321
590 1034
465 837
210 328
599 1190
648 1576
147 983
350 1073
715 1381
372 1381
393 1016
721 1001
830 1045
199 761
763 833
1292 1364
885 1018
117 708
93 914
104 351
1420 1483
719 1288
67 1300
538 1341
100 874
818 820
1247 1513
1101 1531
1156 1469
677 1472
645 909
990 1477
1232 1310
1507 1521
331 1300
56 1585
630 1174
1404 1555
157 474
1105 1492
539 806
1103 1420
134 401
556 716
546 1125
282 1446
760 1043
993 1585
75 783
69 1381
473 496
212 216
486 1471
149 369
618 720
368 408
911 1130
122 1190
6 322
40 792
111 980
236 1411
599 733
1316 1578
29 307
265 547
839 1355
26 40
938 1198
532 1546
63 1227
1076 1590
766 799
906 1516
234 1248
283 734
265 1492
384 966
703 1513
354 1528
1369 1580
188 493
218 584
75 948
420 487
729 1205
683 1422
532 823
44 1552
323 965
1044 1222
62 413
864 926
763 808
197 768
266 930
739 1463
55 682
57 780
31 1311
574 664
1303 1358
417 796
446 872
329 1447
832 913
643 1292
10 1526
1356 1560
429 958
678 1418
1066 1238
210 541
274 803
38 1020
131 907
1281 1324
923 1515
1254 1457
23 712
538 586
1217 1280
950 1529
341 395
143 815
237 1232
921 1113
972 1004
1 30
1308 1373
707 1432
114 1345
377 798
625 688
1040 1244
1044 1490
839 1158
1196 1351
217 933
1417 1460
108 1250
635 1463
456 1190
231 1444
514 679
629 1116
165 889
775 779
1249 1577
156 375
545 667
150 1444
1016 1378
261 1176
306 1200
1271 1537
1043 1054
668 739
515 582
596 853
1182 1256
416 1505
259 1361
993 1523
607 932
489 618
53 1249
522 1571
1169 1519
14 980
552 1488
908 1387
108 493
72 718
395 963
1026 1574
478 1261
142 897
101 184
221 819
1196 1297
1172 1360
751 876
99 437
512 1548
881 912
457 1432
441 1465
201 1334
785 1168
272 379
710 936
583 1037
35 1534
196 523
34 920
663 1156
77 1512
767 1198
43 483
193 1254
351 806
1252 1529
350 373
937 1313
36 596
399 556
8 384
793 1297
150 1167
18 643
250 1587
479 916
134 844
321 1154
102 1195
47 1515
1092 1355
467 1282
292 580
520 873
146 1393
24 231
1196 1445
130 1082
1191 1553
955 1346
775 1104
75 1215
450 1414
620 858
67 1438
503 1539
1070 1136
965 1367
685 1192
63 1213
1488 1523
96 680
298 925
566 1508
47 1309
25 98
261 1174
1110 1440
739 849
418 477
445 1055
301 500
443 907
67 82
910 1340
605 660
576 636
146 1448
145 1136
561 1242
489 1504
937 1561
118 1367
45 524
361 1043
230 476
638 682
641 1141
932 940
120 1586
507 1338
1068 1475
725 1053
801 930
86 1137
350 853
664 1582
651 1533
688 1165
145 1310
549 793
106 1286
481 495
28 537
1035 1545
13 353
1029 1416
816 1096
641 863
621 1197
1529 1599
155 316
544 1549
35 439
977 1307
548 1507
482 1186
945 1124
266 1304
867 1211
344 894
104 363
86 867
17 871
837 1135
97 375
226 831
774 1553
976 1235
188 478
482 660
59 436
914 1413
1228 1448
826 1559
18 219
639 883
497 523
1095 1549
372 765
586 1489
293 1270
873 1046
146 692
368 1378
231 1485
48 466
881 1068
312 393
133 333
380 1041
1214 1585
471 594
781 1031
240 1202
1079 1359
342 788
797 958
1326 1402
844 960
205 1517
991 1477
642 896
416 1240
388 1419
850 1555
54 1175
968 1350
200 348
245 1356
843 1177
554 1297
917 943
673 1202
955 1585
1230 1578
285 371
997 1566
398 1258
187 1512
748 1249
42 1465
491 1571
45 1211
1001 1031
309 1576
158 1283
174 1027
104 589
127 815
217 1128
1081 1441
758 872
311 1110
94 1191
782 1517
1145 1222
527 1498
190 308
731 1072
512 1205
819 1444
526 1387
738 1368
598 1234
119 336
1307 1521
986 1047
666 1229
1019 1221
454 1120
762 1076
809 1155
1192 1597
515 666
217 1509
827 920
1159 1571
297 1531
526 960
1199 1445
424 1600
143 697
58 198
554 816
269 561
706 788
412 444
83 880
737 1178
454 724
363 855
651 808
615 1231
306 1507
1090 1568
1089 1302
274 1063
1156 1583
62 784
381 786
929 1281
1139 1506
244 653
1080 1241
334 1234
37 995
341 517
247 1167
40 818
223 980
1118 1335
486 1435
975 1308
22 1412
183 1076
117 144
101 1454
390 626
281 677
184 1344
620 884
943 1527
126 321
240 1154
148 417
160 1209
636 1460
590 777
639 846
1261 1316
141 280
49 1292
207 1433
282 1212
669 892
970 1163
106 1540
263 1376
795 1382
144 1559
557 1581
707 1354
422 651
645 875
1339 1423
604 836
817 877
722 1284
780 1150
469 832
842 1428
1225 1240
261 354
823 1474
557 1057
705 1275
434 1376
1223 1458
893 1305
308 1180
267 1084
289 1208
773 934
248 633
550 1290
804 1251
1038 1040
132 793
440 812
109 801
343 1318
1260 1483
376 600
183 1273
177 987
199 470
292 709
374 1164
351 581
14 499
996 1338
120 1053
3 847
697 926
758 1242
1119 1512
598 982
497 1428
44 553
737 848
413 1118
733 1142
33 46
1233 1253
313 1486
9 421
169 1375
685 1115
634 1161
59 1483
1035 1559
549 1550
1157 1241
280 1418
431 1018
319 1129
1170 1398
311 394
1117 1578
452 1480
695 1456
273 927
722 971
936 959
439 1049
687 1078
5 1582
633 1595
396 691
112 1284
540 1414
475 1592
320 484
684 789
157 546
836 1442
634 849
1220 1349
621 790
67 819
895 1491
146 760
79 509
164 1397
1249 1274
624 1269
113 166
739 792
202 519
1546 1561
441 1366
577 1588
154 822
118 215
901 1254
690 1054
64 385
363 1085
508 1113
690 947
700 1494
80 149
186 1352
160 1338
303 609
502 1321
1488 1538
643 1301
1193 1239
335 512
1198 1413
811 1079
17 237
224 579
371 1088
561 1383
797 1255
1015 1187
68 1149
173 1179
1184 1212
729 883
315 489
1237 1437
962 1081
1005 1208
194 799
152 393
29 1472
1259 1295
426 436
161 813
115 1058
602 996
952 1591
404 1010
1248 1470
1204 1279
344 1478
375 1462
788 888
468 1212
804 1127
12 916
83 811
1099 1307
459 915
328 544
160 1152
303 1577
237 824
611 1344
603 1294
568 1454
802 936
55 1075
370 656
549 720
347 793
393 786
285 978
858 1506
1115 1209
908 1593
1164 1173
703 1431
45 411
1160 1318
176 1389
463 1013
124 1323
358 1535
1339 1544
1434 1476
103 1281
124 232
87 578
639 1226
608 1145
153 834
312 1021
949 966
992 1312
10 1075
842 1450
1336 1584
62 262
419 1331
66 279
102 1288
478 842
824 1374
805 1029
792 1218
249 1026
84 398
340 1217
1319 1506
326 972
58 1053
608 657
159 1226
911 1134
152 1416
143 1321
817 1431
221 861
570 896
1430 1581
95 1543
120 866
196 1408
439 859
197 1388
829 838
667 1541
943 1098
1158 1362
48 1064
994 1125
802 1392
456 1541
449 1086
611 1078
1261 1385
479 1369
646 1143
775 1480
979 1206
485 1176
821 1447
847 1050
517 547
359 474
400 1376
953 1424
28 53
122 1095
214 771
394 397
32 463
15 892
211 615
238 1558
820 983
80 1421
435 1359
1356 1588
665 1318
179 1451
400 586
1147 1376
595 1005
1341 1456
555 1244
224 233
4 1227
62 1272
349 1358
110 909
746 1511
673 1548
683 1054
108 953
586 1096
149 429
82 416
744 1094
224 748
426 550
520 752
766 878
680 1160
1121 1422
73 166
515 972
210 1052
254 772
51 1105
248 1088
336 1241
1270 1313
264 499
47 1157
44 1189
142 1186
663 1502
865 1334
247 1306
834 1445
675 1064
772 1153
597 753
600 637
1391 1554
425 1600
314 684
632 681
1263 1472
834 1571
1086 1096
865 1461
4 1127
1208 1510
189 308
846 1080
291 404
649 1561
1037 1482
324 950
1001 1191
89 1467
364 967
774 879
1324 1407
48 1441
715 1245
183 1006
936 1140
1400 1411
845 1581
212 1280
191 330
857 1240
1264 1316
1050 1416
836 929
802 1380
394 729
1313 1380
475 1393
776 1024
569 1322
39 832
1032 1476
678 681
542 1048
592 990
385 1466
716 1439
240 809
493 1039
441 1540
879 1125
469 1289
956 973
925 1577
584 1038
440 1374
873 1057
225 1555
1120 1426
179 560
471 836
410 1304
1238 1372
869 913
399 410
781 1021
355 1026
133 273
1154 1394
862 1594
629 1039
437 828
519 1535
1102 1533
772 1117
447 559
505 1339
500 1218
77 1395
196 1208
33 544
283 577
374 1011
1320 1527
721 1480
612 1252
513 1229
413 800
5 868
141 1564
802 1328
1047 1176
166 863
513 920
546 751
335 1274
492 499
254 1591
1046 1502
524 675
1182 1414
31 987
84 773
646 1099
420 1384
1116 1597
380 911
569 1293
10 258
1276 1569
859 1040
539 778
114 948
851 1349
741 892
281 1101
51 830
1099 1528
943 1101
1205 1453
360 638
57 1091
234 1271
1230 1277
221 1575
71 1534
495 1174
91 705
1452 1514
98 1352
218 1464
533 1257
425 1575
796 952
436 1345
919 1223
749 1415
543 663
548 568
93 628
107 1030
913 1552
1181 1285
602 1100
112 905
95 1529
453 1535
102 559
887 900
457 1133
713 1160
983 1591
151 893
760 1357
402 567
1006 1536
521 994
73 550
201 343
695 1526
701 795
720 740
99 316
406 894
601 1246
1288 1471
276 1084
209 805
261 565
348 750
80 94
141 1205
297 747
484 706
447 571
777 1129
934 1564
214 1108
1259 1335
86 144
736 1391
670 750
504 1141
132 258
320 1322
785 1479
137 336
43 890
653 998
1323 1453
1179 1437
587 686
3 732
121 147
878 1043
807 1231
226 1494
658 1302
26 199
208 1593
668 1187
905 1442
448 466
503 903
5 1479
123 1332
868 1272
634 1315
1097 1174
41 890
1267 1460
431 947
974 1403
1072 1326
6 9
1025 1142
22 961
479 1495
380 840
267 701
887 1212
129 669
237 603
1309 1427
256 1021
463 1498
537 1381
1266 1436
1025 1426
865 1425
1144 1357
593 1191
52 1337
1105 1401
101 736
1078 1137
409 505
252 341
242 1119
945 1282
632 1397
119 446
506 877
265 1135
356 665
321 1106
1155 1387
191 1464
1375 1397
1124 1219
670 1081
686 1566
1173 1594
202 1001
703 1507
37 1600
1185 1281
109 1201
830 856
635 1338
797 1224
1337 1572
471 691
168 1298
91 96
1364 1588
733 988
617 1473
278 1556
58 1250
578 1335
361 1478
723 944
889 1119
726 1059
1282 1523
211 391
572 1177
656 1304
1050 1506
822 1547
326 1163
502 878
523 1013
28 665
776 1262
1165 1247
1002 1184
871 956
1304 1499
1030 1387
408 1115
185 1072
747 1139
732 931
39 848
440 773
837 1361
129 805
53 549
58 1522
886 1415
275 1599
185 1262
693 1422
1272 1379
940 1145
807 905
961 1193
227 1295
169 931
425 498
204 866
217 542
1419 1443
325 1028
824 992
980 1482
12 68
1128 1168
414 640
490 1412
21 104
930 1197
722 1297
93 1285
447 1528
462 728
263 1019
621 1128
484 623
49 868
458 1551
572 1492
249 625
179 655
747 1399
1458 1587
208 1278
70 174
1144 1599
218 276
1291 1330
539 791
363 876
282 1134
59 535
764 1163
353 748
1052 1252
1505 1584
945 1586
861 1150
1078 1468
373 948
30 1409
291 1479
154 532
435 853
1190 1478
989 992
90 279
1220 1530
947 1045
1168 1446
1084 1562
649 1155
107 918
80 289
995 1224
471 1200
1285 1362
891 1429
460 1194
515 949
708 926
294 900
334 1392
536 1357
581 1451
119 784
528 670
873 1188
213 265
54 897
564 923
302 1262
637 667
521 1008
196 692
417 669
1173 1215
374 614
1065 1149
902 1265
806 1510
116 1273
1317 1552
948 1305
890 1107
296 1053
400 1050
333 1365
46 321
1225 1415
55 277
819 980
470 849
99 473
75 1301
526 1247
309 846
353 979
14 433
513 810
501 1505
177 186
1024 1332
931 1083
319 1477
198 1554
870 1251
652 1372
1007 1287
270 883
43 1055
821 1520
139 392
965 1576
332 1553
713 1306
345 1035
569 1280
478 1469
72 1090
1195 1233
559 983
232 429
70 1141
921 1547
1019 1251
92 1147
841 1000
271 691
557 795
56 630
425 1002
697 1108
374 1080
52 1178
132 228
1193 1208
408 754
848 1095
172 370
274 1540
483 1451
700 1287
551 1586
504 1347
214 1596
1099 1396
206 675
236 246
135 509
496 979
843 914
9 535
64 300
242 414
706 1180
916 1288
876 1498
529 1087
122 727
268 974
736 1286
1007 1319
245 1013
465 938
1398 1425
503 1254
691 1385
804 1600
1212 1537
1041 1300
111 784
175 432
924 1269
1223 1408
280 623
617 1524
749 1272
307 1123
1153 1438
1296 1381
614 1436
296 704
1382 1519
184 1264
505 830
207 1046
22 260
379 814
290 593
264 1143
544 961
4 1114
1038 1091
624 807
160 1499
295 877
532 817
345 593
141 1431
236 1598
664 1566
1192 1346
907 1400
105 120
757 1035
591 902
81 1006
216 249
1115 1567
497 1457
137 1404
763 1123
868 1498
892 1278
411 1268
43 381
1107 1315
296 1443
206 1254
407 1022
119 659
1 1393
1100 1305
51 382
1505 1524
647 990
1041 1450
227 1133
274 545
864 1553
65 125
16 596
776 1219
602 1285
767 927
495 705
516 931
449 647
1504 1542
122 1119
805 1181
1010 1459
697 702
482 634
191 502
412 671
112 1077
291 407
329 1265
687 1393
781 1535
6 367
244 1551
497 1574
571 1343
152 1426
1449 1467
202 855
955 1113
982 1087
962 1002
262 1545
443 960
81 1435
540 1318
605 867
1097 1470
744 1489
1355 1514
65 647
585 989
697 1203
756 1463
220 366
1126 1599
320 1178
189 829
346 1188
505 1394
1127 1408
1265 1568
901 1317
470 1457
906 1511
719 875
455 783
1260 1592
347 1136
594 1345
35 650
1490 1538
1132 1481
874 968
508 1076
1219 1432
276 1152
847 1314
989 1420
456 1587
406 608
650 1484
414 1156
517 1051
872 1573
174 1496
567 1279
1077 1165
1385 1456
1435 1523
435 1360
166 1052
25 214
428 1048
438 928
1112 1483
172 1386
531 562
258 1271
624 1570
640 1162
1200 1269
239 448
1450 1546
604 611
717 766
1086 1558
43 1133
354 594
348 1016
126 1367
337 642
12 1534
98 416
269 748
882 1592
136 294
1243 1522
33 985
60 118
330 1088
1311 1568
508 1233
59 1148
210 895
538 988
492 1406
438 800
1391 1551
814 1322
815 878
671 1163
255 1350
220 1542
693 1467
349 961
338 687
1009 1481
110 150
841 1325
32 1089
1138 1373
256 1036
429 1157
860 1120
628 1302
362 745
7 21
1139 1331
376 622
391 1342
620 1067
401 643
1150 1350
248 420
165 239
1085 1563
96 610
61 1334
1497 1560
856 885
360 1202
991 1192
124 148
24 610
1137 1358
1114 1448
464 1517
929 1052
19 1314
465 1223
850 1390
130 428
661 1346
934 1505
1111 1404
484 791
652 1061
678 1175
575 614
631 798
596 1399
735 1544
711 1425
527 1289
180 460
818 1240
727 1572
1098 1217
1333 1433
147 172
648 982
575 919
498 617
60 1108
473 1496
1171 1382
695 1425
127 253
359 1042
305 733
676 1493
126 183
819 975
336 690
16 221
1124 1352
803 1373
85 1356
1396 1583
764 1402
656 1050
219 1519
538 563
327 1462
582 1231
540 658
589 1211
311 574
243 468
426 461
1180 1259
345 1551
410 1045
657 1344
192 1312
46 365
423 1279
901 932
218 306
264 1061
206 593
161 209
250 606
247 710
536 727
187 746
1094 1112
294 503
332 927
292 792
298 1459
37 870
42 1345
295 562
614 939
496 882
20 833
1110 1365
665 946
555 1377
370 1044
141 1569
68 628
175 277
121 690
1266 1562
66 450
866 1470
92 251
584 846
421 1244
593 1488
329 952
375 1250
754 1503
514 874
451 1144
1017 1570
758 1014
1275 1291
22 480
323 958
181 1560
286 975
72 302
326 811
1281 1351
554 1027
90 1461
949 1396
3 835
1122 1221
955 1524
882 1067
435 1569
347 759
339 712
602 1231
299 1228
1114 1194
168 1594
627 1517
520 1529
880 1224
536 728
649 730
908 1438
304 702
210 1079
180 1021
278 1459
1122 1492
335 758
407 1200
547 844
49 454
401 1444
655 1092
705 1106
1209 1598
242 1579
1199 1348
49 1008
395 1405
24 922
29 500
69 164
60 171
735 1477
249 396
390 1277
436 712
881 1164
810 1440
674 869
30 941
194 1228
315 1594
268 1569
241 1094
358 1356
76 1082
563 1081
193 1243
229 1210
260 1384
696 752
363 676
559 939
1166 1548
258 675
745 1487
364 879
267 1012
646 1054
713 1436
742 951
189 1372
834 1114
128 902
711 940
559 848
203 914
437 460
266 620
1109 1184
1365 1385
411 855
487 1390
15 693
1255 1257
50 242
1311 1427
1498 1524
307 536
929 1454
560 909
509 1199
95 673
219 1364
1423 1546
514 1004
222 461
232 781
533 617
130 1538
378 880
328 1383
45 1009
531 1220
423 1455
473 761
544 1376
173 927
38 744
41 264
530 1409
175 847
753 1258
150 224
404 1092
1276 1453
869 896
452 764
513 1130
296 1034
188 805
76 1290
284 1485
688 1405
372 1527
272 1256
832 1567
21 1430
1312 1484
1238 1368
897 1309
191 562
1166 1313
257 1543
1187 1503
950 1383
368 1239
4 1003
511 1019
130 1290
163 343
383 477
676 1550
14 220
637 1493
838 1251
506 1244
1097 1506
178 389
886 1195
272 391
27 176
190 1309
476 942
801 1106
689 808
203 1218
83 1298
373 1074
1127 1214
570 883
1082 1434
159 235
917 964
455 1443
350 746
650 1527
105 909
17 1395
555 1272
566 894
497 862
570 597
418 1112
216 767
376 1108
401 1364
298 679
428 921
137 281
996 1348
918 1524
13 624
399 573
776 894
1016 1596
526 557
331 1262
63 1388
226 1032
151 314
315 1500
1170 1460
788 1395
1236 1385
20 813
125 255
658 1576
1131 1402
772 1572
777 859
958 1548
856 907
573 580
466 1444
168 394
157 745
173 262
731 1125
827 1432
195 327
757 1137
475 1180
1201 1389
148 1036
290 920
637 1159
714 906
23 1229
338 1312
773 1434
450 1395
129 897
286 1314
655 1077
452 1325
787 1469
369 1189
444 1578
1188 1532
1017 1346
124 1306
810 1189
155 834
78 863
768 1056
369 866
656 1255
95 1017
1023 1443
225 525
829 1109
1370 1530
935 1122
1185 1407
935 1326
244 718
674 750
974 1147
423 595
747 1006
342 1238
293 1403
50 89
1129 1311
100 1446
444 1521
910 1451
81 823
735 928
631 1160
212 694
638 1090
50 768
338 348
228 1289
389 1029
597 1235
203 1404
1263 1327
346 567
162 851
333 462
118 454
1148 1202
1071 1439
281 1169
304 722
938 1130
97 477
138 431
1040 1282
26 1349
1011 1532
168 1494
420 935
151 1257
186 766
355 1353
79 843
563 1222
1074 1158
869 895
89 1450
316 461
652 738
684 1042
679 1424
115 575
1152 1508
719 1033
257 1501
300 1278
1086 1599
1171 1301
1104 1482
71 289
829 963
355 1061
284 704
1499 1538
305 1236
1535 1573
23 1563
716 750
408 1065
1133 1468
494 1429
782 1005
2 95
313 1221
90 287
219 1596
926 1455
32 585
510 1564
659 1215
982 1329
381 1536
462 1268
1162 1504
741 949
97 1518
10 1051
1154 1213
517 1203
654 1320
729 1421
202 903
814 1417
496 1056
435 1413
414 1584
340 992
511 838
187 211
117 468
599 1004
110 1073
392 1500
964 1298
856 1167
787 1360
782 810
318 383
353 916
887 1133
452 774
1194 1248
307 1541
372 430
1369 1477
387 1048
379 1370
871 1165
876 1103
626 1162
732 1091
835 860
1324 1584
40 252
21 884
957 1121
616 1149
386 969
1363 1504
4 223
145 1129
355 1593
1029 1220
155 218
488 516
267 1575
664 1026
366 592
235 460
78 1027
227 711
59 935
197 1332
350 758
989 1023
764 1454
519 1554
459 627
1048 1407
828 851
535 1336
318 1368
514 1353
896 1344
346 1327
600 1118
142 785
1086 1170
545 1074
484 1589
639 1178
715 1200
27 1145
341 993
51 285
1168 1537
709 1516
143 584
378 964
178 1438
82 1125
72 981
1327 1435
365 1366
383 1421
151 1492
55 722
554 898
346 1129
929 1171
251 1282
162 794
769 1306
123 700
572 1148
338 560
541 1184
14 1064
527 1540
518 680
1001 1182
769 1478
77 647
835 971
386 483
1315 1532
523 1365
323 464
177 1028
246 1033
216 377
1022 1496
396 1415
312 522
38 1043
434 813
673 915
212 245
436 1183
348 1379
54 1245
556 770
42 182
473 743
351 745
257 985
395 817
498 854
1348 1467
854 1237
10 632
330 1170
355 1047
374 694
613 653
657 741
200 1110
582 1362
404 479
176 786
39 888
818 1069
415 957
241 1562
385 714
180 424
419 668
230 771
1294 1500
127 631
204 1316
159 1132
101 202
1098 1468
1165 1169
857 897
831 1402
312 1135
1450 1525
1022 1166
685 1413
1178 1329
707 1404
1089 1155
87 1028
1357 1516
1012 1511
152 216
888 1083
522 778
490 1590
529 1399
990 1378
968 1579
801 1408
470 480
488 1575
794 1110
75 623
30 1428
545 1219
42 280
947 1473
761 1418
365 714
732 1402
633 1499
610 849
100 225
238 1263
172 680
459 644
821 827
215 1097
1004 1243
78 573
750 1082
447 721
674 1044
530 1300
382 1571
662 790
453 583
434 474
1093 1257
565 1150
292 957
121 551
1440 1445
924 1293
298 315
337 882
424 1276
542 1027
811 905
135 718
744 1307
271 283
1358 1458
253 841
53 468
717 1141
170 698
315 586
29 653
419 799
756 1531
550 779
1138 1414
352 1423
88 543
318 692
48 644
1440 1549
1373 1565
534 1299
816 974
685 824
991 1253
21 783
728 1098
606 1374
297 1256
800 1142
1123 1518
18 1210
823 1363
672 1224
153 1206
349 1598
110 594
632 1166
146 1525
448 1274
70 422
715 1005
309 1594
136 464
609 700
946 1204
634 873
1446 1563
1416 1442
579 856
812 933
396 612
978 1167
37 572
839 1032
15 371
727 1320
964 1437
272 1428
163 1342
229 1314
34 470
852 1371
1324 1375
26 946
324 424
7 966
164 445
310 1249
1109 1595
140 933
1 1526
66 583
201 1488
138 998
214 1216
616 1283
456 969
247 1226
640 1196
356 1268
1419 1509
176 1216
999 1237
1111 1521
704 1455
1370 1435
174 419
685 1128
319 859
18 1018
1058 1504
1204 1209
449 1451
983 1556
774 1164
919 1546
1463 1471
192 417
701 1399
729 1371
50 923
910 1557
959 1397
833 1102
339 705
652 1406
671 1149
640 1353
325 1583
122 1183
1031 1433
164 828
711 1474
99 255
279 1102
268 1151
365 1217
228 1366
904 1098
553 1410
1107 1394
277 1228
710 1218
866 1369
275 1195
203 1042
5 779
1017 1544
397 518
524 1121
516 1184
455 926
677 1058
806 1262
338 1349
286 994
800 1457
982 1508
589 988
576 1437
565 743
681 1274
274 1530
226 752
1298 1534
666 1328
201 1157
494 1362
325 1449
1337 1389
674 973
669 770
629 1222
595 790
491 701
1105 1562
522 904
87 1100
690 1296
558 906
537 979
172 829
256 883
225 1276
209 1513
35 638
115 1147
44 231
1122 1123
2 310
192 211
236 1153
615 963
254 1394
287 928
843 997
765 967
316 402
376 415
144 735
358 1533
825 1346
1207 1328
208 1117
301 555
1257 1547
303 837
1051 1106
6 661
339 401
76 303
1150 1153
334 953
620 1187
583 657
443 1370
461 558
680 1573
628 1158
427 1525
269 918
737 1161
811 1445
1055 1287
755 1056
422 608
28 574
68 815
793 1328
256 1278
764 1083
155 1060
403 1067
749 816
312 944
469 1049
1034 1405
155 661
603 1359
556 1139
912 1355
32 243
619 1415
577 1045
116 1078
662 1115
689 1447
390 491
1103 1411
787 1009
1037 1235
483 985
397 699
990 1423
430 1068
737 804
954 1244
754 1497
197 681
1069 1497
606 1518
167 1531
781 973
486 724
708 945
289 1567
939 987
368 700
219 1502
1049 1305
209 407
695 1153
1014 1431
799 1338
207 698
1057 1343
533 870
1306 1582
332 451
69 924
1136 1464
973 1204
679 1124
224 409
753 1461
710 1405
185 1359
463 1000
468 1291
763 889
197 628
1000 1389
512 630
844 1085
809 1335
912 1354
41 506
57 693
369 1111
12 180
352 552
583 734
34 823
770 1397
622 839
430 465
571 803
73 165
138 196
326 540
1020 1456
775 1467
187 1532
768 807
1093 1590
230 239
534 835
177 1513
1293 1491
616 1075
1003 1107
275 893
932 1225
167 1319
309 1126
179 762
887 1384
1072 1430
54 1336
1352 1564
272 1578
949 1503
525 1478
1130 1341
718 803
591 1246
17 746
612 790
142 156
11 1526
134 506
1088 1574
1472 1518
523 622
271 618
689 1083
113 1195
360 1549
807 1295
94 1522
635 1260
1046 1196
454 833
570 723
178 692
98 955
19 1042
16 81
654 1446
1061 1514
481 806
854 1485
226 1570
474 723
765 1246
406 615
379 1554
528 1274
993 1479
50 1570
1077 1324
1589 1597
88 802
301 966
329 840
1284 1493
12 962
995 1441
533 1332
1028 1562
337 864
388 1193
370 689
1406 1491
232 1353
1151 1589
161 485
748 1413
870 928
94 472
459 794
314 971
322 1340
286 521
36 1111
131 213
74 647
1548 1588
104 129
92 1414
769 959
126 198
265 364
423 1491
346 592
313 1473
580 627
449 740
337 482
904 1214
18 367
458 476
293 1500
962 1180
77 911
442 1151
397 967
345 1583
957 1137
118 1557
403 1437
402 1044
152 318
241 507
147 922
902 1070
390 913
421 957
158 287
281 400
738 1483
585 1310
963 1252
782 1207
981 1327
676 1487
190 556
106 787
194 704
71 824
787 1235
1201 1286
503 614
528 1079
720 1442
343 1494
424 1271
541 1154
361 376
886 1390
69 739
156 655
13 928
399 1168
751 1014
114 117
692 1004
1135 1167
299 362
297 882
136 1552
785 1132
1105 1118
696 751
317 1279
632 785
439 1003
879 1065
499 1452
1317 1466
135 970
930 1072
182 1143
438 687
871 1577
525 1161
162 1516
639 1207
248 922
979 1517
973 1015
195 1055
1330 1523
179 543
335 433
573 1430
213 825
383 385
344 1237
169 1243
206 266
427 451
268 358
395 412
440 1323
1003 1357
636 1454
645 755
751 951
11 426
1067 1336
478 600
658 1421
577 1490
247 1296
103 797
553 703
352 761
1159 1301
443 1092
72 1522
1038 1458
125 633
848 910
1354 1480
646 1433
1073 1325
285 845
369 613
927 1391
325 730
252 825
388 862
182 1164
432 1182
382 733
195 1175
580 1124
1268 1570
630 888
183 327
7 1049
295 609
260 584
1352 1474
1264 1331
19 151
1033 1179
812 1409
1400 1434
956 1580
763 972
275 587
679 1109
313 1567
65 188
186 1480
148 1598
1434 1456
516 884
329 693
698 1439
568 839
1034 1330
965 1239
200 1245
626 903
353 367
71 942
574 1323
820 1340
860 1273
79 248
193 262
25 1369
967 1386
182 1377
963 1170
140 1138
1112 1563
254 993
636 984
951 1109
69 467
590 1317
35 1088
414 1598
643 1485
1295 1447
734 925
1169 1558
581 1366
1177 1260
1084 1557
673 1014
158 662
756 1597
62 1596
150 1013
124 816
49 1131
487 1293
565 1172
516 1068
24 1320
489 546
386 1503
891 1123
517 924
476 1065
359 1300
453 1304
579 862
510 1448
308 1197
392 464
341 518
406 1024
592 858
891 1371
619 899
724 1102
849 950
687 1206
1218 1465
1365 1493
1194 1372
212 908
1003 1545
901 1533
113 1138
755 1303
701 1513
249 310
1206 1461
1161 1330
792 1294
148 696
527 1287
1265 1572
736 1116
96 1264
16 1401
109 1520
494 1278
74 458
7 1056
409 550
481 607
900 918
1051 1093
515 579
359 648
305 1323
1140 1539
688 1422
1310 1518
1449 1587
9 884
195 1308
84 461
81 682
500 1275
13 651
1270 1351
795 1481
1128 1239
372 865
131 1258
405 1539
612 864
1536 1568
269 707
534 1179
587 1186
784 1270
288 838
724 755
890 1469
184 887
22 1036
327 364
56 1140
438 762
943 1172
366 1441
752 1530
1035 1514
956 1465
915 1057
387 1117
70 1067
97 576
222 1530
880 1276
170 539
164 1166
302 938
1411 1544
501 791
293 877
64 1313
153 1122
851 1096
121 320
1233 1486
518 1545
366 1142
411 784
398 1060
97 1350
140 1087
250 868
1017 1020
1099 1332
290 1062
765 933
1173 1525
1093 1391
530 1497
321 1390
114 604
1064 1224
134 595
738 1310
870 874
1121 1595
277 899
986 1091
339 1146
448 1458
381 932
1030 1363
707 1566
654 872
156 291
26 488
11 252
234 1341
333 1130
24 221
311 1070
720 905
1117 1248
773 1557
726 1293
1351 1474
115 165
997 1508
602 659
207 655
775 1020
387 422
449 1438
767 1327
970 1242
771 1368
79 1580
135 535
239 492
502 1536
627 853
133 538
273 1396
574 1210
552 915
646 845
606 1193
702 1347
161 815
1191 1591
68 1383
330 956
310 501
362 1031
17 1188
480 1052
840 1047
1429 1468
293 828
270 1367
661 1073
717 1474
368 1514
1203 1552
260 1520
377 1370
79 1497
915 1424
1071 1217
740 977
569 1142
288 826
128 175
1126 1227
223 499
190 1081
237 1253
7 322
244 1080
1089 1563
257 1382
1104 1230
858 942
558 1561
8 551
1223 1363
111 1409
299 1299
421 466
635 769
842 850
91 1536
546 1152
511 1199
260 1286
47 812
100 789
488 886
20 279
233 1539
359 1233
1229 1511
427 1015
575 1502
31 613
598 1205
623 1135
985 1526
940 1061
1 1543
611 1406
65 725
442 1512
128 1227
469 984
85 1588
74 1198
136 1030
336 410
105 1032
724 1343
767 776
232 255
204 831
15 36
267 1253
140 1585
357 977
994 1573
912 970
259 1118
94 1019
413 1113
415 1544
125 191
475 1273
918 1177
986 1303
19 853
917 975
175 1579
642 1267
520 1059
386 1074
137 798
833 1420
607 1158
30 1290
64 1140
56 356
1062 1507
83 865
405 976
588 1057
455 1340
841 1060
423 644
270 419
1103 1410
92 1595
891 1177
1113 1436
492 1363
492 783
74 759
683 1380
762 1436
502 609
796 1070
519 661
442 1138
490 641
1131 1476
1058 1094
185 504
130 1534
1002 1186
349 1297
633 1439
578 762
366 1495
1232 1440
1255 1428
799 1071
1181 1378
541 1355
1059 1326
149 1023
1275 1330
307 723
1267 1589
672 1384
599 1366
51 1400
952 1283
668 1486
472 725
228 1410
741 1393
86 1522
472 1322
402 1449
163 273
822 867
61 154
91 867
529 1510
27 774
483 1560
1197 1519
728 1452
718 950
430 1126
431 1316
444 560
564 1210
378 1318
158 976
756 1071
397 1062
625 875
36 557
698 1343
857 1097
466 1108
671 828
1303 1361
579 838
1374 1469
66 498
181 261
575 1455
173 648
1374 1468
1079 1245
757 759
420 814
542 1024
738 1157
677 1308
898 958
921 992
941 1039
1277 1558
322 1465
581 1383
1000 1341
404 477
588 953
2 1022
314 1069
299 782
166 902
1405 1509
189 1080
328 780
1296 1344
25 999
286 1066
403 684
924 1209
940 1056
121 999
771 1325
463 719
422 1392
831 1379
843 1219
561 1503
766 801
385 939
85 599
619 1471
876 1475
899 1573
439 1273
233 513
486 1258
399 450
40 1144
789 817
1284 1547
818 855
203 1395
205 229
58 534
334 504
316 760
304 377
354 786
1315 1484
394 1592
1211 1401
392 688
373 1291
885 1038
89 317
173 487
986 1175
149 415
460 537
1213 1582
65 937
942 1190
253 271
103 582
93 354
904 1460
922 1214
1197 1431
223 1060
1347 1556
373 415
275 1565
317 347
80 711
388 1320
198 1387
161 777
675 872
1237 1557
258 410
170 443
760 1012
137 1216
564 925
178 1547
153 204
296 347
242 433
444 1183
742 945
609 1487
854 1510
417 923
1260 1512
901 1392
236 1422
85 553
67 1269
789 1509
467 1367
112 380
375 1120
453 682
225 946
128 1160
820 857
300 916
1234 1283
291 1034
57 1519
966 1368
1015 1046
938 1189
364 1500
561 976
407 1595
610 852
206 215
1302 1486
332 894
357 1014
1140 1386
585 660
31 625
702 1134
264 1582
222 268
357 903
335 1592
108 138
382 912
804 1028
428 769
624 1291
45 193
320 1462
200 297
235 1331
377 619
20 480
48 1307
490 1351
157 911
186 1045
349 457
713 986
409 598
300 1048
1095 1175
74 1277
123 378
491 703
288 1062
528 1264
617 743
994 1495
954 1010
311 339
66 441
607 1407
808 1074
1215 1298
660 917
587 1301
1261 1295
987 1556
507 1147
430 1236
1039 1114
663 860
566 1464
302 851
662 667
13 1029
23 893
445 836
991 1000
160 1103
472 1085
606 984
108 1462
92 658
601 1583
207 1101
246 340
570 741
99 132
959 1539
156 235
618 989
54 1296
344 462
1185 1216
582 1171
239 357
157 493
626 881
117 1220
543 731
456 906
90 142
794 1256
396 477
418 1280
241 939
295 1236
1 1259
464 1229
120 529
112 1331
827 1515
82 666
530 1120
280 1525
977 1025
563 1412
6 1087
719 1242
1007 1176
510 1493
240 611
1232 1401
306 1299
