216 432
50 127
24 211
5 187
78 83
64 203
97 191
145 189
60 133
147 205
38 167
65 126
20 56
52 180
37 58
10 83
96 161
16 68
135 175
66 94
57 75
115 190
3 13
69 127
18 209
40 60
39 109
59 172
135 155
59 194
62 150
76 156
141 161
174 210
138 188
160 189
24 198
197 207
62 191
39 138
20 102
74 115
86 184
40 106
6 16
128 211
64 105
41 208
44 106
7 109
139 206
112 175
32 128
44 176
69 177
74 169
21 38
123 212
104 160
77 97
211 214
184 192
32 204
117 212
11 63
29 66
98 126
7 213
95 143
65 68
13 73
126 169
5 190
151 191
52 108
135 167
137 173
35 132
80 202
38 149
69 111
60 75
36 130
23 55
35 42
100 186
99 139
118 153
171 215
87 178
132 202
76 81
28 175
176 187
8 162
90 176
42 152
82 183
25 116
46 165
8 143
101 196
114 156
75 199
53 70
113 199
87 199
122 153
125 179
113 139
98 181
115 157
155 195
71 134
191 205
71 138
167 181
88 179
171 190
114 188
33 189
154 209
80 186
74 200
2 19
190 204
99 193
24 32
12 193
58 184
54 129
13 103
27 129
14 129
32 81
61 82
43 84
27 31
82 146
105 125
102 203
100 106
67 196
1 17
20 159
5 112
40 79
46 200
2 55
28 112
40 175
29 47
79 145
53 210
25 208
15 58
37 170
76 215
15 208
140 164
50 150
118 120
68 109
92 104
21 110
91 119
56 110
11 160
116 182
10 25
85 161
23 206
102 113
58 92
36 101
80 93
67 69
30 85
24 162
165 198
103 211
182 194
66 166
50 70
64 141
119 200
5 212
61 206
36 120
49 193
19 148
3 41
10 55
185 187
88 103
90 181
20 108
87 107
132 169
141 177
70 216
51 110
14 178
161 177
12 34
15 79
163 200
67 158
54 85
154 165
81 148
10 19
188 198
16 202
8 136
56 165
7 9
4 42
2 54
124 201
102 124
22 170
11 55
22 215
73 98
109 119
62 215
97 134
1 123
64 104
130 163
6 130
36 174
14 157
94 119
151 207
137 162
45 177
39 166
133 176
60 202
26 95
131 145
144 174
45 212
6 186
85 186
47 122
22 168
34 203
151 166
30 137
29 31
128 178
57 63
184 209
11 31
52 72
133 156
84 139
23 188
121 152
65 108
43 146
44 205
41 160
100 204
78 213
35 111
140 148
151 195
77 157
48 201
51 206
63 152
23 150
4 124
2 15
96 159
93 196
6 196
41 123
110 195
135 178
30 61
37 92
117 197
27 108
9 71
89 180
174 180
144 148
68 79
75 162
144 147
124 170
18 46
26 99
18 56
181 201
48 132
95 104
49 76
70 117
121 136
57 157
16 173
8 97
9 63
65 96
48 164
117 210
90 142
57 86
86 155
49 78
77 214
81 216
7 30
72 84
134 144
38 189
74 105
51 192
116 136
84 164
48 50
123 136
83 107
93 137
28 121
86 156
39 207
59 82
47 89
3 168
78 183
72 171
152 204
103 120
95 183
46 153
106 214
101 141
89 146
43 192
111 131
116 214
1 87
91 209
52 149
12 147
49 142
91 112
14 18
114 127
172 193
33 147
53 149
73 126
179 185
54 67
143 216
34 142
45 150
12 107
115 140
72 83
66 180
129 182
1 208
4 146
96 140
122 127
98 158
19 118
53 201
21 35
17 138
101 195
33 154
21 192
27 107
99 163
61 114
133 167
73 142
205 210
149 158
122 164
159 197
89 111
88 207
17 172
26 182
17 90
92 120
31 37
194 203
26 59
168 183
9 113
169 216
125 168
51 94
29 71
134 173
145 179
22 93
166 197
43 198
105 130
199 213
118 125
44 121
13 194
80 163
158 170
153 154
45 128
77 155
47 143
3 42
33 185
28 94
62 131
171 187
34 185
25 159
100 131
88 173
91 172
4 213
