1600 4000
260 1274
252 465
47 861
488 1585
1360 1489
1004 1142
484 993
110 1152
77 1597
1248 1379
1392 1554
1306 1514
504 594
529 1388
243 949
47 1301
694 1561
639 1387
214 562
194 865
571 1456
1208 1269
102 960
785 1549
1159 1553
243 956
746 1411
1020 1392
482 987
670 1139
245 1134
574 1028
1252 1330
436 557
122 292
984 1560
340 721
275 602
153 1435
881 931
204 1507
363 1139
1151 1408
360 563
287 1352
83 1279
602 795
724 1069
429 1372
225 910
633 1179
504 804
1118 1142
641 1257
348 1475
936 1575
776 1161
593 671
740 1330
128 983
999 1385
1132 1483
1073 1310
532 910
332 684
41 750
79 697
110 1468
378 956
1102 1536
823 1474
684 843
1001 1401
550 720
857 1205
239 1468
75 1074
635 1343
694 1203
665 1456
729 1343
545 1118
686 1504
1054 1250
367 737
1049 1419
1364 1600
710 1170
517 1559
405 1530
4 1166
957 1447
691 1025
29 225
358 738
215 1383
852 1056
120 807
457 1204
82 319
726 1209
1033 1185
709 1321
588 758
894 907
1310 1517
518 607
199 583
912 1046
759 1583
560 1376
320 778
561 1463
125 187
739 1594
120 515
26 326
754 1488
739 1577
245 441
79 539
723 1380
689 1427
171 642
572 1257
89 1389
731 732
121 716
532 1333
273 1544
193 711
353 570
676 1069
601 1502
43 637
1037 1299
340 1009
1317 1520
1439 1570
103 821
976 1236
17 1581
970 1514
1328 1575
619 1008
930 1430
199 628
176 1517
1147 1196
45 862
399 1574
29 1384
1443 1500
1346 1587
90 652
600 1285
94 760
29 1237
1269 1365
25 902
637 1160
358 1003
222 1369
309 772
323 1586
891 1337
645 1587
998 1426
747 1123
693 796
315 1532
1082 1198
925 1005
899 1276
895 1020
707 1595
277 1024
157 822
60 944
864 1255
1017 1289
308 1413
1045 1085
762 946
498 1590
344 1147
1319 1450
840 858
562 1019
1031 1520
107 287
451 459
312 754
137 674
226 799
848 893
1373 1483
673 1210
205 1318
494 568
614 816
265 657
88 175
606 857
584 672
699 1097
224 256
640 910
461 1456
714 813
868 1596
668 1108
691 1271
1094 1209
798 903
353 495
433 927
712 1433
1434 1531
1116 1352
1088 1554
903 1108
170 445
355 446
1323 1473
213 1098
1093 1548
23 1136
45 1076
440 1523
110 1039
375 1112
482 718
496 1184
14 1265
1290 1581
941 1555
1065 1542
1246 1565
674 1044
308 1067
802 1353
1466 1559
349 403
434 454
448 1484
166 1450
42 1428
60 1118
425 1317
542 668
135 785
55 328
1407 1426
178 1520
698 1307
245 1055
603 782
74 684
182 1539
1097 1425
259 394
886 1524
35 729
456 471
852 1030
70 808
281 1415
92 685
708 904
72 502
68 1561
284 1410
430 1085
256 525
10 939
1265 1408
485 861
481 1473
515 1383
259 950
535 1198
255 863
222 487
998 1037
399 469
1387 1412
139 470
184 623
132 917
22 880
1195 1210
1020 1053
248 1265
58 773
148 280
1076 1236
213 519
71 1068
651 1138
155 902
24 269
107 929
1060 1455
15 1525
988 1256
1270 1403
1140 1417
138 626
129 572
643 1522
915 1083
832 845
933 1424
1150 1420
341 415
345 995
97 1416
264 566
382 467
1175 1541
56 919
478 721
58 1174
246 822
848 1260
434 566
1219 1522
829 1391
924 1264
143 932
597 1431
534 1454
264 486
468 1465
360 877
538 567
8 975
225 352
801 1148
349 850
66 1565
1346 1544
558 1105
160 1133
127 560
137 460
1158 1297
117 669
330 583
403 803
1236 1429
3 816
39 261
268 1348
636 1440
601 1518
1361 1544
68 761
86 1299
73 253
503 1250
274 893
1181 1309
983 1051
80 1287
256 1017
735 806
1228 1345
1069 1227
371 1277
79 96
1198 1599
992 1013
943 1035
96 582
390 406
142 1235
329 1580
937 1172
604 1043
1167 1211
826 1303
760 1472
484 1598
895 1179
167 877
220 612
41 1495
135 541
318 887
1003 1281
106 994
220 1184
197 947
1497 1563
166 1071
1321 1355
720 1290
150 278
771 1275
5 1421
1010 1394
330 1165
130 633
575 1199
210 213
834 1093
248 295
271 727
110 816
216 1428
189 1209
163 955
459 1004
603 1406
637 1377
1490 1525
829 923
1046 1190
176 1446
553 1238
181 1452
1086 1264
858 1474
376 858
784 1056
808 1386
1157 1228
489 1084
781 1555
119 874
959 1362
203 1574
559 1151
877 923
8 952
579 1130
243 1592
575 992
405 1063
294 296
891 1461
1002 1310
188 1194
1415 1444
1012 1516
546 1438
725 1091
463 1528
664 704
271 1203
522 1128
1050 1406
98 1304
536 653
1539 1592
1281 1482
850 851
5 691
383 431
106 532
1291 1524
411 918
1353 1420
152 440
938 1326
1258 1535
611 725
615 812
347 527
388 1223
104 428
289 789
433 653
957 1222
184 469
464 1379
44 984
510 1253
728 1286
99 1262
292 1266
109 1355
103 364
1161 1383
472 1167
189 1189
65 168
30 194
1466 1573
182 1041
846 1138
40 662
14 1044
1075 1111
1210 1501
553 942
883 1045
377 531
490 1547
569 1030
69 449
492 800
5 585
664 780
689 841
104 1154
473 536
1051 1234
911 978
482 986
581 838
111 885
542 970
50 195
557 1096
253 1024
527 1400
1008 1237
1338 1412
453 1344
64 569
229 351
306 915
783 915
647 1536
1240 1360
818 1048
1255 1295
1175 1214
1411 1566
1251 1394
222 1089
1288 1330
800 1439
214 740
296 986
231 418
338 1365
125 677
450 1162
114 1546
974 1369
237 1568
561 803
59 1146
1044 1320
536 1552
248 965
240 1459
80 978
571 1248
579 692
492 1556
249 783
1469 1539
681 1584
527 1472
394 1255
751 1058
159 407
284 744
316 1175
830 1310
234 717
144 992
1471 1563
772 1207
96 1260
1120 1418
295 1009
861 1092
397 947
720 1436
146 971
248 477
158 1115
275 656
1038 1430
794 1062
644 1344
626 1367
719 1243
500 948
300 955
159 1232
439 1438
1131 1508
93 1363
121 1567
599 951
687 912
155 689
545 1334
819 1109
1060 1515
475 1356
284 675
587 1048
444 1138
94 253
342 1425
183 1494
1360 1455
344 366
1249 1327
811 1213
273 1054
1110 1114
633 833
39 485
42 373
1119 1323
969 1233
718 919
1011 1093
544 588
10 353
1295 1301
519 1579
427 733
604 931
540 586
621 857
1205 1581
871 1295
755 1199
921 1034
244 1067
781 1403
362 1293
476 1465
426 485
300 716
4 342
75 614
556 1532
146 589
1440 1466
223 834
1301 1465
806 1359
1421 1462
352 1085
271 1083
150 1305
235 756
57 1150
923 1307
384 1218
18 1569
565 1191
738 1410
1006 1109
594 1026
296 382
1165 1575
764 835
554 1483
565 677
135 941
311 901
392 1301
181 1276
522 596
22 900
158 1414
309 1292
980 1187
160 880
426 1152
1236 1445
689 1322
670 1177
105 1169
709 1180
226 1148
413 538
375 1184
1140 1371
312 921
863 1072
186 993
1158 1230
1241 1449
385 552
81 1175
239 966
975 1356
460 813
213 590
156 1353
393 474
520 784
65 1467
355 701
553 641
530 793
481 1544
1199 1509
244 1412
250 447
508 585
558 970
873 1491
472 1008
411 447
442 1497
573 1127
736 1042
607 771
450 485
69 795
211 706
1036 1221
634 1129
380 1081
1213 1528
510 1134
1417 1422
388 927
1217 1313
271 1139
544 735
117 944
586 1358
761 997
372 1472
840 1044
338 1528
58 1228
141 1062
14 1204
445 595
836 1201
1444 1459
849 954
868 1477
1053 1507
229 1117
386 1273
371 1473
548 1063
455 734
69 731
640 909
687 995
631 1278
53 1554
703 944
811 1354
81 175
480 511
219 416
401 854
124 779
389 468
814 1168
244 802
862 1485
907 1482
577 1555
284 956
173 1015
68 340
183 578
327 451
635 1025
286 752
762 1468
642 982
443 798
760 1375
264 953
362 1566
596 1385
147 841
109 1186
814 1493
311 883
236 1502
9 1264
162 284
1347 1578
64 869
171 1395
933 1311
889 1090
208 889
574 680
1137 1268
47 346
570 676
763 1510
153 1194
111 1545
131 1323
1187 1349
150 759
598 675
786 1534
1306 1582
431 1226
668 949
390 1435
228 1530
1422 1582
401 1358
1146 1407
354 1276
1349 1399
594 1128
618 1154
324 1004
904 1391
221 1007
637 1445
238 286
155 171
582 817
690 1116
1216 1232
777 1291
560 758
302 1470
597 756
1316 1340
643 938
206 366
144 1263
465 1480
52 546
609 1501
441 1019
630 1350
624 1000
376 1138
230 725
466 1511
534 1291
168 1111
1234 1454
139 667
17 948
329 452
1244 1342
161 1011
871 1081
109 1078
1031 1513
1237 1508
25 114
548 1093
517 712
399 1132
43 540
423 1083
412 474
584 632
794 1285
139 157
342 1048
1 388
828 1207
708 1212
933 1193
434 505
99 949
164 1428
1523 1557
578 974
529 648
190 506
491 815
1581 1587
1002 1402
46 906
145 618
418 1435
1107 1381
899 1176
38 1581
461 1251
669 754
132 1047
983 1410
658 726
573 1302
89 1442
707 1038
1 143
1221 1377
769 996
305 915
1200 1574
650 1327
1497 1527
169 479
911 1588
647 1324
996 1275
37 737
704 1116
760 1551
159 929
240 400
732 1543
407 1518
126 1342
868 1226
931 1573
940 1338
182 894
438 1500
112 1043
101 518
1170 1553
184 1368
513 1515
1080 1572
1070 1524
228 1221
870 1444
833 1298
288 1457
270 843
692 1291
66 528
236 1584
726 1101
260 695
971 1242
609 850
36 1282
840 1124
1405 1508
345 402
280 665
956 1331
157 811
456 757
630 1439
1370 1512
1341 1559
147 1444
355 837
186 230
743 1346
1005 1525
444 545
1239 1440
719 1053
54 797
430 860
477 1015
1458 1492
249 788
367 888
639 1494
713 1285
876 1366
242 817
148 1151
90 1495
226 574
286 1297
726 1056
855 1163
5 510
1025 1427
398 790
360 502
220 228
484 1124
242 425
622 848
895 1597
187 336
580 1312
992 1022
107 530
302 1106
165 1117
804 823
770 1087
71 241
694 1592
232 722
425 1584
113 252
616 1445
831 1200
791 1425
1252 1290
1315 1499
42 200
1227 1471
513 1347
227 1477
1084 1285
396 1506
422 635
857 1099
95 281
573 1231
1129 1262
98 465
1119 1391
374 880
514 951
368 696
217 1428
13 987
340 381
665 981
374 716
70 702
792 1306
378 1147
456 607
1129 1311
411 792
1070 1145
259 1575
801 1291
925 976
145 972
909 1376
921 1391
113 1423
494 1328
15 326
1209 1261
761 1266
235 537
921 1263
1433 1594
690 1442
263 579
609 1478
200 295
29 283
1056 1507
473 1037
1112 1125
640 1328
18 1038
300 949
795 1197
1101 1133
357 1497
384 860
611 1507
620 1186
152 368
627 730
199 1356
520 649
278 1396
534 1196
938 1306
470 941
499 1498
790 1041
1242 1552
28 636
383 1405
808 1085
408 1247
314 615
1219 1364
350 679
973 1271
76 115
990 1029
198 585
86 1460
154 349
139 1230
182 1559
1018 1402
601 843
1250 1460
1084 1280
1221 1339
288 905
172 1344
799 1258
747 1308
775 1372
45 1546
84 285
99 1032
661 939
533 1031
286 874
8 1232
44 1263
1095 1476
468 1455
980 1181
392 1343
319 468
523 957
1395 1435
500 1529
903 1147
91 584
683 939
201 908
306 732
333 803
1417 1469
745 762
255 447
14 1141
294 853
491 1298
142 993
850 1102
11 1095
20 152
1 328
1113 1152
1189 1261
551 1332
821 1498
666 961
147 1097
232 902
304 554
209 1474
552 928
926 1110
369 773
426 1599
18 853
1047 1424
298 953
61 1573
788 1203
219 1274
77 1451
291 657
83 866
639 1267
361 1158
630 699
759 1074
717 1170
610 1300
85 1216
372 736
1079 1183
414 1118
80 1589
356 1101
210 812
92 605
9 581
460 675
1201 1565
432 1172
742 1417
597 1123
375 1409
823 1005
85 1308
600 788
749 1238
628 1189
305 744
1036 1427
20 1067
141 608
1336 1392
512 968
143 228
504 1496
918 1215
836 888
1144 1214
261 308
32 842
390 505
108 1448
355 765
131 298
1084 1392
346 1591
386 1096
229 1029
1310 1460
771 1078
80 1427
331 691
851 1460
873 1196
929 1094
333 600
764 1212
1243 1309
613 985
1230 1459
627 934
1336 1452
330 762
21 1101
999 1002
1261 1378
1224 1393
233 1249
1014 1066
79 454
497 749
794 1064
404 1065
920 954
392 742
224 969
1117 1435
930 1302
719 1515
27 958
975 1495
241 725
612 1326
487 617
1323 1533
649 1216
845 1000
149 1351
514 1437
552 676
430 480
973 1236
958 1514
1215 1577
1323 1378
517 1324
111 1329
655 1272
887 1133
173 763
805 1128
100 448
774 1208
693 1272
129 1534
40 826
395 476
32 1247
1014 1545
278 1084
343 637
19 1499
243 1066
63 464
263 507
33 1518
859 1290
615 894
546 1240
30 591
1193 1296
379 710
1063 1103
1244 1471
345 398
1055 1092
622 1511
1207 1548
466 1503
660 1564
847 1517
659 1488
347 793
65 474
912 1108
411 554
710 1232
450 557
989 1346
300 1429
936 1182
1007 1522
349 1171
399 848
444 1513
1133 1420
997 1126
873 932
916 1333
85 1407
684 1258
791 834
907 1436
658 1392
714 1223
424 1492
346 1474
700 1103
942 1453
257 416
279 379
565 626
760 1302
119 712
617 655
24 1476
516 1538
442 1171
146 354
1079 1483
215 1316
511 1505
977 1132
471 1098
713 979
1456 1459
218 551
1282 1506
1164 1413
1467 1529
325 1337
541 632
396 1457
156 1534
212 1331
459 1256
205 1527
437 960
311 995
53 1325
197 233
1383 1543
367 609
9 1180
14 955
259 503
688 1010
393 1476
214 606
1032 1153
98 683
85 909
42 1212
76 566
392 841
384 1078
878 1060
62 1246
867 1314
951 1013
21 315
48 525
587 1169
455 1207
472 945
561 767
231 1204
1025 1439
1157 1523
533 659
178 736
745 1225
655 1541
26 208
344 620
836 966
1504 1545
105 203
631 777
102 742
176 1090
97 217
651 715
63 1074
325 1390
807 1170
10 454
233 1493
756 1091
1332 1496
502 1095
337 1512
380 1395
1091 1250
914 995
370 401
95 965
944 1379
601 625
1177 1502
512 575
1052 1563
71 227
30 1355
542 1110
1225 1415
223 685
835 1051
252 431
832 1151
1294 1557
333 1561
254 1047
3 396
220 1257
325 742
146 1064
1461 1481
1186 1503
468 1162
59 892
94 1384
187 1368
307 1193
390 1557
91 307
97 1550
562 887
830 913
429 743
78 822
564 1312
211 793
641 1190
386 549
198 715
89 429
102 1532
290 1403
158 1503
875 937
432 1429
802 1036
830 1572
831 958
165 1283
1153 1235
414 436
1493 1519
1024 1397
182 1098
409 1404
251 353
38 1225
666 1131
419 1090
1452 1453
664 1043
378 1278
791 1492
25 901
217 371
396 1496
1011 1546
431 865
98 486
277 911
331 1035
101 845
88 269
700 1151
38 400
134 397
585 775
50 449
421 1238
530 1462
581 1326
91 176
172 773
621 1382
554 689
1149 1488
911 1447
1231 1350
118 751
96 1314
602 952
774 1054
819 1447
769 1124
1181 1422
968 1486
611 1033
545 1206
961 1552
443 743
29 258
43 255
172 1329
140 1547
70 1324
690 927
916 922
1193 1484
800 1146
280 810
357 996
89 1499
177 1510
210 862
616 655
772 1412
28 709
385 1253
1073 1155
828 1363
178 427
944 1247
479 822
487 869
102 941
267 453
215 1563
876 1177
492 590
1040 1408
814 1487
1243 1289
563 858
52 964
265 1576
844 1380
109 1182
1322 1457
22 1114
512 767
1104 1152
1218 1482
118 527
428 1143
499 1083
75 1467
55 1293
636 1064
393 991
512 1486
204 409
797 1191
1087 1192
628 1220
555 1279
877 1431
242 348
331 919
662 971
149 458
1061 1296
832 1336
570 882
1048 1495
896 1548
862 1383
1283 1564
953 1172
143 1516
552 625
722 1104
201 1077
1384 1409
566 1473
579 1508
959 1200
70 890
147 1201
773 1340
641 1516
23 305
209 1283
487 702
1010 1259
631 1536
124 1480
938 986
504 581
426 1189
488 1556
421 1135
825 826
1304 1318
179 1398
902 1009
181 657
313 935
1023 1531
240 584
424 1370
36 436
1133 1558
441 644
56 118
247 321
583 1068
1050 1532
912 1515
378 1534
282 821
614 1227
1195 1264
727 1240
664 1233
274 1574
655 1160
1041 1509
740 810
372 1303
247 1030
264 558
526 855
657 1016
113 670
656 895
180 539
427 1281
906 1515
116 1576
301 1432
1022 1349
174 1549
96 967
94 813
325 1176
49 118
365 712
154 685
945 1055
660 1557
1125 1379
1159 1529
117 200
153 945
1028 1570
555 1102
469 1085
10 395
989 1598
587 1380
390 1591
591 1313
1194 1463
1 449
91 687
82 1357
77 316
118 157
593 1583
528 831
156 1362
663 999
825 1381
632 1103
1000 1041
466 478
239 1452
35 473
1113 1451
779 1297
78 1152
638 1465
84 162
844 1390
64 466
204 228
168 1135
1040 1374
5 86
11 959
1137 1149
269 1185
870 1533
261 738
540 1289
309 1432
150 892
575 840
618 1536
1125 1570
369 1559
945 1280
74 1248
670 957
421 1027
309 809
188 1503
724 1434
12 1336
1029 1373
509 1573
16 1100
320 773
1112 1526
915 1072
321 1298
1137 1598
23 523
748 991
34 1418
1208 1513
322 1388
705 1572
114 539
330 1009
496 1018
319 1248
884 927
564 763
1118 1195
185 933
267 326
106 387
203 1106
1018 1130
316 559
61 139
733 1366
1017 1280
267 1153
697 1382
2 47
41 1081
313 723
808 990
1309 1333
4 329
92 374
114 1320
198 1166
141 1158
616 1408
344 772
37 377
97 901
864 1429
1076 1357
452 827
202 409
918 1401
1206 1321
976 1450
418 1558
274 776
108 955
1077 1563
787 1125
743 1024
576 705
303 1511
154 613
103 928
180 634
98 516
745 1399
201 1403
220 1554
457 462
620 1320
852 1050
842 1073
1476 1578
410 1092
219 279
238 1355
2 731
669 1165
17 249
224 1191
428 930
298 1568
65 161
21 1243
181 1173
231 1091
12 940
18 1112
115 272
525 1393
714 1106
309 1134
999 1373
549 599
271 1038
467 729
458 1107
77 516
524 1023
268 348
1071 1441
1163 1202
470 970
289 543
688 984
693 1391
57 78
886 888
178 1204
625 666
686 1527
196 996
502 666
615 986
567 1161
909 1340
646 809
815 1434
438 853
146 364
20 1370
699 1483
571 1403
1345 1550
904 1595
783 1063
62 1073
408 424
339 1142
855 1087
49 1519
854 1143
509 965
201 1280
188 202
100 678
83 205
116 1299
755 1509
728 1208
1011 1600
404 843
1510 1556
724 1413
286 1139
565 1044
1099 1405
138 1431
350 898
104 1040
346 1523
645 1001
925 1333
1092 1137
9 978
571 590
136 1374
528 1569
1023 1527
83 590
205 952
1141 1585
713 972
492 1273
846 1235
922 1072
556 851
380 1254
290 1274
424 1284
73 1520
426 1210
634 1241
288 321
682 914
208 603
1050 1302
889 1040
91 973
763 1319
162 1224
437 523
600 744
747 1021
112 363
1262 1468
169 1424
126 1450
361 455
222 662
294 1254
628 973
648 1243
330 573
234 1481
589 785
1012 1312
475 1255
1179 1285
703 1358
34 456
318 951
835 1467
75 1174
511 934
287 1334
11 643
151 1506
472 479
808 1463
168 668
922 1398
1178 1369
1436 1458
530 672
164 1268
519 1121
312 391
473 631
719 1363
559 1034
1179 1587
540 982
264 586
789 1193
283 1293
189 976
104 1375
1549 1564
324 742
142 1361
868 1222
252 1090
36 293
63 652
933 1211
60 483
529 564
917 1245
596 640
195 1107
442 549
370 1001
301 1494
521 888
1110 1308
207 1585
337 1339
693 1475
501 851
818 1057
257 595
1003 1091
593 790
452 671
977 1050
467 1551
1471 1567
756 1001
304 412
746 757
645 734
647 1130
90 1213
307 593
488 1192
1121 1231
48 706
12 625
496 667
303 926
906 1448
696 1316
365 470
356 549
457 1132
668 682
1377 1409
524 1519
15 1354
660 882
1411 1584
327 1279
1016 1086
337 1587
1229 1257
520 1035
1058 1215
127 1190
648 863
1148 1317
51 362
171 1308
7 717
107 415
186 598
797 1259
372 1508
372 1233
1248 1363
489 1479
1418 1457
233 1394
1348 1525
1081 1543
33 1270
541 681
313 1368
775 1357
511 1590
87 1082
1289 1533
824 1007
27 780
828 1396
651 1451
198 1278
1206 1418
207 1588
1031 1451
1162 1547
1131 1302
1015 1181
983 1359
81 831
440 1145
367 1539
2 338
797 1192
686 1484
1142 1553
373 578
272 315
706 1555
567 785
619 1019
106 490
683 1442
507 1530
124 137
79 151
720 889
587 979
1081 1221
234 486
663 843
1141 1300
1155 1415
1385 1594
872 1128
1167 1478
1036 1443
200 1119
672 1261
782 1481
46 1318
462 1431
591 1237
925 1129
783 1376
845 1037
314 768
705 1345
423 1531
82 351
134 842
701 931
968 1246
724 1315
261 461
185 1518
879 1300
1226 1476
839 1229
266 963
230 394
298 1351
646 1115
1399 1443
240 1336
642 1344
568 1535
137 158
42 1017
62 866
267 1001
27 322
88 828
63 845
695 1105
26 782
926 1341
729 1469
256 1445
667 1116
13 1406
290 383
1182 1211
556 747
116 1465
54 678
159 669
749 1580
125 967
1062 1283
765 1052
629 1412
573 1033
1296 1589
792 1327
684 777
726 781
980 1148
393 1562
478 1369
19 1266
231 1570
913 917
232 567
321 1592
1136 1287
1414 1576
28 677
610 1415
140 1500
322 854
318 469
523 1324
85 842
518 1572
1312 1401
191 1501
484 544
3 825
553 993
493 648
334 766
526 1552
919 1027
283 325
833 967
1520 1593
451 514
860 1585
365 732
123 577
1105 1163
413 1099
452 972
377 1049
193 332
656 885
568 1008
196 711
885 922
661 985
166 477
105 1426
422 1020
49 1160
795 1267
51 982
403 632
161 616
320 658
509 1188
595 928
50 353
1010 1376
953 1577
402 544
1171 1394
440 672
577 1390
455 1149
417 1537
827 1453
966 1262
13 83
1344 1460
237 878
807 1295
623 1006
49 1439
280 1186
474 547
401 642
1267 1337
858 1265
528 1588
234 1558
1004 1364
61 1123
1317 1469
447 1287
52 128
647 1002
277 479
670 778
24 433
87 1271
401 941
270 381
230 1099
310 461
481 1294
809 1590
714 1190
1287 1397
673 727
1047 1565
67 954
752 1014
622 634
287 417
547 1179
40 167
498 1315
413 564
653 1083
1262 1539
857 1121
250 592
273 867
617 837
663 1057
470 510
748 816
384 505
112 364
122 242
505 1390
336 1578
410 667
788 1031
619 741
613 768
32 362
156 878
349 354
469 805
963 1211
175 1371
1113 1582
1078 1569
237 863
299 654
535 1586
990 1335
721 807
889 1560
598 694
172 1030
184 238
704 962
1244 1381
1239 1506
557 741
495 1311
1192 1586
153 636
95 1260
1159 1321
1191 1288
67 679
329 1021
1028 1308
530 1438
177 414
904 946
87 332
872 884
241 560
495 1466
130 1597
31 328
506 1545
262 1094
802 1512
473 1154
212 709
631 920
133 717
234 1458
853 1538
686 1214
538 638
835 980
370 1479
59 1326
279 682
727 885
522 1026
710 1038
671 757
278 1155
211 1222
296 1230
550 617
946 1117
516 735
104 1294
212 1518
110 445
1043 1219
524 639
102 753
3 191
545 1070
292 1384
69 1480
282 1052
153 727
23 60
1443 1548
445 604
205 870
526 970
1356 1492
33 1079
4 591
893 1054
719 875
166 1190
989 1588
803 1600
304 856
134 365
192 502
68 316
744 1489
844 963
39 1264
594 1437
127 1379
131 1034
925 1572
463 675
86 213
361 1166
394 1566
158 800
84 1472
297 1381
973 1309
1342 1482
476 586
93 148
292 865
341 937
313 1079
263 1434
72 1226
293 533
1256 1533
682 1042
966 1102
193 466
338 432
170 1011
1252 1498
448 1275
531 1332
1114 1216
407 1510
251 673
1213 1480
235 1529
569 952
1164 1484
501 1156
34 1396
841 1286
282 375
88 1335
409 635
551 1029
1172 1334
279 950
546 606
1292 1547
35 873
734 1153
224 769
395 991
564 746
1265 1378
128 1282
994 1077
484 1163
775 812
217 690
1013 1525
660 1180
939 1348
1164 1598
16 886
774 817
448 751
610 942
914 1389
382 1136
164 1537
1109 1115
1111 1487
199 270
212 1146
1452 1590
389 464
820 1246
130 752
266 321
38 1361
454 680
138 531
111 194
160 174
1286 1430
1406 1477
1301 1457
63 1537
523 1315
152 1259
101 400
613 770
1273 1583
131 187
281 510
1120 1318
411 971
796 1359
227 1382
1335 1489
76 225
123 134
8 23
6 827
840 1461
584 1234
112 1160
395 644
924 1218
723 962
1013 1255
388 1397
1200 1466
476 1342
766 1443
1153 1362
798 1322
74 1006
849 1325
475 900
420 1486
436 1212
1015 1098
852 1067
25 1322
339 939
781 1506
1210 1530
1277 1502
13 921
362 598
99 1535
1145 1228
260 1032
167 427
323 531
532 801
802 891
373 1485
1281 1522
918 1389
759 1470
634 645
30 358
1135 1583
542 1582
191 1064
127 999
716 1348
317 407
1097 1346
1294 1397
240 1165
384 1238
305 576
52 948
188 907
541 1571
235 381
722 1100
418 548
405 1155
682 1540
32 254
1242 1504
345 903
207 967
72 1322
124 155
513 525
477 1113
141 1165
1330 1454
946 1352
93 497
181 285
1101 1245
635 874
911 1484
826 1420
869 1183
431 1338
365 493
608 1493
666 990
765 1529
1034 1470
679 842
969 1329
698 1472
11 94
54 630
383 580
753 829
619 905
855 1333
702 1504
621 1458
1045 1592
572 967
703 1122
563 1413
1065 1105
754 1374
1252 1372
805 959
774 984
989 1126
30 681
807 824
51 1005
190 370
771 1293
336 862
355 1359
61 1448
978 1528
576 894
1111 1449
142 266
40 1550
1073 1599
209 991
132 1239
657 714
619 715
57 1374
882 1061
361 1110
498 1524
884 960
988 1135
227 818
1351 1567
1188 1284
17 571
1251 1297
658 986
174 923
275 1580
660 1216
987 1167
758 783
359 1402
287 1053
304 557
236 945
51 347
678 1470
446 1279
731 1398
214 1446
960 1313
1027 1028
245 850
776 882
979 1441
381 514
515 1286
1023 1218
84 218
854 974
55 374
71 738
66 1274
290 539
871 1013
150 874
855 1332
327 415
369 732
212 1303
432 814
303 778
6 1395
412 936
1269 1351
76 972
277 910
1267 1470
415 1224
302 515
359 890
452 633
1115 1589
117 819
404 495
985 1479
391 1059
133 1454
1224 1421
646 1211
218 1535
691 877
649 1362
768 813
624 1464
433 1469
430 661
389 582
538 1157
798 1189
343 815
369 1114
1205 1496
270 1157
113 366
1449 1542
643 1051
474 1463
105 397
383 865
155 790
250 1311
173 391
917 978
768 777
701 767
1082 1141
169 435
173 730
389 483
702 923
446 1220
352 837
730 1235
268 820
548 1574
279 1350
1421 1478
259 1150
108 520
576 1094
990 1109
1028 1058
190 1130
965 1275
623 924
116 1455
753 1411
942 1562
236 1546
1387 1586
364 551
120 1509
443 453
897 1178
262 982
6 674
931 1414
804 964
320 1215
526 1335
1449 1545
704 1120
80 343
1433 1526
461 998
376 1046
471 934
352 1195
201 766
577 1514
686 852
275 796
1223 1284
179 1410
981 1331
21 1505
789 1345
918 1459
64 924
521 1538
673 685
143 1316
777 1436
887 1089
577 1206
1134 1314
1146 1305
342 1272
437 444
776 1100
70 651
235 1528
285 1517
262 718
359 1568
1173 1296
650 800
357 1325
380 441
741 896
133 1202
1446 1498
282 541
1053 1486
412 1126
359 620
568 1184
1156 1488
612 901
299 1490
998 1143
19 1242
31 219
103 1254
590 1058
747 1066
1183 1246
406 441
254 701
55 494
951 1441
216 1329
132 462
588 1185
799 1568
173 1558
429 927
623 1330
770 1144
582 1005
646 1393
506 910
9 533
15 307
144 1597
710 937
1067 1396
87 737
167 1405
335 1245
46 894
592 1241
705 1076
1239 1449
308 988
610 1125
849 975
780 1214
276 1270
435 1541
192 241
679 1120
838 1012
638 1341
283 1500
140 1197
327 1594
151 917
812 885
822 1251
1119 1544
964 1201
559 799
832 1316
799 961
696 1019
540 860
576 746
1244 1596
948 1524
543 913
319 913
252 834
1061 1438
821 897
770 844
589 884
266 648
238 1127
324 381
54 328
1233 1313
81 485
755 1500
410 833
62 1561
230 977
417 835
100 1292
17 1436
665 794
89 1137
291 781
1487 1493
1217 1547
629 1016
803 1082
916 1464
711 1183
654 1349
621 1066
22 1328
602 1448
702 1548
61 533
335 569
587 1033
1113 1176
1029 1235
115 996
464 754
7 561
1583 1584
188 1061
789 817
1136 1294
554 1250
209 254
50 562
698 1143
836 1378
886 1591
75 825
1365 1512
7 818
1187 1468
805 875
340 1010
186 650
976 1258
36 161
898 1317
140 187
1035 1419
880 881
534 1198
123 965
1080 1431
503 1111
624 1421
899 1404
480 728
542 1341
864 1527
1386 1509
429 1195
614 929
226 278
295 644
838 876
794 876
488 1122
779 1566
67 791
403 496
48 1571
356 872
439 1360
16 1016
1188 1249
750 1593
1305 1526
73 417
347 1388
138 322
519 1363
837 1277
494 750
254 1103
197 1538
881 1082
160 551
1487 1549
940 1075
258 929
1194 1541
260 1463
753 1132
311 506
490 1382
19 758
1178 1327
544 890
198 722
703 847
662 1381
688 1361
72 1402
241 1214
622 1361
687 1591
408 1200
1014 1331
410 1071
400 659
1176 1553
1126 1339
676 950
376 493
464 1088
90 1321
570 1247
382 448
203 1272
260 718
463 962
435 895
163 1546
336 1535
755 1367
608 1266
838 948
12 1077
416 1365
676 810
518 1068
15 667
37 1400
661 1180
352 489
402 1112
197 375
26 460
784 1227
6 1423
758 1225
477 1197
849 1385
829 1042
597 1049
414 625
299 1173
120 489
912 1510
162 456
507 1514
1220 1393
476 520
423 1480
847 1170
508 1161
598 695
674 1199
458 1416
650 1594
1491 1580
221 322
301 639
424 864
529 950
368 947
744 1474
163 258
737 869
580 779
229 1202
22 202
792 932
451 603
498 820
154 276
618 1561
513 1540
368 1519
1164 1404
216 310
177 958
97 712
317 1272
419 1595
543 1409
184 1578
370 416
417 1373
73 790
408 1222
696 1045
728 1284
413 1177
420 606
1136 1299
351 1482
521 552
767 1052
547 870
547 804
92 550
119 301
171 1164
1154 1556
350 830
341 1223
177 1282
1072 1368
499 572
357 1206
314 1438
1105 1268
288 943
478 896
164 1585
58 1253
210 1339
382 1284
47 1182
1411 1432
515 1239
873 905
1142 1569
559 1123
36 526
195 695
989 1046
1070 1078
1088 1564
627 1169
337 482
759 881
25 1437
1122 1191
451 1261
347 1374
1066 1516
1025 1062
387 1401
121 743
249 1499
1201 1324
898 1497
167 497
617 1047
974 1186
46 1203
414 770
656 1176
593 1347
627 1150
454 1104
434 801
67 192
638 1149
399 750
455 716
165 988
351 687
323 1408
1282 1325
558 1600
357 1147
1237 1244
154 1437
291 1477
327 946
488 721
492 678
6 1202
170 272
977 1598
499 1215
120 916
439 784
509 738
897 1223
174 1434
748 1127
529 1156
57 1498
630 1400
599 1259
211 491
397 513
73 1371
344 443
218 1234
57 1388
928 994
385 1117
203 216
1338 1537
109 1481
629 1256
578 964
952 1593
35 1456
507 1280
400 1340
500 610
483 718
442 1281
76 1295
916 974
872 1086
1089 1168
597 749
501 864
458 1018
276 955
334 1564
446 1123
419 1049
785 980
446 1386
1052 1307
392 1017
797 1166
221 896
422 893
206 261
74 764
243 459
170 893
787 935
191 1159
380 741
537 1395
282 333
339 663
596 1309
114 1173
493 1245
493 1174
1026 1041
1163 1487
586 1398
979 1410
1399 1519
920 1530
176 250
194 1427
498 1305
1039 1055
582 1030
1441 1549
425 847
297 1372
1024 1455
1503 1538
881 1205
312 422
419 543
415 1300
95 1384
65 1270
389 1168
265 267
364 810
141 174
524 1366
458 568
643 1124
67 246
149 1312
861 1159
611 733
1059 1131
717 890
333 784
33 1230
239 539
824 1551
653 1319
408 1424
296 787
1404 1458
26 987
405 725
856 1022
620 1089
101 608
387 1055
123 1177
1039 1175
1254 1331
866 1071
391 1440
51 251
579 1304
623 847
21 1039
823 859
880 1140
435 592
319 601
811 867
222 961
86 1231
1144 1442
1432 1560
53 1362
291 1197
555 1080
218 604
306 957
151 1252
289 307
418 1367
270 283
99 1386
706 1596
144 1003
829 1571
805 920
360 707
31 315
436 534
771 1032
450 649
323 1027
1420 1552
902 1550
197 1418
1385 1504
782 1171
305 341
463 994
8 692
1156 1386
886 1087
761 1042
1229 1496
947 992
32 53
793 1032
385 1271
632 1462
290 546
77 1019
1197 1557
671 1416
457 723
572 963
231 674
274 968
294 861
943 1389
149 1319
298 521
386 1505
1106 1307
826 1257
734 1335
514 553
423 1178
170 603
531 1059
292 675
859 1489
480 817
404 1240
589 1048
132 1155
604 748
303 1352
324 1036
354 942
715 1499
275 1207
428 482
908 947
1093 1589
589 1377
507 1314
226 938
78 113
839 1192
289 1390
787 1543
379 1479
688 1354
868 1253
535 1445
1098 1467
72 981
697 708
239 351
1162 1521
908 1599
793 1364
761 1451
107 1035
93 1292
622 1388
899 1534
730 1401
806 1365
406 879
1061 1227
125 1173
122 1290
315 1426
131 1298
435 1367
145 908
487 1104
137 157
1139 1288
849 985
200 1039
968 1432
236 1238
44 659
406 1370
764 1540
126 605
366 1107
293 700
1074 1578
40 602
24 1371
33 1328
233 1430
705 964
1526 1579
39 1217
626 1464
306 1576
169 1353
509 1396
265 1511
136 1012
681 1075
606 1051
467 795
574 991
244 846
334 447
206 607
253 664
420 827
1256 1579
363 1402
504 1502
207 1573
644 683
548 1589
997 1249
866 1226
825 1567
407 1475
129 707
421 549
537 1492
935 953
562 1274
612 1567
662 906
269 439
823 1442
642 1068
177 179
337 1485
563 809
317 792
24 432
409 1542
853 1007
1020 1327
268 1269
669 1075
1096 1516
16 133
262 1377
373 1140
511 949
398 711
879 1057
959 1481
750 1495
144 1387
1326 1364
343 1313
1359 1536
130 645
778 871
172 688
185 1590
1145 1475
115 1297
266 1150
122 663
788 1368
733 839
410 527
654 1060
38 935
100 508
867 1405
629 815
18 1057
207 1461
943 1270
175 1169
765 871
183 1107
791 1491
612 1063
90 1222
136 1127
247 629
692 839
649 892
229 1260
838 962
285 834
1174 1279
123 707
804 898
1229 1562
106 1122
981 1168
56 1424
735 870
798 874
958 1513
1161 1562
633 1461
329 1507
20 258
558 749
45 280
1217 1489
899 1277
192 854
303 1550
778 1577
876 1148
166 462
190 1353
251 1371
813 1174
366 503
1372 1375
624 1231
255 696
12 185
312 1367
246 1423
500 833
225 677
681 1596
206 1185
247 1006
786 1462
293 1213
294 1060
145 730
450 1076
434 679
374 1464
140 269
661 1135
227 806
332 1318
512 1542
836 837
338 1464
78 746
300 501
358 1541
16 206
168 216
115 900
367 950
796 1319
60 1553
371 1109
398 653
677 882
560 780
809 1350
129 1023
136 193
995 1043
7 605
480 1071
1154 1276
332 1121
405 1224
699 1360
293 569
1079 1311
1049 1485
489 654
43 483
708 1523
291 1570
739 1479
126 1478
1351 1488
733 1069
891 1475
878 963
285 1168
522 1162
297 745
748 997
751 1228
246 846
654 1012
210 765
832 1531
1205 1352
52 581
148 306
297 1542
735 1145
1106 1347
403 1218
1058 1565
41 371
74 1202
361 1278
627 960
10 922
268 1212
961 1128
508 820
311 413
697 819
195 592
524 969
706 1260
651 905
1004 1593
892 1289
373 926
1057 1307
901 1086
1006 1040
1342 1595
508 1416
391 416
68 652
4 336
147 175
824 913
453 701
605 621
66 444
494 900
208 302
152 1015
769 998
272 1119
819 1556
1 215
550 1373
387 1537
614 659
766 983
276 599
1046 1182
121 1600
103 262
574 1569
940 1196
237 867
827 841
1394 1505
204 1100
506 985
699 879
1134 1234
180 378
323 1220
1130 1366
256 419
443 1422
713 736
724 1409
121 926
215 1021
326 1278
196 299
7 641
71 376
46 1375
1171 1440
518 723
346 1240
112 1269
884 1399
445 1593
1059 1097
363 673
135 1441
532 1407
27 1398
909 1121
159 1016
119 160
130 1448
628 1026
640 1554
878 1140
433 566
751 1037
108 490
358 932
851 1337
1417 1462
437 1425
190 1355
839 1253
680 875
164 223
202 324
396 521
875 1453
764 1304
704 1100
1347 1522
914 1077
536 1299
192 1490
736 1314
486 971
1551 1591
1160 1357
776 828
69 161
1056 1380
769 786
273 932
1034 1320
385 1588
561 928
328 339
209 345
180 1095
238 665
193 475
56 1425
54 1334
491 940
50 1513
711 1095
124 740
354 741
486 595
134 583
343 386
108 1187
516 1124
342 1370
806 1413
320 1144
82 752
1068 1102
439 1526
2 1473
796 1267
156 331
1416 1437
478 1501
95 1426
272 440
438 1122
618 966
962 1022
930 1517
437 767
883 887
395 1490
734 772
786 830
317 535
1167 1540
647 818
1062 1127
1350 1382
297 820
314 402
288 538
1021 1080
48 866
48 505
43 1332
844 1232
28 525
709 1491
179 1354
430 1375
28 906
250 1447
1086 1304
428 721
127 1026
427 1181
248 1245
1014 1400
219 774
919 1543
420 1033
37 1339
563 1273
1065 1120
406 1566
326 1263
331 1178
937 1568
924 997
276 1273
237 1490
811 1454
1204 1430
394 616
930 1433
495 1229
169 223
739 810
914 1185
388 1074
1196 1348
1414 1521
768 1080
703 1597
224 1088
125 1303
135 903
896 1378
465 920
37 263
555 936
348 715
580 1349
1172 1217
310 442
678 1242
265 475
93 1129
652 1199
658 780
988 1329
111 856
31 1579
204 465
680 1505
801 1571
550 1575
310 460
1108 1419
753 1087
459 570
34 1521
356 626
84 816
672 1540
890 1494
1065 1249
128 449
82 1444
453 1296
274 496
232 1096
183 1271
897 1345
547 1595
752 1114
387 984
757 1266
304 1089
142 1599
908 1357
189 859
519 1576
350 1389
905 1247
87 348
1000 1433
335 685
246 316
313 1380
814 831
740 1220
221 522
449 879
1075 1194
848 1131
318 1358
101 1088
1166 1400
565 1126
242 1414
45 186
58 1446
117 251
277 368
369 1404
497 1453
1259 1580
856 1305
652 1104
27 1198
133 463
129 863
789 1002
100 592
360 1478
713 1018
64 1092
646 1069
223 359
656 690
258 379
608 650
1376 1511
1027 1485
1157 1219
151 979
341 1407
179 393
397 987
202 1072
731 1366
1276 1555
317 994
755 1275
934 1300
471 982
178 856
555 1054
1184 1428
217 720
163 1258
812 975
53 199
49 1059
62 221
247 865
891 1303
39 1560
314 1471
1149 1251
883 1022
1021 1343
583 671
31 257
528 1494
954 1533
1169 1320
88 302
41 255
196 503
859 900
92 892
420 613
128 872
191 1007
253 1008
695 1156
180 936
44 1241
1116 1138
56 472
977 1397
59 479
165 1188
136 318
81 1450
19 1096
934 1268
1293 1571
1429 1532
377 1512
1208 1268
595 1419
257 1042
763 1292
2 1579
1188 1338
189 556
1241 1393
422 786
232 969
377 1287
425 1225
588 1143
105 600
615 1180
149 609
165 943
402 556
457 467
624 888
588 1560
59 907
745 1141
897 1090
766 1045
956 1203
335 481
244 1233
737 1551
334 779
363 501
44 860
339 728
599 1577
138 211
607 1325
162 1144
295 883
55 438
782 815
517 1447
1340 1477
66 1315
993 1070
700 1286
575 1283
3 194
301 605
20 1423
350 708
281 722
126 245
636 694
580 700
208 611
1306 1521
119 398
145 537
481 739
148 1446
898 935
1000 1354
1369 1562
257 281
335 578
196 438
693 1003
981 1334
1009 1277
299 535
11 762
483 499
594 596
214 1341
421 1356
1558 1596
273 412
163 1387
585 1115
1288 1501
334 471
824 1209
537 543
954 1298
729 1219
1103 1187
122 787
183 1094
13 404
35 1343
775 1486
263 1337
249 1423
462 1531
683 1406
591 638
34 698
698 846
680 972
289 1254
379 697
1064 1521
517 692
1099 1158
904 1419
1108 1586
490 567
536 1288
869 1582
116 1263
423 491
756 1422
195 308
1358 1491
497 821
185 356
310 500
757 1183
