1600 100
1020 1300
519 1052
534 686
461 647
718 1206
638 1106
1228 1539
286 547
451 1054
628 714
620 947
576 1579
933 943
843 1434
164 716
692 1262
43 1027
941 1039
1004 1204
396 647
591 1316
555 1259
55 701
1151 1152
27 321
1062 1242
216 1066
1235 1377
965 1309
112 264
93 1016
954 1335
329 1585
576 1304
400 1044
265 883
311 557
341 1083
321 598
708 1553
423 1012
96 1410
464 921
1461 1473
215 918
929 1356
270 506
217 628
163 202
817 909
317 1535
1027 1100
632 1330
1060 1307
36 69
629 1294
1056 1065
214 823
376 705
300 1158
479 934
1032 1403
267 953
330 1119
763 1440
546 1408
818 1211
145 1256
196 758
1265 1305
398 710
867 1170
1437 1481
601 1099
1358 1426
443 1053
940 1050
589 1564
709 815
123 983
125 535
853 1546
1361 1598
173 1457
50 212
359 729
508 1456
1002 1589
380 953
619 1409
748 1312
329 843
181 899
61 1129
467 1213
665 978
46 100
42 441
465 825
32 1568
