594 1188
420 519
91 586
124 581
71 376
150 503
146 283
189 224
17 438
89 486
84 286
448 525
467 517
76 502
143 287
409 584
160 411
218 426
46 112
243 541
268 378
212 442
128 584
12 134
3 266
421 546
10 125
301 355
246 590
505 513
22 85
148 548
58 248
412 501
74 231
236 439
237 460
120 261
372 448
438 543
498 526
288 441
18 357
43 528
42 204
170 199
196 309
218 231
329 492
179 451
282 349
162 281
18 442
51 447
186 240
72 374
322 405
102 582
228 426
129 132
314 508
37 414
1 165
103 519
439 442
42 450
27 354
86 256
40 195
344 490
4 544
435 523
472 517
6 346
293 468
306 494
68 465
111 462
514 574
24 492
278 458
465 532
25 202
179 336
375 434
173 555
216 218
461 540
442 526
38 552
111 532
415 531
394 506
16 252
116 467
91 364
482 487
50 207
235 360
105 508
267 457
51 194
37 81
286 542
47 564
75 306
63 273
356 406
369 401
45 544
69 254
219 340
112 393
162 449
43 204
436 446
289 319
93 244
109 124
284 338
191 372
277 567
52 551
196 504
95 256
45 514
244 360
158 296
13 452
313 521
91 200
379 552
68 147
413 591
3 346
78 551
281 571
287 574
284 375
109 315
173 195
11 62
324 417
50 422
135 415
141 478
362 426
282 381
71 156
206 230
74 384
291 424
54 588
49 54
183 272
10 209
313 452
74 282
443 557
264 347
111 331
58 337
87 142
83 388
263 562
383 394
140 301
476 530
285 523
226 514
376 509
548 592
87 554
225 446
149 431
69 440
456 525
213 484
6 185
80 491
419 425
2 117
294 405
240 569
35 172
398 497
85 380
352 466
139 382
20 92
453 565
163 563
395 425
103 347
190 361
52 170
383 461
29 237
245 456
60 526
463 567
84 311
80 471
152 466
380 582
70 264
208 236
546 581
381 549
7 571
187 219
191 433
99 429
211 578
75 542
556 593
83 387
222 565
143 167
206 450
336 472
32 67
61 533
151 485
433 491
189 268
41 445
257 333
235 410
78 312
250 451
562 577
73 380
57 231
408 518
327 471
29 284
14 48
107 379
56 496
93 313
223 320
77 194
192 317
393 413
536 586
196 411
280 496
297 375
13 100
96 463
365 419
55 92
224 326
260 456
298 520
310 531
122 480
536 547
106 336
511 572
113 360
258 332
28 276
537 569
140 411
100 522
305 494
291 545
133 455
139 444
381 383
156 477
123 126
6 422
72 537
180 453
399 464
72 532
334 464
82 587
67 377
312 550
434 569
479 522
80 169
1 332
85 88
209 504
452 535
371 580
92 104
98 562
105 468
203 345
65 544
198 524
106 138
87 155
252 256
115 454
128 563
298 345
385 400
19 590
401 507
145 344
337 408
48 146
19 378
358 399
240 341
206 510
45 59
143 368
260 302
106 370
92 307
137 556
146 330
144 476
319 578
370 585
60 134
415 445
88 182
61 292
228 244
35 162
165 279
117 157
104 247
238 304
363 465
204 482
322 332
125 522
31 424
166 265
122 240
222 575
45 174
338 489
192 348
513 556
379 575
16 343
54 296
467 534
9 323
155 229
61 349
280 447
22 124
267 517
289 364
180 414
116 256
152 397
120 223
135 418
125 307
191 398
66 151
138 297
172 547
268 317
127 164
543 559
136 238
208 339
21 316
162 227
15 317
215 430
89 539
47 443
276 319
128 554
361 382
138 251
167 575
144 594
94 552
308 352
186 250
348 433
197 564
99 489
364 384
428 541
539 553
137 435
171 310
106 111
321 585
86 428
176 371
266 405
343 521
110 492
308 501
136 561
26 278
134 293
7 343
161 538
65 481
82 118
261 527
20 299
486 553
349 490
285 572
36 258
34 542
121 130
145 307
271 318
108 114
55 358
238 425
216 440
441 451
274 296
95 250
179 555
500 520
427 587
157 288
247 520
33 389
235 480
90 268
207 213
263 550
131 569
201 323
209 241
49 279
207 236
47 544
420 496
248 295
404 487
522 576
394 429
2 446
232 512
391 422
215 581
436 543
184 300
288 359
158 282
119 565
465 484
36 194
21 510
153 241
44 393
88 582
178 574
83 394
133 157
205 436
168 474
44 180
537 560
24 549
185 470
438 473
430 501
90 160
2 455
140 251
90 326
335 530
193 297
136 491
15 205
14 573
97 291
470 573
153 567
178 188
414 511
25 307
265 403
324 377
252 571
366 399
42 202
546 568
390 524
154 540
57 510
34 553
94 518
62 91
121 171
73 188
152 440
35 226
340 536
232 398
116 129
188 239
176 272
156 350
389 416
109 115
249 540
220 464
30 559
62 224
531 574
312 374
31 450
485 506
271 331
277 457
78 444
159 498
305 545
341 387
181 560
432 454
63 175
168 499
101 318
110 214
169 474
150 448
211 414
38 81
328 434
488 511
44 470
86 290
37 232
175 594
153 205
21 229
211 559
10 310
508 588
62 342
24 520
369 416
323 390
346 435
160 380
228 281
28 249
280 409
86 119
343 369
259 359
276 515
216 357
418 588
404 538
304 500
4 284
242 292
79 327
51 482
94 406
327 371
204 513
3 18
130 563
210 459
72 119
390 539
388 407
213 217
70 396
130 396
152 309
17 488
161 573
570 580
48 566
459 471
57 272
123 590
382 437
354 424
456 584
193 528
412 459
12 506
38 429
255 472
277 315
179 530
7 220
275 378
221 568
221 283
441 478
178 564
176 450
524 589
349 458
401 583
328 432
8 377
148 503
167 469
104 223
243 280
63 217
214 579
537 573
20 333
88 202
443 495
27 555
247 579
56 200
410 433
363 412
103 186
469 505
328 368
220 437
139 291
351 396
395 523
262 430
472 558
178 323
29 168
9 245
123 209
196 487
577 592
9 506
105 197
33 407
367 474
177 305
384 507
483 521
64 177
51 354
515 524
166 495
403 466
344 362
299 552
351 495
382 568
30 215
13 197
110 512
149 591
97 560
164 463
224 505
66 581
59 259
203 504
226 264
497 579
242 481
376 576
102 594
48 56
52 498
198 339
39 227
283 386
360 447
35 548
169 174
30 270
381 514
364 517
98 578
549 570
134 508
26 253
53 144
67 289
79 575
325 591
342 529
210 490
257 498
80 285
98 437
417 593
65 401
292 423
57 399
457 547
144 413
269 372
138 488
75 406
122 330
359 392
363 460
338 518
262 475
460 528
412 434
40 173
168 321
115 154
143 230
361 587
261 519
193 409
235 586
102 273
363 386
46 533
350 368
219 266
30 576
264 315
71 435
107 259
195 457
142 540
227 559
40 311
33 210
229 432
246 491
299 344
137 171
448 478
71 325
121 334
101 199
87 541
139 175
534 572
160 387
325 571
40 516
132 163
336 444
31 463
24 431
55 104
314 542
184 475
26 431
73 528
267 458
124 316
201 334
126 167
135 410
44 527
147 551
420 561
142 206
41 339
23 232
208 408
112 141
409 449
70 114
149 315
108 262
47 166
132 478
12 451
161 403
170 582
76 479
29 34
114 383
99 137
217 245
338 547
193 500
50 181
3 118
367 416
107 449
249 460
233 452
226 310
131 563
6 65
39 565
113 477
118 592
306 400
287 389
234 400
64 207
248 370
225 263
455 499
221 289
267 489
237 321
141 395
426 447
242 429
302 583
427 580
187 534
270 339
189 384
148 558
320 516
82 480
436 515
76 467
75 407
68 333
33 258
158 308
483 497
127 187
351 487
58 154
17 416
260 497
255 480
199 529
53 493
306 428
43 215
200 352
32 58
269 329
107 276
12 371
53 212
421 529
234 470
248 300
445 570
295 477
131 538
385 427
502 523
462 583
77 320
510 580
184 299
492 576
395 495
14 483
354 445
227 527
100 535
473 493
191 352
219 262
301 535
117 294
77 560
84 94
108 505
331 458
27 477
154 419
14 125
214 418
185 197
275 298
159 539
402 525
221 404
132 386
5 229
329 335
373 485
234 484
468 587
303 341
243 531
303 358
174 252
129 348
479 561
17 551
142 271
236 558
53 181
81 413
292 583
353 515
60 287
313 392
325 372
201 278
23 294
67 230
353 402
46 164
145 503
279 386
301 357
96 423
126 238
169 182
290 493
251 439
70 402
272 309
317 334
259 350
247 557
182 589
216 554
260 321
101 557
97 233
212 518
165 366
180 365
269 558
119 294
170 275
255 311
141 462
286 342
253 365
59 246
93 535
269 466
41 273
95 218
246 369
121 173
186 423
133 242
203 443
234 362
192 355
69 359
335 590
257 398
89 589
171 190
184 415
52 507
309 502
20 453
319 320
60 385
297 328
85 314
340 393
64 93
15 556
278 468
300 512
362 391
388 585
155 233
455 483
332 417
7 251
22 147
469 499
392 538
397 484
231 241
129 392
120 356
228 592
98 253
114 181
130 330
266 579
288 379
66 405
127 254
21 554
283 577
290 572
261 454
23 192
37 274
327 356
126 277
16 316
293 329
473 586
449 504
418 469
39 408
28 109
11 566
279 550
175 561
303 486
68 145
73 128
199 222
322 513
295 421
300 431
198 274
155 189
370 419
314 331
8 249
326 378
183 543
69 156
31 397
271 417
99 454
188 223
220 438
439 519
2 241
4 367
361 430
177 420
148 324
49 345
133 500
355 357
318 589
239 485
42 400
78 516
43 482
488 530
32 64
295 302
118 304
185 545
74 322
422 464
135 444
172 208
10 59
150 376
570 593
212 389
19 237
8 368
100 503
96 324
146 164
177 316
337 424
13 210
423 512
79 96
26 255
89 440
341 366
476 591
358 479
5 41
159 273
63 342
11 245
250 348
225 270
54 578
28 432
140 475
281 475
151 308
25 49
90 258
113 116
296 365
61 161
172 375
158 594
36 195
18 441
95 239
83 521
233 355
410 546
127 550
516 568
526 584
330 411
82 567
97 200
428 585
123 213
102 333
32 509
509 549
356 557
194 566
166 201
476 566
453 536
1 253
11 285
150 198
374 459
350 588
326 404
108 502
22 225
337 555
66 270
56 446
183 533
112 532
391 471
153 176
113 120
4 318
27 391
254 577
351 501
157 217
353 407
122 290
38 481
8 305
182 421
55 346
374 387
425 545
190 298
222 481
489 553
275 474
263 312
390 509
151 533
257 397
366 507
490 493
23 340
103 131
147 385
239 461
9 461
335 388
46 230
19 174
149 244
15 367
5 101
136 402
1 562
81 511
243 274
79 265
39 286
36 406
76 254
214 427
205 377
163 303
203 373
183 529
16 84
396 496
373 548
462 473
50 163
403 593
105 345
311 534
5 525
347 353
34 202
541 564
110 115
77 494
211 347
117 373
486 494
265 302
25 437
165 293
187 499
304 527
159 190
