1012 2530
288 798
37 423
332 637
661 871
845 996
697 864
118 623
102 841
50 187
469 794
107 680
94 1005
96 540
318 598
376 411
506 891
333 762
20 890
480 863
468 751
182 389
239 631
656 736
17 244
21 1000
686 787
378 735
207 643
523 562
336 934
8 829
139 253
37 40
121 466
949 995
656 973
381 476
631 784
302 519
54 66
160 817
47 888
406 594
604 647
417 847
204 931
230 679
165 619
9 233
163 962
974 1006
179 812
286 813
259 795
941 961
185 989
740 762
668 916
865 911
65 145
349 561
345 1008
379 987
45 424
31 892
565 737
138 984
242 773
81 439
663 744
203 519
151 576
109 300
141 890
502 570
199 359
331 622
562 763
257 620
691 738
274 837
310 845
383 673
316 943
396 808
878 953
882 919
637 686
29 410
543 751
544 950
710 754
286 597
108 455
98 221
376 812
264 829
57 786
402 849
92 196
659 791
289 739
267 376
319 438
153 172
140 881
110 201
52 277
434 548
88 400
392 937
924 943
56 256
414 734
352 716
394 948
621 702
213 332
244 930
371 933
10 180
6 876
114 997
11 111
487 848
207 296
23 497
122 533
403 603
511 574
222 641
79 708
235 639
516 776
519 869
440 938
468 930
391 751
5 554
457 962
764 997
193 676
267 617
242 529
113 864
279 687
299 747
363 552
53 463
352 559
800 949
67 992
150 557
21 785
297 543
224 467
677 886
532 803
357 723
356 593
60 957
559 856
235 858
234 465
93 651
15 754
389 861
330 749
232 773
564 948
612 867
692 826
638 984
185 869
540 723
183 423
382 566
238 507
128 211
419 958
307 753
392 640
342 729
294 440
147 203
454 620
135 962
255 530
365 610
150 905
94 434
117 479
464 987
420 850
764 985
413 482
527 564
143 647
412 614
155 187
401 525
325 497
232 341
418 801
492 661
699 852
18 639
226 681
629 681
354 547
9 431
588 929
671 925
132 526
768 780
682 736
425 584
416 835
369 568
26 122
503 676
22 636
287 346
56 1006
747 854
46 673
197 229
437 620
53 720
619 1004
152 325
755 980
125 871
558 838
701 775
493 543
254 663
454 587
18 135
232 694
843 885
92 788
545 646
279 811
153 818
480 514
437 791
464 974
595 790
77 470
665 881
152 607
193 301
113 312
412 927
784 885
166 391
273 769
78 343
636 748
4 446
509 940
551 1007
679 800
194 409
450 547
188 417
38 841
351 880
408 504
142 971
364 942
374 882
291 742
337 883
72 944
478 878
105 867
409 782
175 968
512 620
585 833
142 706
270 836
20 537
16 314
347 819
99 771
764 917
190 429
326 929
15 612
503 613
366 892
712 944
513 759
531 989
187 301
828 1008
236 1012
57 683
91 236
31 291
113 819
65 410
35 103
360 630
101 505
591 897
457 692
238 780
263 288
454 622
100 898
843 894
560 608
260 922
463 579
500 921
844 950
794 986
876 937
33 138
384 1010
282 854
347 754
751 808
833 877
16 904
160 894
323 586
644 818
623 659
271 527
914 916
514 745
315 616
169 373
842 960
743 829
174 826
496 849
404 990
507 512
556 759
153 428
448 779
328 550
313 780
179 850
212 645
76 834
225 872
177 388
484 963
459 495
537 591
534 970
235 509
518 679
251 497
212 305
383 853
38 785
643 850
112 790
177 893
270 726
243 576
454 665
789 844
398 525
511 976
569 849
407 952
374 1006
452 840
232 604
389 460
343 938
397 514
129 764
42 655
34 745
219 262
62 125
430 633
64 836
949 952
306 1000
263 806
27 435
469 892
388 813
740 936
300 446
274 532
503 513
409 852
294 369
307 970
785 867
61 506
144 559
388 722
420 750
37 189
69 784
320 952
173 995
307 929
180 209
94 287
118 364
44 290
269 625
70 137
132 987
89 311
342 370
149 481
539 704
304 571
317 363
752 867
212 877
102 305
85 876
234 310
187 765
45 847
303 427
699 860
435 935
639 940
10 613
336 893
176 945
41 980
742 923
596 976
32 862
581 1007
139 511
102 988
415 575
88 688
483 594
517 774
216 921
308 328
88 319
263 605
230 241
439 579
421 771
33 796
298 670
221 435
560 879
28 1004
8 255
241 494
11 801
53 65
122 1003
854 886
741 782
517 996
268 415
181 258
738 754
373 888
953 1002
367 457
531 730
452 660
197 956
356 666
3 520
200 975
893 921
505 734
304 665
190 753
666 962
610 765
67 955
340 958
642 807
277 566
121 286
694 914
78 909
684 724
589 928
177 738
447 732
240 985
832 919
536 905
405 828
174 451
5 491
627 742
34 582
258 814
24 932
5 248
588 621
109 661
461 600
163 360
7 737
306 516
404 622
705 824
290 512
314 406
321 403
166 664
159 306
116 944
203 421
390 531
605 999
56 304
343 606
81 400
31 118
570 649
163 769
192 935
571 604
359 457
89 348
725 877
776 991
578 631
551 727
94 922
520 688
33 443
240 602
675 767
694 979
324 442
500 894
110 947
287 823
493 711
238 429
724 934
555 927
89 777
123 946
203 303
508 983
53 601
97 554
789 858
1 151
666 686
500 816
942 955
356 846
332 707
246 628
335 348
264 428
231 492
522 963
39 596
260 941
485 957
87 560
415 752
320 373
398 1008
904 927
106 749
387 819
347 505
92 503
257 514
513 689
69 193
113 133
138 205
3 595
161 467
706 836
608 996
222 961
227 621
724 745
150 387
13 651
417 727
274 419
466 940
19 725
84 381
206 708
459 911
445 742
406 542
224 656
280 486
433 706
422 594
361 720
318 431
366 873
147 472
553 1007
246 902
335 951
248 508
381 555
642 755
6 597
253 718
491 862
595 658
55 127
24 122
266 370
396 422
206 1010
169 646
800 961
386 946
536 845
478 967
58 218
455 635
76 219
195 980
592 905
542 965
378 526
190 358
52 94
63 741
798 818
494 740
119 655
17 638
260 510
108 708
180 531
4 700
339 609
258 922
288 448
367 649
183 793
438 671
473 884
176 459
655 930
221 351
168 491
435 913
19 886
14 622
110 458
192 943
101 883
755 972
518 920
126 695
54 683
70 525
202 488
123 399
85 423
461 921
330 672
174 395
917 945
12 599
676 1010
445 454
427 645
21 80
160 243
103 249
85 379
783 959
205 926
147 502
458 1011
492 1003
761 859
26 543
200 734
557 1006
28 174
192 635
398 832
824 898
624 817
344 351
36 812
383 973
689 816
173 478
251 389
820 910
477 932
233 824
280 648
424 906
283 349
164 695
344 716
51 769
276 548
32 1006
283 373
81 617
538 1011
494 684
162 568
147 171
720 969
313 964
273 926
81 489
126 557
250 866
74 378
651 981
124 291
304 832
386 783
521 941
888 955
73 838
714 858
324 728
196 960
33 831
182 261
494 937
372 484
393 945
6 363
763 862
280 734
546 558
667 909
125 911
537 796
437 566
602 874
645 819
726 820
57 101
644 915
460 923
624 860
109 353
303 373
117 474
573 860
58 733
96 777
93 356
461 581
436 722
293 936
863 958
198 856
640 697
806 956
87 530
719 856
756 887
626 770
209 553
189 195
384 414
443 789
346 407
80 357
48 767
71 901
482 583
439 449
462 836
181 391
634 948
901 998
112 692
202 802
70 148
375 959
737 894
647 873
105 327
379 714
248 843
289 460
27 502
501 815
441 794
179 988
138 237
151 842
879 982
377 508
32 739
591 775
159 799
139 452
466 675
581 751
217 975
854 895
64 786
286 481
8 119
210 978
314 567
582 972
74 953
48 749
108 794
185 923
768 807
612 670
68 814
110 604
174 323
69 275
437 572
218 370
562 707
472 861
75 534
159 859
120 571
336 650
549 702
572 986
140 985
312 740
566 643
30 639
52 575
509 996
402 839
305 515
840 951
89 967
139 951
479 955
224 774
304 412
127 167
58 744
493 602
83 846
265 623
171 295
718 783
730 804
357 590
356 371
670 960
234 588
233 709
325 507
214 766
504 605
290 299
403 608
2 878
354 367
294 805
84 845
301 334
237 868
136 327
12 853
654 735
43 589
542 774
418 511
794 1002
674 902
571 704
440 1003
436 704
254 551
536 567
438 524
576 943
261 793
226 760
326 965
436 1000
756 835
112 603
223 477
582 874
231 427
229 776
206 446
586 990
581 927
56 801
498 587
104 211
397 970
75 438
453 964
92 570
297 615
52 618
193 899
91 169
19 379
541 842
281 292
57 519
156 589
569 678
601 630
398 528
536 934
154 577
79 737
467 1010
51 249
255 909
495 761
311 630
792 896
185 800
117 719
65 151
476 909
385 765
795 865
697 727
208 337
127 652
193 303
372 684
100 543
618 681
413 965
364 745
523 1012
357 974
762 890
274 868
453 694
476 868
210 822
39 161
134 816
496 593
456 483
93 252
6 194
345 953
60 77
138 329
723 915
154 714
17 938
365 658
151 171
866 960
411 864
659 878
721 820
369 547
408 488
165 499
482 700
708 767
487 865
176 939
706 778
145 699
320 400
77 709
670 979
950 967
791 1009
412 613
144 156
183 660
178 577
288 512
683 939
360 796
207 253
173 690
585 700
228 658
833 982
490 614
214 217
125 264
592 715
131 178
80 526
491 804
384 832
334 744
234 639
485 942
3 281
247 873
252 862
486 627
173 385
395 643
795 945
153 655
632 684
633 1009
29 250
222 629
293 1009
200 884
399 741
419 478
206 619
537 767
106 766
36 82
165 698
214 899
349 539
768 991
162 983
549 693
3 137
308 573
44 610
131 674
413 999
492 595
308 874
359 882
98 599
599 650
696 855
541 643
104 997
852 971
361 813
532 914
415 644
277 507
485 657
402 758
673 815
437 875
879 885
4 585
157 722
145 580
677 756
628 980
266 677
225 608
49 663
220 946
129 697
227 474
195 752
168 444
178 805
188 201
545 687
528 638
115 335
146 603
612 665
371 480
97 471
534 707
266 755
141 456
354 488
142 570
284 902
184 219
420 425
331 535
413 414
239 949
772 848
651 895
513 678
817 982
17 98
49 420
671 914
336 817
49 458
146 920
831 966
229 872
740 761
215 275
116 978
282 830
276 361
76 521
499 632
172 552
705 752
335 787
541 908
220 445
209 471
690 784
646 830
712 947
127 309
146 748
363 392
642 736
9 521
563 983
267 563
194 685
104 432
574 752
477 975
480 729
561 642
757 891
693 984
529 760
40 111
329 411
449 719
648 707
222 422
376 473
199 889
418 433
28 824
834 853
547 875
201 616
24 591
483 489
1 634
51 152
408 538
15 816
226 231
764 810
709 838
650 671
364 547
510 828
326 787
432 937
606 645
22 80
510 542
276 789
260 766
50 457
213 895
147 268
10 879
249 359
317 404
215 300
783 799
275 821
353 596
40 421
69 338
84 552
338 551
61 582
319 616
63 679
58 572
691 985
444 955
82 994
319 964
90 416
139 689
309 701
398 802
524 799
210 470
694 925
79 827
375 716
249 986
257 709
19 799
714 772
579 939
210 578
920 953
230 664
47 256
108 558
424 1000
254 645
708 757
461 677
137 592
194 906
198 683
83 220
514 702
401 931
319 579
129 701
208 425
188 211
492 696
181 462
178 198
58 252
797 882
797 983
416 591
288 343
312 388
119 362
202 905
594 675
242 395
607 790
218 918
973 1004
569 634
34 731
130 146
119 621
565 576
408 939
770 790
39 128
323 368
132 163
611 795
441 583
407 579
36 362
105 594
349 498
87 445
54 86
761 775
273 969
56 176
143 368
561 907
121 433
311 1001
613 628
239 977
544 606
272 610
501 936
489 548
208 303
59 170
27 775
759 869
913 935
802 913
135 703
301 414
407 546
69 342
415 969
164 886
195 931
118 502
405 992
190 910
261 710
25 705
899 941
515 743
726 777
18 497
136 710
286 719
236 730
290 331
124 189
810 837
99 717
40 743
525 986
691 787
90 933
456 797
73 887
826 827
137 964
476 732
321 333
561 573
247 448
640 750
294 773
517 744
215 515
831 928
223 917
717 906
329 733
601 907
362 446
487 963
963 1003
397 808
273 501
496 825
460 732
746 971
548 868
475 822
241 627
85 473
169 351
141 649
64 374
198 424
216 411
310 853
663 973
136 156
533 781
817 978
19 38
540 624
251 360
157 658
271 318
850 933
317 416
52 746
59 250
10 256
734 818
726 830
71 627
142 864
311 972
231 678
611 836
633 977
133 616
171 194
282 634
246 299
104 798
449 890
200 350
240 539
42 165
773 889
60 922
44 122
120 365
401 891
204 469
259 272
753 995
339 341
375 633
513 905
235 562
70 90
378 567
657 715
430 968
4 309
71 626
144 180
324 763
143 883
12 241
328 391
668 998
83 100
469 626
178 534
758 792
133 662
465 846
154 466
575 823
295 404
366 615
351 359
526 577
355 669
578 679
750 942
275 900
123 412
358 597
439 468
475 733
130 413
47 299
72 234
190 792
210 884
282 568
464 998
453 901
265 842
237 368
13 118
285 965
91 148
536 559
235 749
759 891
116 685
496 761
292 539
465 491
140 341
256 586
73 196
14 665
239 528
482 507
554 757
77 588
55 567
86 157
90 926
87 924
267 696
309 654
146 716
421 899
433 522
607 951
640 700
209 545
350 468
116 928
574 656
42 659
18 227
623 888
189 255
347 825
891 956
117 132
48 153
374 908
427 475
179 562
472 646
2 800
635 977
111 539
168 669
677 967
135 631
700 826
212 471
575 924
172 501
128 559
8 158
481 881
91 553
75 129
465 798
170 580
775 993
830 898
298 306
499 731
201 698
102 927
107 910
786 1002
786 869
466 1000
298 833
540 724
666 785
369 558
161 283
38 771
725 910
829 896
324 603
222 369
191 711
184 791
580 781
62 903
47 67
389 729
451 779
23 486
185 1004
841 848
225 788
121 571
686 731
396 498
95 448
598 745
44 62
298 652
310 837
86 388
41 248
31 510
607 926
611 992
806 954
5 455
47 163
16 501
167 629
258 268
255 722
182 447
418 887
271 315
191 582
329 925
18 678
120 538
299 517
493 590
283 715
353 633
46 442
550 707
361 912
549 647
120 232
131 1001
187 322
748 954
221 788
270 871
296 605
41 123
316 855
347 403
259 925
403 569
158 667
237 450
66 459
266 899
380 624
779 948
363 805
108 966
337 847
674 738
400 630
382 929
252 584
782 960
717 949
145 520
240 293
435 818
432 780
60 401
469 918
333 974
213 340
49 362
417 774
362 903
134 410
434 742
130 583
834 903
416 957
529 771
404 851
175 626
109 583
321 467
307 470
80 309
574 821
243 747
344 925
458 653
439 461
54 85
873 933
699 710
110 197
682 690
548 693
517 825
136 611
355 733
382 385
449 810
722 849
475 609
37 716
242 287
662 696
164 537
83 792
230 459
284 783
270 535
75 144
25 249
71 954
746 988
340 660
552 765
897 986
82 284
32 284
158 386
77 768
259 683
93 989
75 186
590 779
8 406
524 991
427 654
383 420
132 162
533 825
26 134
481 843
289 440
652 863
685 749
224 617
68 216
621 917
164 715
92 481
332 613
14 425
140 409
285 334
67 1001
30 939
480 635
455 688
430 523
7 629
20 982
63 661
96 205
614 746
563 970
641 664
154 840
675 973
460 780
713 998
204 699
117 652
160 561
361 900
244 724
238 434
432 897
229 503
172 653
97 177
585 736
857 912
443 756
801 928
121 985
322 616
26 216
691 711
183 976
570 974
53 311
760 827
315 685
280 569
758 762
528 587
50 598
35 880
79 348
148 900
581 715
237 840
112 671
346 489
66 322
827 860
61 848
43 51
308 590
74 208
113 489
30 273
219 395
88 1008
452 564
116 152
68 712
692 754
586 851
189 940
167 205
625 855
217 773
352 932
321 750
558 936
504 743
320 410
330 655
374 505
316 393
644 812
372 784
333 631
11 934
130 260
213 978
188 802
11 25
133 155
99 292
179 632
269 895
343 653
636 713
546 874
115 831
739 863
59 840
72 713
442 648
354 968
667 994
807 887
662 718
498 845
246 370
499 1004
20 951
689 712
216 300
270 405
646 888
277 1012
27 723
111 150
360 546
236 348
550 731
103 623
278 442
647 739
44 554
97 244
499 705
853 866
329 969
504 929
13 680
10 772
553 721
83 344
45 786
28 233
271 306
384 777
326 703
394 741
672 1009
478 567
538 750
32 530
490 838
228 477
258 401
544 728
106 265
155 660
463 658
568 872
9 451
207 859
512 762
365 946
95 486
314 730
704 813
508 603
95 563
889 993
12 46
175 599
33 487
426 918
721 803
366 486
434 441
225 923
263 718
333 606
315 488
442 590
358 465
114 385
425 596
518 956
107 120
525 839
860 907
96 857
385 652
506 695
253 680
681 755
402 893
97 476
156 346
418 662
191 445
449 879
217 305
822 967
208 725
600 1005
159 336
115 766
701 727
335 918
770 831
30 597
928 1011
295 938
25 277
732 971
15 609
281 560
198 878
544 598
278 297
274 589
39 691
250 526
473 619
379 471
839 844
607 833
297 1009
5 870
22 688
812 896
140 509
495 808
236 963
29 377
134 518
826 834
345 462
414 781
284 650
91 196
16 587
653 979
41 338
510 690
4 533
339 485
114 720
196 666
981 989
378 1011
720 776
124 614
2 837
65 984
89 184
162 988
728 1012
296 984
473 550
553 748
381 430
285 938
668 781
78 1008
42 673
184 961
772 880
197 628
500 746
27 608
506 584
175 876
261 687
90 935
619 758
21 822
278 849
316 656
809 820
330 940
580 629
93 331
126 584
660 923
535 1012
323 803
95 672
172 966
285 447
223 384
375 695
281 494
341 867
283 944
186 342
15 145
23 864
321 753
239 341
585 618
447 711
148 157
705 861
68 852
275 541
419 835
204 339
586 747
127 856
149 474
59 926
29 168
757 765
99 251
264 391
601 674
74 394
43 429
166 554
247 896
883 991
592 915
779 911
464 673
48 732
104 245
855 924
43 300
282 600
544 729
535 945
368 596
698 842
133 450
380 957
574 870
16 952
615 778
11 463
462 918
353 859
23 245
441 807
51 948
451 641
560 862
143 564
302 601
910 911
609 1007
152 830
72 182
377 552
200 549
604 729
247 618
497 624
28 990
9 685
668 972
502 964
458 861
426 785
226 770
714 944
423 981
313 994
380 916
72 462
135 947
76 136
409 821
821 859
257 875
54 930
217 440
114 735
158 992
659 884
711 987
792 932
426 781
55 377
22 262
63 703
372 811
393 801
328 844
166 451
1 566
450 980
302 914
852 937
14 256
35 782
87 637
838 857
495 778
101 774
167 947
105 482
84 352
422 433
521 721
828 968
109 771
589 994
88 630
806 943
214 803
211 788
204 874
387 718
709 962
344 942
262 555
430 876
100 770
209 214
106 676
246 855
287 999
141 186
250 354
220 822
13 262
520 636
522 565
157 636
381 617
183 340
26 622
472 922
61 130
407 511
261 731
682 904
880 979
167 572
340 735
887 901
713 966
444 540
143 824
600 983
355 587
712 912
654 902
895 913
186 296
868 1001
545 912
218 804
390 576
186 760
228 969
331 996
805 892
565 610
471 797
577 787
577 602
479 593
21 332
35 169
271 988
380 793
593 1002
796 935
84 528
79 302
345 816
788 881
446 535
23 641
390 997
34 527
247 357
490 908
662 872
809 823
424 847
262 804
63 931
171 221
664 846
702 760
149 377
73 777
248 901
45 555
522 632
128 821
168 348
453 541
290 908
66 634
606 810
126 866
848 897
703 919
134 436
266 941
36 393
337 556
103 371
206 744
22 516
289 871
7 545
485 952
24 898
670 695
252 375
500 530
467 978
702 806
68 961
254 857
61 103
20 253
211 483
215 890
115 981
686 1005
487 669
556 839
159 555
809 915
668 835
506 820
105 307
334 674
327 406
243 532
542 916
37 201
181 628
82 220
144 322
463 477
13 851
70 112
2 728
272 444
278 863
452 920
199 228
199 753
76 484
197 387
866 906
474 599
123 276
161 191
125 358
155 399
310 823
602 736
431 778
456 896
635 793
524 965
678 748
366 954
245 805
472 804
96 346
455 584
86 292
523 796
126 175
464 921
508 975
468 769
355 556
269 641
400 690
648 657
496 903
298 444
57 687
38 538
380 583
721 854
285 592
532 727
640 995
327 672
45 1003
649 776
291 484
320 681
182 490
131 397
447 529
78 877
293 719
62 330
62 350
202 680
279 520
245 314
46 1005
410 625
107 970
107 637
661 809
693 982
743 979
272 959
811 950
295 402
738 992
202 278
573 1011
156 815
233 371
650 865
509 710
322 991
515 648
811 823
78 737
428 875
642 936
364 1007
345 421
64 897
42 932
358 850
739 803
55 428
394 767
846 966
154 368
39 192
696 870
795 977
227 443
244 531
165 268
386 692
173 614
81 279
470 915
231 626
625 698
30 644
578 813
149 436
269 778
48 292
814 976
612 672
101 829
519 844
312 315
518 987
565 900
267 958
166 1010
66 798
241 426
281 877
188 933
730 799
227 530
141 475
228 954
207 533
318 479
450 998
769 909
698 832
184 490
676 975
191 600
706 997
170 563
432 688
280 367
892 894
728 815
479 557
556 993
865 924
276 527
611 797
757 912
317 355
223 423
791 834
73 907
100 889
669 741
6 483
382 605
564 595
365 618
578 990
703 851
573 819
265 498
7 872
279 697
871 946
111 119
99 264
74 225
25 956
682 726
50 395
203 615
308 484
393 675
31 158
568 930
664 959
325 916
170 296
919 972
1 7
627 976
790 841
352 981
272 615
289 493
632 947
968 993
429 971
597 680
257 993
338 1005
114 814
390 999
443 875
226 884
456 549
213 350
342 735
588 701
405 687
328 657
495 1001
325 396
550 713
251 809
408 1002
382 551
24 301
327 990
994 999
758 908
29 667
428 733
17 957
254 880
302 313
98 353
263 609
704 835
474 958
82 106
71 229
323 580
326 426
142 841
522 950
759 839
367 397
386 557
523 906
161 810
293 900
41 995
86 376
115 807
95 858
3 98
2 50
124 843
411 572
268 904
205 959
219 717
14 438
339 682
318 349
453 667
390 766
387 405
148 684
35 370
242 858
164 223
102 815
291 295
524 857
802 917
527 851
160 856
238 313
137 422
212 808
149 837
215 417
529 651
12 883
155 488
654 772
195 763
199 441
55 218
756 886
259 782
59 885
129 934
34 383
124 316
192 913
725 814
176 861
637 689
49 885
170 919
429 504
180 534
230 870
546 669
181 717
516 649
131 881
162 931
789 793
396 723
243 245
317 903
337 747
828 873
1 150
40 870
46 240
324 338
394 827
593 889
177 977
893 902
36 653
598 847
392 399
305 620
312 657
128 515
516 898
297 470
269 989
638 904
350 372
399 907
392 448
67 575
294 431
521 617
882 920
224 638
419 763
625 825
431 869
505 663
43 265
60 334
768 811
64 693
