690 1380
376 524
55 590
199 441
215 623
501 619
55 403
252 348
56 437
86 652
520 675
283 411
581 606
88 555
71 130
48 465
228 627
352 416
147 688
191 239
55 96
146 166
67 467
186 259
123 472
383 628
18 355
117 534
15 152
272 653
341 598
43 674
329 495
203 678
241 347
220 665
553 626
211 683
400 437
168 244
100 181
47 663
446 479
498 646
126 530
562 659
366 455
409 455
29 494
282 475
312 436
311 360
380 660
459 526
588 661
84 310
121 190
389 564
191 386
1 383
174 417
279 630
294 384
449 679
457 573
203 215
474 576
9 254
548 562
38 546
510 688
19 464
612 621
264 596
478 557
170 439
297 686
351 536
72 398
278 594
28 191
475 562
38 529
539 648
526 609
66 606
101 340
251 473
329 449
70 562
49 532
101 521
332 413
504 619
255 597
136 689
8 93
492 621
29 69
288 318
245 487
27 54
153 330
202 233
156 461
361 463
37 236
62 321
13 144
271 642
331 589
196 494
321 405
79 139
466 511
201 372
56 488
447 632
464 633
444 454
214 275
282 401
23 212
274 443
262 501
393 687
121 188
192 396
514 638
175 287
577 662
239 681
164 355
223 233
45 217
121 154
526 542
195 517
280 497
183 390
42 62
211 492
300 594
163 376
317 641
351 676
79 678
39 225
604 625
398 613
81 618
67 447
401 675
343 579
278 482
422 554
361 648
14 166
209 603
451 483
319 568
395 616
581 600
363 533
82 363
390 651
434 657
136 173
235 319
671 685
281 327
36 452
172 623
35 379
416 674
314 682
222 638
125 452
531 614
436 529
157 218
218 435
19 577
290 501
209 313
188 433
301 329
148 666
24 259
32 480
429 431
65 238
67 578
195 256
551 575
364 653
200 652
499 567
113 599
263 487
328 340
165 576
93 359
428 563
109 346
413 558
393 654
391 520
220 418
313 658
435 490
37 263
31 270
172 347
409 438
150 536
6 298
35 470
406 426
8 176
24 381
607 673
101 304
67 521
230 310
550 560
128 333
320 367
275 486
256 484
198 685
116 428
93 442
157 645
53 509
49 550
543 601
15 114
99 140
325 617
75 407
385 540
210 548
222 602
141 277
600 666
359 646
97 547
76 136
204 410
420 421
248 394
248 462
10 474
371 466
70 649
324 549
34 381
150 560
305 332
296 428
491 644
149 556
424 479
46 684
173 243
315 506
37 77
222 245
144 585
45 389
611 659
130 178
116 240
339 344
98 123
117 164
32 593
95 140
106 124
251 676
536 660
541 615
103 499
531 583
436 672
417 648
342 483
218 489
265 346
415 530
184 292
343 495
21 193
455 519
1 568
575 645
560 609
398 419
372 634
367 387
28 440
16 132
88 542
6 366
145 245
76 214
92 183
7 644
586 617
358 668
348 559
142 302
221 373
216 566
14 508
108 206
185 245
224 281
338 381
503 631
338 545
21 356
368 635
172 395
325 641
120 548
515 639
73 396
171 637
255 356
370 586
85 601
61 552
308 632
492 668
344 605
143 164
456 651
184 462
459 656
137 478
485 527
62 246
154 258
212 550
403 673
148 457
161 386
188 658
30 360
235 687
82 101
54 638
284 595
357 363
343 597
50 664
406 478
596 620
147 587
105 204
359 362
135 578
329 374
103 419
178 631
162 263
249 620
210 516
75 481
27 280
354 423
260 432
100 132
385 497
602 656
273 358
276 383
332 391
229 508
527 552
182 319
104 344
182 187
445 568
511 640
538 565
283 619
94 438
112 301
118 275
112 266
271 336
148 191
641 670
216 584
37 47
69 153
110 393
125 194
387 690
52 657
62 71
71 234
33 148
240 390
17 630
427 611
280 514
438 574
479 564
345 513
293 507
413 597
453 606
312 655
5 252
17 339
139 226
274 494
150 395
2 493
162 506
231 493
296 468
253 425
309 504
31 230
406 512
550 648
421 634
45 348
149 305
102 276
115 181
135 545
322 386
88 242
350 476
73 220
261 559
13 159
596 610
43 636
188 219
55 79
382 394
43 327
225 430
146 313
262 622
70 179
353 548
119 187
61 144
243 513
143 399
303 380
108 428
189 355
26 369
61 311
179 440
127 633
4 44
485 559
284 320
98 209
308 631
104 601
345 430
122 342
73 268
233 473
324 328
392 506
258 642
69 448
87 510
158 480
167 390
85 404
210 527
124 293
34 634
113 364
115 456
391 608
74 207
449 690
22 434
547 593
143 411
254 394
5 453
94 235
570 613
133 464
5 545
418 475
169 321
3 518
640 657
205 603
54 420
92 311
577 671
76 215
88 461
367 636
511 664
59 289
56 103
618 629
60 73
546 621
192 230
39 295
304 306
340 666
284 316
63 84
382 599
451 495
80 499
650 663
47 579
399 587
178 405
22 640
290 374
120 241
481 509
80 385
175 183
134 158
600 602
409 508
384 453
249 441
162 190
22 166
160 223
395 547
269 297
682 683
554 652
44 180
106 335
199 205
82 529
291 503
426 472
146 628
42 213
318 583
77 296
83 689
289 360
201 473
416 574
99 128
333 667
109 522
237 357
324 582
383 577
181 399
22 568
253 277
120 299
422 615
261 687
116 238
489 594
486 608
65 607
78 561
111 291
59 175
99 584
21 499
328 456
637 675
129 213
129 484
229 358
50 521
603 618
14 459
169 451
484 560
92 326
161 265
139 238
179 250
404 507
130 416
208 401
7 410
237 256
89 609
247 680
333 376
234 338
175 283
254 522
44 140
44 125
3 141
446 500
20 679
182 678
468 592
105 366
262 448
278 288
12 314
541 582
268 469
267 299
197 270
238 447
307 579
616 669
51 467
3 100
234 440
80 331
78 199
535 664
132 519
404 498
110 397
48 176
181 460
119 496
45 645
345 369
514 561
378 477
81 96
277 611
40 448
150 637
471 614
217 246
265 497
23 54
90 430
398 488
126 402
228 331
377 554
462 555
50 64
219 470
59 573
152 526
18 224
247 461
387 533
165 590
227 639
279 532
145 379
497 557
350 654
43 660
326 533
363 643
370 662
16 285
28 675
97 573
91 177
122 391
107 558
128 443
185 519
374 408
629 655
86 643
250 525
323 524
168 490
361 461
471 674
576 656
523 528
407 549
111 612
124 258
41 458
187 335
572 687
283 286
604 679
159 424
346 690
187 379
169 553
279 317
368 511
47 53
589 602
400 422
70 273
293 595
89 437
6 532
243 665
570 637
224 309
26 331
169 284
10 13
371 541
11 197
155 342
521 610
4 378
10 563
538 553
224 337
349 482
327 382
336 534
198 260
96 337
49 377
200 225
31 232
518 665
115 512
196 617
374 667
134 586
180 632
252 423
378 481
32 102
236 644
108 567
19 559
343 432
40 138
202 447
177 580
137 365
33 171
467 571
205 334
133 628
151 153
105 323
131 371
314 401
57 63
389 448
194 504
429 496
565 621
513 581
585 677
164 349
2 215
104 333
392 420
151 354
228 647
154 487
12 624
33 375
433 572
211 319
78 161
226 455
66 517
61 439
208 312
160 300
502 678
443 628
426 427
232 316
231 382
142 523
278 500
244 556
322 365
167 267
347 551
360 587
421 620
93 372
107 660
219 676
265 538
339 557
141 204
457 626
237 542
292 336
155 537
285 534
567 669
403 488
388 613
492 571
110 572
107 672
64 276
119 683
494 658
429 547
366 626
408 503
323 349
104 674
95 302
460 531
25 661
117 197
199 666
322 651
89 589
241 435
135 257
239 299
285 490
208 353
84 297
414 457
1 260
309 420
317 330
212 467
303 415
314 563
574 578
513 616
259 670
31 116
488 685
216 640
33 528
57 107
30 595
15 689
74 81
174 591
432 681
24 177
38 442
376 643
294 624
240 408
121 302
330 516
87 474
404 616
18 247
485 661
261 299
58 415
501 587
250 317
229 554
204 525
570 604
377 542
476 566
196 432
195 598
178 207
625 636
315 372
330 424
202 431
580 689
159 257
493 584
267 424
531 534
444 649
479 622
51 588
87 139
68 272
52 194
419 453
51 556
450 669
60 543
481 601
362 682
664 684
89 427
130 619
131 312
357 551
39 652
197 500
84 441
282 286
4 585
156 599
405 683
417 475
68 227
544 668
8 422
244 266
174 433
341 353
180 289
410 625
336 509
544 646
227 537
362 671
7 438
42 189
176 315
24 193
26 69
365 583
186 328
271 575
108 295
358 502
82 217
359 647
58 592
452 591
11 74
103 113
293 302
505 593
46 249
500 656
180 612
66 437
185 477
258 564
206 466
28 272
406 482
620 680
537 655
50 610
286 397
48 127
352 636
408 676
412 552
201 223
403 615
68 392
11 183
29 159
13 688
292 670
165 415
143 210
186 607
184 540
233 315
46 642
202 282
393 645
166 523
19 583
334 561
75 122
246 598
412 514
165 254
90 145
120 396
316 364
400 444
301 677
558 680
255 442
78 402
198 566
522 590
375 465
264 486
216 326
117 133
341 491
9 582
298 553
110 112
98 247
158 580
291 411
425 510
230 352
189 463
132 342
86 525
141 561
472 627
386 449
102 287
25 517
149 496
64 541
57 303
274 502
29 456
83 280
51 229
298 409
350 608
367 596
114 285
251 478
134 370
91 350
232 307
351 647
364 631
185 349
597 627
439 515
396 546
623 659
134 578
512 544
532 581
339 423
549 672
591 654
569 591
242 300
172 206
81 307
458 655
417 579
122 305
249 649
156 625
512 603
477 569
41 516
468 646
491 519
274 304
142 505
129 489
208 445
11 338
271 369
301 421
292 307
370 536
638 667
91 653
441 662
214 286
152 605
83 341
36 56
250 351
12 46
156 194
171 414
52 253
429 599
397 458
576 629
326 551
179 506
90 431
295 606
287 677
289 673
106 462
200 650
520 563
68 610
236 650
231 487
142 649
127 354
53 592
163 493
305 650
325 571
34 124
228 489
269 552
32 572
138 586
97 588
273 535
25 543
320 549
239 677
17 96
49 221
8 397
240 582
242 680
427 598
140 639
361 585
182 291
557 658
85 477
77 128
112 241
217 290
226 690
195 308
196 369
306 618
123 684
362 496
227 379
524 525
60 502
389 639
35 375
4 671
26 184
5 446
36 90
218 246
157 454
1 206
85 353
109 127
135 425
207 352
510 528
20 163
527 545
411 433
402 509
151 418
16 571
388 498
522 564
3 609
380 614
484 503
262 600
131 200
435 622
454 463
48 507
177 444
275 611
235 304
281 385
237 642
436 558
569 670
458 465
222 633
270 469
100 644
617 667
168 384
518 556
41 567
482 615
7 23
288 622
335 459
346 425
221 412
281 325
442 623
42 523
515 535
365 384
219 460
190 688
145 242
347 635
111 261
288 540
205 231
155 257
443 593
25 407
153 486
259 663
287 574
95 354
505 686
118 635
309 530
98 520
34 419
236 264
154 490
144 608
138 440
20 392
170 681
192 651
337 466
221 495
23 533
535 594
87 414
373 471
30 373
157 565
2 133
77 294
137 624
334 445
27 605
460 546
214 613
387 673
256 473
463 483
378 485
167 213
72 310
337 605
190 266
40 277
356 380
39 539
36 173
170 634
592 630
41 173
86 614
76 405
434 539
146 470
136 434
9 21
155 474
402 465
111 414
59 327
316 686
264 654
223 308
332 624
158 430
340 575
212 590
65 151
17 193
60 72
167 626
243 269
279 663
147 276
65 171
529 630
209 647
270 407
18 635
40 131
126 203
174 186
106 377
468 659
109 588
115 540
298 472
356 464
321 627
74 491
381 661
71 570
255 516
176 232
322 555
58 126
252 555
469 612
161 162
38 273
394 684
335 368
163 480
268 318
6 445
313 418
97 268
306 686
75 170
480 629
79 94
323 566
213 584
311 426
368 672
99 450
168 203
80 160
14 318
35 507
118 431
64 476
53 105
439 681
193 517
63 589
189 682
355 451
30 114
147 604
263 269
92 296
220 518
2 653
253 371
375 470
9 413
52 412
248 685
267 400
119 152
129 137
344 505
539 669
113 446
248 469
320 665
211 357
373 476
20 260
508 530
471 641
198 244
226 266
334 543
423 662
114 679
290 607
632 657
345 595
72 410
207 537
297 633
123 310
450 454
300 483
251 573
102 324
83 94
580 668
91 504
63 399
294 544
138 160
125 388
272 452
149 524
569 643
450 565
57 118
295 498
10 58
192 303
12 257
225 538
515 528
15 66
95 388
16 348
201 306
27 234
