1600 4000
561 1306
803 1149
826 1272
203 1120
444 677
324 811
622 1420
636 1388
736 988
409 1003
137 1469
166 188
739 1357
67 1332
1220 1560
599 1440
257 1318
787 1072
596 1484
1273 1385
152 420
17 1391
269 661
776 1067
1038 1083
94 926
136 1334
795 1114
976 1160
148 251
170 271
85 1180
1107 1323
52 1033
535 1323
580 1144
203 1489
311 324
1201 1434
1383 1402
117 1008
621 1520
280 596
212 910
218 237
651 1131
948 1023
149 367
107 1076
411 769
43 541
71 994
587 1361
166 1422
755 1105
1270 1440
1175 1460
345 547
228 877
389 1595
20 858
114 1526
159 997
147 653
349 951
134 886
1082 1457
782 1073
831 942
268 1357
844 1321
353 1415
627 729
1106 1445
1410 1459
215 1587
1306 1477
1021 1571
390 1383
699 1595
803 1403
776 1493
393 572
1165 1336
11 26
457 877
400 1158
1256 1529
1236 1258
669 915
4 446
3 1470
1129 1218
1006 1553
409 1248
443 1096
393 871
1098 1500
792 1465
54 665
4 636
179 523
981 1153
377 1239
247 1054
229 446
72 156
236 478
284 1007
564 888
497 904
222 244
527 950
216 231
1022 1428
1410 1441
75 477
199 553
357 937
1142 1571
532 1528
193 774
1372 1491
1009 1430
321 1348
237 953
346 974
496 1041
540 1561
1254 1475
414 1257
269 667
888 966
808 827
1238 1580
803 1073
837 1250
73 546
1021 1383
861 1112
659 1307
414 1366
68 460
558 1294
475 1548
976 1416
943 1546
437 476
1047 1531
674 1162
214 1516
1212 1237
826 1135
251 1245
316 454
484 767
439 1026
137 1014
661 674
1334 1367
1138 1487
818 1302
528 1064
88 580
52 65
1135 1288
1170 1566
159 1267
490 1121
994 1208
412 957
399 832
272 734
84 1315
333 660
1155 1354
325 1038
1122 1145
626 1418
240 483
90 1380
454 1557
390 968
161 515
1160 1544
329 693
343 1223
270 916
270 1382
579 1387
259 1177
13 1013
792 1315
93 1270
684 1035
869 1409
124 1076
138 1266
309 561
1165 1539
235 1479
316 338
1526 1535
1253 1324
893 1109
187 1279
695 776
813 852
696 1549
123 485
1065 1227
317 1221
1050 1503
104 1183
297 1349
202 632
186 1570
972 1411
219 1557
178 541
276 396
267 1513
38 486
242 659
446 1291
180 1192
1469 1483
828 1163
8 261
165 578
848 1458
809 1448
64 559
72 535
99 1446
220 1346
885 1439
979 1102
547 922
5 625
830 1092
261 1358
548 927
448 1257
381 1487
630 924
224 563
216 690
97 1364
92 960
54 1510
747 1111
225 1575
929 1001
328 1264
26 496
37 815
576 601
240 617
1397 1594
709 765
197 914
1220 1585
452 1558
385 1156
859 1468
33 1175
633 1119
124 526
778 1058
198 470
1191 1345
924 959
497 592
227 822
260 266
780 1301
863 939
131 722
261 283
657 1295
116 1198
546 911
1117 1499
846 1577
919 1277
519 1557
340 1247
36 1561
537 1329
967 1332
644 1047
984 1295
5 709
189 972
151 1087
305 1514
146 876
66 958
1314 1370
724 1292
34 411
1413 1585
793 1017
229 783
250 631
173 1234
930 1540
443 1302
379 1579
360 1202
312 328
185 914
17 1454
156 867
173 1179
655 858
885 1567
471 782
783 989
797 1073
169 545
119 1139
108 1392
238 452
645 908
212 952
530 1161
1083 1570
923 1068
53 929
473 707
95 517
668 1318
1487 1540
772 1486
6 1582
297 1360
585 802
995 1455
339 807
467 1552
97 138
658 703
103 1134
646 1397
998 1331
208 1507
665 714
551 789
806 1071
371 1496
423 1378
182 757
434 850
19 67
1052 1252
1030 1289
529 1211
1316 1376
23 1274
457 1467
301 480
765 1550
623 1266
655 1452
1364 1406
293 999
739 1395
1078 1581
894 1154
678 898
234 342
441 611
453 692
218 574
494 1319
892 1075
442 1378
493 1001
996 1324
12 535
682 929
291 463
658 1022
2 1444
29 206
1262 1508
946 1365
226 856
21 213
710 833
773 939
332 682
907 1492
487 767
285 910
680 917
127 1442
1429 1483
618 853
655 1043
60 637
490 1294
388 1425
718 924
750 828
881 1332
1047 1400
1305 1571
14 665
70 416
1251 1285
316 1392
243 1287
572 771
422 817
56 1071
370 428
725 728
941 1094
11 1391
582 1417
445 884
791 1314
709 1393
197 1323
267 1032
854 1478
314 1235
622 1129
496 1038
1115 1305
14 111
308 811
791 1519
846 1133
117 832
158 648
1269 1599
1240 1470
999 1480
173 1291
151 952
688 893
324 1518
365 485
295 509
857 1092
813 1035
936 1070
472 1245
1189 1566
362 1029
26 1129
779 1206
107 1022
1034 1585
307 1265
359 1574
560 733
935 1446
201 333
62 100
110 741
354 568
680 756
538 1232
102 291
72 645
55 415
842 1290
497 1230
624 1106
579 1464
375 1589
514 1490
71 831
337 489
205 386
478 661
896 1549
196 873
1053 1491
1044 1461
285 1352
54 163
1000 1302
652 1150
707 894
174 747
697 1373
198 1441
561 821
494 1489
112 369
942 1144
1250 1539
758 1059
208 1452
746 875
651 1329
712 1564
322 1519
88 851
1050 1556
325 718
1005 1297
705 1505
637 1199
1060 1167
764 875
74 1353
670 1233
306 1540
335 819
183 277
74 1506
891 944
275 1204
108 516
69 780
541 911
1150 1283
77 1128
813 938
1331 1389
609 935
115 120
439 454
612 673
319 1396
49 1093
761 885
80 524
580 1443
139 1262
29 1192
158 1173
437 635
55 730
213 1026
677 818
422 654
807 1061
480 923
225 555
857 1105
664 1118
809 1438
192 850
604 1524
672 1306
219 761
359 431
610 681
1099 1501
164 884
759 845
170 1113
1162 1444
1407 1495
525 1229
256 1455
223 493
588 705
121 461
650 1198
476 547
23 892
852 1046
563 699
45 1160
360 759
558 1447
42 210
757 1027
470 1260
1017 1404
718 1408
165 913
256 769
1147 1302
334 1003
313 1072
1212 1497
326 1340
193 533
159 1028
241 1103
1500 1589
1538 1574
500 823
740 1358
520 1381
266 402
63 1562
645 1289
281 367
710 1130
790 1442
797 1067
321 852
105 792
1307 1395
198 1384
818 1520
1278 1471
300 512
1326 1431
856 1308
798 867
11 1594
595 883
1439 1534
806 1359
726 1493
8 1057
103 621
40 777
252 760
980 1484
275 311
407 963
353 953
1069 1298
51 964
522 1231
100 536
1311 1542
152 1324
241 597
703 973
19 282
1013 1558
67 1301
127 1205
1085 1230
733 1431
49 936
17 1015
922 1281
333 754
1377 1451
339 600
824 971
1261 1389
447 1095
283 486
97 518
95 1527
822 1216
242 1575
708 787
1514 1541
295 485
386 1287
253 595
271 305
175 295
821 979
472 576
151 483
388 1524
900 1240
1293 1394
680 842
1085 1372
154 777
676 1552
659 1578
85 1158
1118 1125
756 1182
1030 1152
496 890
263 475
898 1078
593 978
406 1548
81 586
55 156
911 1055
534 1335
695 1383
840 920
1050 1526
470 518
145 378
59 275
793 1568
650 1510
368 1527
219 285
18 200
199 799
109 1172
108 1346
625 1273
39 210
727 1445
869 1208
627 896
410 839
129 272
363 737
28 649
1049 1209
594 1569
1001 1432
27 1541
446 800
657 1524
125 1554
257 1570
368 1255
298 744
108 392
580 1516
981 1299
1037 1440
343 893
20 78
315 1133
109 1459
1135 1448
395 1180
352 620
857 1018
119 1196
1013 1233
1170 1532
564 973
450 1503
35 757
1147 1589
88 790
587 1052
27 938
130 528
1188 1442
954 1182
131 814
1076 1095
476 986
57 319
879 1238
431 632
731 1545
380 1068
642 713
851 1160
320 1385
37 1219
599 969
474 1020
372 920
567 673
1188 1392
459 584
45 943
709 1452
51 1600
36 122
61 104
672 1061
674 1455
600 1075
37 224
1512 1573
238 1536
351 945
262 280
245 1029
415 1565
106 1354
143 935
270 604
590 744
33 1404
171 774
812 931
1016 1275
570 619
921 1291
726 954
302 1034
529 801
458 1281
26 1012
231 674
389 1573
283 372
539 949
43 113
681 716
306 348
605 1308
473 1029
779 941
359 1552
228 1543
962 1438
466 1466
873 1272
82 1465
773 1382
25 317
631 1052
832 1181
1260 1304
686 1430
557 1265
615 1324
102 684
71 653
2 208
424 1473
1122 1546
160 1418
218 626
281 346
1173 1300
290 637
352 956
382 1574
605 1591
649 766
86 573
1292 1425
425 844
343 1596
398 1528
290 467
28 1361
552 1245
373 849
679 1474
785 1204
666 703
49 1579
495 1407
558 1472
225 768
172 1120
201 765
205 480
664 1547
358 1156
1189 1411
85 507
642 1253
949 1511
1006 1464
408 1371
4 1522
168 504
498 895
1471 1572
52 907
405 1284
735 860
468 848
1119 1537
722 1311
751 1151
591 1348
733 968
412 839
288 1592
395 586
1111 1379
250 772
95 430
145 347
529 1325
437 685
930 1282
243 504
938 1134
833 1492
378 1162
570 720
375 642
581 786
878 1062
251 817
1390 1496
104 578
647 937
928 1534
101 521
184 1582
254 683
274 1305
856 1062
215 861
137 1494
232 553
531 1003
592 827
454 585
1097 1387
593 1488
698 1391
425 554
982 1349
641 1008
1335 1548
325 389
148 276
356 1161
875 1522
1321 1404
94 583
1230 1359
556 1209
560 646
69 1357
202 1194
533 1156
962 1552
872 1382
180 510
1209 1285
781 1207
4 1053
709 1338
375 1344
345 664
163 1188
209 1109
6 309
241 683
711 1429
683 938
277 468
977 996
290 873
897 1334
360 1191
572 1331
940 1190
640 900
449 917
370 1424
504 1153
657 1243
462 729
155 1084
335 598
1077 1487
559 621
3 22
211 1560
178 1387
57 1409
791 1168
598 672
74 617
843 1414
35 1052
300 1542
471 1047
874 1237
428 1412
1248 1368
159 1000
293 1356
1177 1400
818 1184
567 1217
486 860
234 1054
787 1544
174 1037
381 397
217 1304
983 1066
273 533
571 677
1251 1353
439 1275
888 1365
308 1577
833 862
514 917
336 568
717 1480
363 506
245 1232
1338 1594
1100 1436
219 797
518 1490
273 1271
11 859
401 688
182 396
285 837
410 1589
41 193
86 387
775 1480
1023 1462
288 1341
1139 1506
1258 1554
1155 1234
326 887
865 1379
1384 1482
670 1482
186 1533
246 483
298 1172
706 1453
863 1066
428 1583
611 950
1188 1266
1191 1516
42 523
1065 1184
231 565
770 1178
924 1365
768 826
712 1331
893 1282
932 1072
1124 1518
490 1264
1216 1481
320 1045
1136 1225
544 939
735 821
544 1286
669 1580
478 1113
47 302
91 1164
469 702
4 186
836 838
895 1203
429 1484
1351 1438
51 106
62 633
630 1322
551 1441
10 1019
405 503
181 846
274 600
294 838
727 1242
840 1380
203 597
1024 1339
1319 1484
475 1198
121 837
401 432
607 753
578 876
463 801
421 814
244 887
372 1250
297 1473
982 1428
618 806
395 1301
799 1197
615 897
398 602
1296 1509
253 984
464 1113
905 1517
227 908
589 1461
608 1244
674 1094
534 557
319 818
341 797
632 1060
1036 1082
993 1509
49 53
266 296
854 1131
302 1471
502 691
982 1573
1146 1580
259 507
49 919
1089 1212
1294 1328
905 1126
623 1508
16 942
236 1129
905 1348
505 843
1189 1203
543 1246
697 715
680 892
271 366
965 975
221 988
597 983
1186 1299
1106 1517
441 1218
310 1341
324 947
393 1469
92 1208
1015 1286
1051 1456
451 776
214 1111
48 901
411 1149
181 1272
177 1298
1038 1429
404 1241
948 1436
15 1011
203 239
1323 1583
387 1107
1349 1350
1076 1501
719 1340
129 254
173 1447
926 1093
304 649
338 1256
931 1545
1117 1130
167 530
365 965
400 650
406 879
97 1401
712 998
63 1281
220 825
162 643
293 700
209 1028
116 376
379 1280
821 1504
322 1207
525 1443
1212 1486
43 912
920 1443
584 1166
838 1180
423 940
110 895
998 1460
485 1064
174 958
716 1402
1186 1256
527 570
334 1491
891 1286
622 1189
725 1234
1121 1479
46 1283
31 510
138 1137
764 861
127 812
286 1255
618 1210
318 1360
200 1151
386 870
791 1126
284 1488
35 1133
123 386
603 1148
553 1449
878 1543
704 915
729 1579
961 1482
70 800
144 1480
189 260
57 428
471 737
1060 1572
1167 1207
945 1087
137 1375
296 1375
55 373
214 1103
634 1319
941 991
230 607
589 790
48 675
444 719
865 952
506 1537
380 993
303 611
239 932
6 373
801 1457
1216 1262
1363 1585
75 804
544 841
432 537
60 1522
1346 1580
695 1377
25 1132
1272 1523
1280 1559
392 934
59 581
921 972
520 558
248 912
13 252
141 455
794 1159
857 1503
186 1582
928 1363
212 1557
50 1015
1049 1123
149 1339
1298 1562
54 1040
103 1093
805 1110
881 1537
570 1430
190 1252
1158 1240
1398 1538
1063 1148
533 1328
39 296
863 1295
462 482
371 1385
1462 1586
767 882
825 861
327 918
381 1558
510 1365
347 1104
482 1017
840 1533
781 999
834 1484
120 276
896 1361
688 1007
1027 1263
192 614
271 621
39 1463
86 1586
253 479
67 637
82 1190
613 1155
514 875
101 1483
430 1174
91 1022
965 1474
16 800
233 1036
242 315
96 1328
1010 1140
534 1083
621 1492
15 33
81 1437
649 869
572 878
583 829
404 959
381 722
43 1390
1381 1531
442 1198
1207 1363
155 1581
960 1584
256 1424
606 899
586 795
433 1136
371 1317
111 519
150 1394
921 1377
205 933
1287 1313
328 1027
845 900
1173 1551
1142 1369
342 1247
615 1214
332 380
592 1164
165 801
5 898
780 1491
1249 1376
991 1239
298 567
299 524
304 660
359 1238
800 859
834 1596
36 1227
184 1205
140 1303
154 341
167 248
358 738
977 1165
1089 1157
332 463
90 954
230 1401
746 894
577 706
612 1419
131 424
351 1046
445 732
605 808
777 1360
316 1268
391 1087
563 1496
408 1016
379 1531
737 1359
433 824
376 946
177 1424
325 1587
287 1454
613 1575
898 1341
147 1351
249 1001
460 1377
971 1592
1313 1529
25 728
697 1174
1122 1418
1396 1567
42 1048
258 646
205 1144
481 1067
1261 1364
1389 1399
417 1243
1069 1131
694 1182
1118 1232
124 820
678 1371
77 1518
599 1168
31 1593
498 552
1541 1584
220 922
75 1010
575 1108
210 318
791 1112
302 1244
289 893
1086 1096
1386 1488
303 727
356 992
785 945
817 1444
841 1258
424 644
936 955
349 952
44 1032
154 1347
443 1514
1023 1600
170 442
1406 1514
262 1594
276 1547
491 1151
128 162
221 413
407 987
659 1563
327 1481
780 1496
215 1097
799 883
918 1303
224 1496
157 1226
79 911
119 369
17 1337
432 525
235 988
736 1157
108 1044
531 923
366 633
804 1000
700 793
262 1220
713 1141
441 880
118 588
87 554
794 1205
779 1343
283 1265
342 990
1008 1327
223 1116
599 731
769 1246
766 1152
70 248
486 1034
366 1416
1470 1528
97 403
581 978
201 1463
150 1187
640 843
419 967
59 1080
99 903
564 1412
201 1194
409 855
12 412
86 1100
1026 1114
433 1201
15 1346
177 1288
109 1495
703 1294
328 823
283 1210
243 1279
440 593
52 686
404 491
650 1043
129 1045
100 1012
434 1124
27 32
1015 1231
78 1108
696 1293
671 840
996 1065
608 1130
740 942
490 1053
190 1584
763 1547
82 418
686 904
815 1504
289 348
579 835
1 700
1056 1439
66 1567
456 652
407 738
555 1435
1150 1509
669 1437
1410 1475
393 1364
722 841
426 1070
626 1429
188 748
798 1091
1194 1525
849 859
518 1078
230 492
168 773
786 1403
1264 1530
444 532
848 1532
170 1090
201 847
488 883
1024 1095
754 1262
284 1159
624 957
841 1544
783 1005
323 640
693 991
1079 1483
350 707
1387 1398
28 524
594 959
336 1051
752 1279
385 476
1328 1539
279 1598
875 970
1288 1391
1344 1565
763 1450
910 1387
1095 1137
965 1296
536 824
591 763
270 708
388 503
1333 1600
812 1285
523 708
897 1293
1100 1246
961 1327
89 145
345 1432
577 1573
323 382
410 1384
949 1179
32 689
426 940
1099 1112
355 1271
1339 1434
89 1403
194 509
157 1470
258 350
609 1071
862 1193
60 1040
714 816
951 1053
949 1155
383 1476
206 1088
517 690
484 1597
543 1439
993 1534
147 1265
578 1002
1265 1326
932 1064
313 1108
446 1031
569 770
243 379
111 191
254 872
1015 1116
728 1352
1476 1502
930 981
164 1314
10 627
745 1464
167 819
855 1533
46 1537
48 341
1132 1188
152 531
99 247
155 573
1049 1507
1096 1195
826 891
456 1092
853 1355
554 1337
1199 1566
261 1091
692 956
308 614
218 519
732 997
1 1455
639 1320
535 775
301 645
113 1591
1010 1252
31 1454
825 944
245 887
453 463
242 813
760 1366
522 731
392 1278
1036 1249
529 726
663 741
320 1579
164 953
924 1327
606 1361
153 1312
890 1575
78 1465
533 745
506 630
1081 1420
98 796
25 195
116 762
9 1278
269 278
191 495
662 1051
217 424
1078 1087
614 1277
740 961
721 1384
972 1102
473 1395
746 1139
252 926
1103 1380
591 815
549 1430
79 105
1181 1479
816 932
41 1171
135 246
246 668
1346 1545
291 305
87 1515
265 642
753 975
289 838
172 675
1340 1553
711 758
9 1055
488 1012
147 528
1040 1283
306 1010
977 1453
26 941
721 962
468 1530
83 523
340 994
1118 1427
447 1012
710 1086
553 1450
1155 1205
284 1563
364 812
591 1061
73 1421
1065 1236
511 1403
403 683
427 1423
130 660
419 1202
705 831
51 287
853 1214
248 1408
513 1048
453 1276
259 1466
510 1064
103 1349
960 1518
750 1315
227 1448
383 408
1039 1184
265 1467
148 656
301 474
1335 1425
377 1475
12 221
676 908
70 1598
913 1503
567 597
273 1043
715 862
590 974
80 648
500 1282
766 1576
185 1171
91 1211
181 1226
50 1595
891 1229
244 1526
132 1350
34 1021
234 1108
304 671
435 526
1120 1252
300 898
309 966
1057 1399
1274 1517
117 525
181 1134
255 951
595 1525
711 901
619 758
89 253
650 1501
492 537
192 1372
384 877
765 1509
844 1206
247 909
333 925
407 1546
53 970
1393 1546
696 1353
1060 1371
222 609
195 1099
1336 1460
614 1174
295 312
550 990
1096 1494
864 1597
53 682
648 1123
189 996
1002 1020
1242 1528
162 1233
823 920
90 641
887 931
105 1348
883 1242
667 1261
870 1436
517 623
552 904
834 1408
1187 1432
1203 1407
178 1039
438 1366
558 802
1201 1433
721 953
1087 1561
430 1596
286 730
697 820
61 1432
217 1208
14 19
428 1171
600 638
388 1235
717 1430
578 1474
628 1115
947 1458
73 666
630 1569
187 638
581 1201
962 1031
1 440
541 662
184 1376
281 1228
687 1535
213 511
148 1157
295 1014
103 250
50 384
344 1185
555 822
947 1042
715 1504
575 1116
521 662
191 290
792 1234
438 560
440 987
789 947
374 1060
856 1248
142 1413
1013 1311
1263 1351
165 1009
1221 1470
32 168
958 1336
101 1064
280 704
1197 1473
214 944
505 1127
573 876
204 1563
93 848
19 1253
1222 1585
21 1042
128 1117
93 926
498 571
900 1193
42 166
64 829
538 557
145 1004
679 1493
254 1182
130 1487
1196 1350
24 506
436 847
1161 1199
871 904
262 1088
739 782
174 1310
81 325
1456 1578
782 1309
852 1441
195 1389
620 966
347 1521
439 1465
234 1184
764 1297
38 1187
16 676
228 1419
331 1256
778 927
262 502
113 350
198 542
815 1386
1110 1247
666 712
632 643
502 1410
376 834
465 1163
20 1460
456 1024
998 1442
1278 1472
545 1321
658 903
512 970
743 908
686 787
288 1025
983 1115
477 1266
120 950
348 1417
1124 1166
323 562
1069 1193
10 42
774 1345
630 1187
118 616
272 513
399 1035
1054 1101
321 638
970 1074
1183 1330
881 1215
448 514
1259 1291
992 1337
281 544
1390 1443
1317 1362
566 1367
56 68
620 1143
23 267
10 368
357 374
20 1074
287 341
432 602
72 602
1045 1148
549 1304
36 988
661 959
1051 1090
1488 1568
190 902
598 1123
590 1063
743 948
430 1082
815 1206
27 1104
479 595
1428 1599
229 1454
453 970
1162 1325
71 1027
620 1599
1123 1127
1039 1418
155 973
1075 1179
684 1192
82 667
57 886
628 1586
194 1169
1095 1222
515 1574
710 1246
601 1316
314 1074
282 950
415 1295
756 1181
459 1250
308 339
871 1154
563 1146
886 967
99 819
1222 1334
136 1453
684 1164
235 1388
448 805
104 1355
139 420
23 1168
418 1512
1280 1520
92 1521
215 1125
1059 1351
188 1400
1002 1393
88 1152
18 58
65 460
1153 1447
256 604
1358 1508
22 888
1196 1453
1469 1570
963 1544
749 890
958 1308
65 1243
739 918
1176 1195
149 1406
904 1505
411 902
656 1267
408 582
723 1269
1180 1257
1401 1464
218 1170
670 1260
40 314
76 636
238 1587
209 312
372 1513
402 1354
203 1535
307 466
680 1100
404 1138
374 1419
701 916
80 228
370 1510
44 721
474 914
1313 1471
922 1284
115 1408
1347 1412
610 640
960 1177
423 1281
706 1229
575 993
724 1536
788 1121
1152 1523
891 1471
968 1090
231 1433
291 1554
126 276
990 1527
80 1515
133 905
289 1433
512 1024
759 1343
25 241
690 1531
748 1590
584 771
73 933
1254 1588
207 482
459 771
530 858
1385 1453
369 702
254 1031
1266 1587
35 638
144 619
382 615
394 721
275 1494
864 1549
1276 1550
35 1227
401 743
585 617
836 1016
12 386
505 777
927 1284
796 1215
832 907
553 1576
648 931
691 1445
144 1532
740 868
752 1543
735 1405
126 968
964 1414
835 906
138 1041
510 778
806 1425
987 1019
380 1133
482 700
687 1436
927 1224
179 438
601 778
367 1236
455 743
64 738
524 676
223 588
542 1519
397 747
48 1241
679 901
817 1097
313 716
12 752
1077 1223
890 1333
1097 1466
717 730
397 753
1058 1091
788 1157
517 1350
1058 1352
930 1041
520 1137
733 1105
1132 1149
303 1237
1128 1395
538 1143
317 983
94 1241
410 507
59 169
301 1007
143 1291
647 1226
571 1203
1080 1257
1330 1502
268 1310
1409 1498
432 744
1352 1399
707 1046
311 492
656 1063
1185 1270
417 1327
808 1336
1363 1474
582 1342
202 1593
294 1003
488 1156
1307 1382
24 1275
550 670
358 1322
827 1276
883 1386
481 1598
1008 1019
331 1374
255 1486
515 662
1395 1477
141 1263
14 300
1066 1250
516 592
217 353
265 756
738 873
138 427
537 1104
68 1285
24 508
475 1427
732 1577
376 587
1489 1513
44 226
1375 1478
807 1252
612 661
688 716
126 1318
94 315
469 631
973 1394
75 1145
706 1523
730 1362
1009 1433
957 1073
260 1578
112 340
83 1590
307 1245
633 1353
435 1112
503 562
200 540
90 592
213 639
1287 1514
724 877
396 1461
762 1338
414 450
465 1267
44 685
112 1558
1085 1367
499 798
120 720
147 1451
344 1258
184 1440
502 1591
546 1501
259 1154
96 1165
768 1231
233 397
323 1427
560 1556
759 774
608 698
681 1498
362 1251
663 917
508 1148
822 1490
658 1264
726 961
547 1325
304 451
332 1556
343 555
239 700
1082 1426
77 107
1536 1580
1231 1437
124 1417
176 1437
110 954
265 964
491 1158
462 1393
46 915
1036 1079
640 1408
991 1120
986 1125
183 494
978 1122
672 1028
545 1560
129 279
314 565
835 987
268 1472
394 652
889 1050
351 754
678 887
1333 1373
313 747
37 284
681 817
416 694
532 913
810 1001
19 1378
310 467
723 892
242 433
133 1427
764 1305
1170 1294
244 1194
1172 1210
373 1020
339 1210
745 1476
455 1284
358 1593
118 1538
853 1581
628 1041
345 982
808 1173
907 919
405 1249
473 1221
2 1576
9 587
974 1348
46 943
796 1425
480 952
481 1190
526 879
509 1032
502 1101
264 662
123 741
540 1370
157 603
176 790
82 436
556 648
854 1529
360 1336
1201 1588
1511 1586
726 1409
1289 1305
114 1053
183 238
783 1561
121 1208
337 449
143 1240
519 1228
123 421
668 1542
506 1239
536 864
876 1597
729 1034
2 1398
829 927
277 866
264 896
1190 1330
450 617
704 923
1204 1299
612 874
1077 1146
708 946
282 825
534 1531
206 1254
825 1300
542 1565
1521 1566
645 1386
365 882
903 1020
115 405
8 79
1081 1163
260 811
979 1415
719 1217
320 604
847 1498
1381 1595
68 1303
162 1165
252 1045
142 988
856 1396
119 1138
409 753
29 81
168 746
997 1235
354 1495
495 963
1145 1556
654 1513
501 1007
1186 1421
1183 1234
56 304
363 686
722 810
473 778
1114 1549
257 980
492 742
347 1459
601 1542
484 1118
634 1285
1397 1508
694 1025
270 1218
989 1258
461 631
723 1538
656 948
1187 1243
844 1149
333 1415
2 691
847 1298
516 772
420 574
287 1313
74 668
713 1309
318 969
480 1353
20 897
265 792
212 266
1241 1382
141 142
699 1107
830 1544
452 1199
24 1125
329 513
713 892
929 1058
635 647
768 1138
577 1290
134 1417
1255 1464
885 944
148 1583
129 1173
697 1360
356 816
106 941
258 1318
1280 1446
78 455
1148 1242
425 465
781 980
229 336
142 946
221 1225
1209 1523
356 1326
1232 1329
425 1109
337 1077
170 387
829 1224
46 1330
84 1320
357 583
689 1195
194 1456
431 901
1065 1530
990 994
200 1080
134 1295
760 1568
628 874
868 1048
956 1221
298 1212
717 1134
685 1404
1101 1503
411 1500
701 1325
625 1123
783 985
1369 1539
1217 1463
278 602
678 1141
39 391
164 327
1366 1509
437 986
548 653
865 1142
174 889
327 512
315 930
849 879
422 881
128 361
959 1200
140 806
498 872
1109 1549
499 814
616 1086
248 863
130 1090
1091 1167
68 731
301 607
878 1547
946 1422
6 921
69 1519
347 1421
1517 1552
511 539
1004 1502
153 1189
75 518
125 488
666 1349
1135 1372
351 460
836 935
414 679
80 326
527 1588
162 683
909 1563
335 1058
963 1426
1099 1414
1019 1415
899 1342
1368 1533
351 455
546 1555
807 1098
1085 1244
356 1302
562 644
403 1375
1102 1354
294 985
477 810
1286 1553
135 499
581 1054
850 1533
273 1445
582 1468
223 1261
324 705
528 635
236 603
1029 1447
496 520
802 1572
45 860
211 378
747 1506
539 1507
687 1481
212 1062
906 1299
458 1217
153 906
614 1086
867 1578
29 353
676 1379
755 1354
531 1041
37 1242
367 1271
258 828
1381 1388
267 1361
643 1039
94 451
625 1344
864 1079
492 1267
487 1498
111 381
399 1525
334 901
297 1239
749 1004
685 695
70 845
10 339
7 277
839 1321
922 1557
436 1222
375 1255
146 905
868 1317
264 311
925 1153
431 644
336 1223
607 1172
112 984
882 1436
1312 1340
158 1099
98 1316
56 1402
1338 1562
275 1512
474 773
576 660
725 784
1184 1590
499 770
1309 1359
852 1556
220 486
919 1071
1037 1527
1420 1523
363 669
340 431
460 565
192 263
342 964
1163 1191
47 549
556 1422
379 679
452 795
1055 1386
1013 1491
613 842
95 462
214 1553
93 1259
87 1225
139 692
610 1522
913 1215
185 1102
22 370
1128 1520
420 1048
206 1213
250 1411
1121 1466
976 1435
441 1008
43 1582
701 1166
445 646
1119 1468
1502 1562
172 1358
1081 1467
687 1140
83 1329
1006 1213
909 1589
409 888
227 1535
235 1074
457 693
362 1440
665 675
671 693
538 545
145 1131
331 577
497 1103
1412 1522
279 821
312 985
175 1224
1263 1584
1042 1147
1124 1312
1032 1434
466 1329
257 1247
206 516
801 910
309 1227
299 798
483 799
365 842
421 610
54 1390
1335 1495
880 1485
323 607
233 345
237 1068
433 1369
789 1296
603 762
292 469
450 803
599 1327
608 1444
762 1383
391 811
934 1073
848 1448
371 1186
859 1226
549 634
724 1426
352 467
458 1476
596 1130
622 868
488 1320
291 1485
602 1555
406 1372
235 677
1089 1364
764 1435
756 1004
273 766
382 470
1379 1486
169 1330
948 1287
454 989
1276 1320
171 1369
88 1500
293 1343
611 1132
515 713
918 1374
1141 1225
394 1238
318 681
698 1182
472 1017
300 704
568 1411
1142 1210
176 1141
232 1551
374 1175
436 534
1033 1100
55 390
422 729
48 118
464 1159
1169 1321
461 1419
591 1007
250 992
152 1402
849 1174
21 96
402 670
418 1025
716 1269
352 1193
330 808
144 1572
34 1481
223 580
1081 1459
1037 1211
749 1344
239 1404
196 392
659 795
329 1438
613 1441
179 1236
461 1052
260 1301
758 760
21 224
842 1086
107 1063
631 971
22 177
1362 1515
585 749
515 737
287 1235
619 1320
156 294
1110 1152
385 1079
226 1196
1273 1417
464 526
1181 1504
1055 1338
202 434
361 1566
1070 1599
398 1590
269 582
72 163
188 843
624 1075
609 755
282 718
979 1046
1156 1367
1309 1375
820 1176
958 1492
413 751
190 487
903 1468
1057 1268
278 963
73 994
346 399
691 1483
299 1405
164 331
1216 1378
961 1236
369 554
731 828
910 1582
384 1248
1088 1183
636 899
570 657
364 1553
784 1213
1183 1209
442 1356
31 76
106 1145
132 1271
423 1332
836 866
149 1495
404 1206
257 1450
826 1465
154 169
984 1339
141 754
769 1591
1164 1200
1292 1554
522 1307
727 837
1126 1550
256 396
337 1530
263 874
1351 1454
41 86
114 995
30 1384
1096 1560
484 973
551 836
416 955
191 467
995 1368
618 1050
136 1323
870 1493
755 781
99 1423
877 985
793 1274
1428 1595
211 1031
135 1237
857 1300
964 1317
176 1567
74 1070
1083 1316
1228 1547
303 612
240 759
400 981
1310 1534
782 1499
135 1565
831 981
1017 1427
725 1597
208 1167
62 1578
271 1288
8 268
364 829
3 161
179 507
216 233
921 1450
741 1411
773 912
17 1592
53 571
723 1371
895 1259
63 220
429 694
1195 1499
732 1303
244 584
186 552
160 1569
517 1067
1224 1414
130 245
881 1237
76 306
274 493
869 1511
633 913
758 956
1143 1198
1075 1499
449 568
279 1296
18 1279
940 1259
122 1049
1356 1474
742 1219
779 1572
318 344
89 1326
61 1501
232 312
734 1477
889 1101
945 1245
493 641
249 1473
849 1090
281 1591
863 1500
717 1281
1345 1564
45 1025
1541 1548
29 523
52 862
1011 1410
655 1350
1196 1326
797 1108
237 942
563 1529
833 1274
91 870
172 1154
81 377
884 1255
286 487
457 1347
71 939
278 1091
589 1162
114 1452
350 1018
594 1401
571 1080
122 1515
567 1014
557 990
116 1033
183 497
1455 1577
524 1112
429 481
266 501
989 1541
660 1040
934 1399
307 1056
357 1511
280 479
377 1036
626 835
84 588
479 1422
616 831
288 1409
102 851
328 1548
1124 1416
1478 1497
967 1511
187 1401
424 805
303 1407
804 1344
566 1009
76 1175
125 449
342 462
229 1290
447 629
511 1319
569 734
354 1573
3 1235
437 564
784 1084
89 1226
998 1149
47 1568
663 712
177 816
22 1407
846 1312
1422 1559
784 889
788 1315
416 551
27 847
38 385
131 153
771 1485
139 798
1529 1534
415 1298
733 1560
736 1373
348 373
402 1081
895 1178
971 997
606 666
274 1521
391 1374
902 1481
937 1249
1054 1200
427 790
874 1357
584 1231
239 754
258 651
233 623
100 1370
59 346
30 996
594 1154
513 1179
760 1268
1477 1542
1129 1268
236 977
322 589
936 1406
735 1229
209 1528
1084 1259
742 1376
7 232
51 443
232 456
269 1164
430 579
577 1223
639 845
1270 1337
1092 1439
87 991
426 673
85 134
587 605
361 1449
894 1172
414 949
774 1458
40 1289
835 1197
79 1137
210 934
374 1213
1246 1421
305 1106
802 1220
880 1571
423 1551
966 1202
687 940
1497 1577
606 1297
458 1045
78 466
247 779
38 590
595 1373
1551 1588
64 179
675 1461
665 1062
112 658
474 740
279 1151
110 1005
696 1274
44 1444
124 750
500 521
928 1025
1150 1365
369 489
668 1369
1304 1362
1016 1071
1126 1405
458 761
168 384
5 796
452 708
897 968
1166 1185
33 1512
305 1193
559 1457
92 869
1026 1084
243 353
403 551
979 1147
461 976
327 903
476 1107
1204 1405
1233 1468
902 1475
110 383
427 1563
1446 1497
1199 1428
329 504
390 1282
450 787
1034 1181
617 809
503 1063
62 978
838 1176
1216 1315
344 1288
1398 1438
1121 1423
354 1421
625 1136
151 992
939 1388
646 1104
419 925
1177 1433
508 575
776 1254
975 1432
176 862
407 872
392 793
1094 1472
7 1190
548 629
246 1227
320 596
246 846
202 1539
504 962
654 1505
441 955
673 935
178 770
355 538
616 1293
137 140
714 915
396 1069
261 1116
865 1051
992 1254
986 1388
751 896
526 1564
150 839
975 1368
1074 1598
491 1314
627 1260
346 489
366 1126
521 917
39 1232
445 1278
813 1241
559 1094
132 983
1103 1185
1142 1214
30 417
47 216
541 1275
161 1150
1006 1339
277 1028
161 329
634 1027
637 1397
738 1466
701 955
562 1412
57 1537
513 855
69 624
204 1355
393 1092
702 844
481 736
64 1113
1331 1340
1109 1136
1178 1599
30 1077
1426 1493
306 1335
160 447
828 1289
1251 1268
198 1130
58 1111
1319 1400
451 1107
1089 1297
641 1510
804 1011
77 1564
1076 1240
499 960
495 1261
355 560
543 1044
400 1518
457 1461
549 1030
1308 1385
542 966
406 444
196 1420
286 1356
338 906
224 525
316 1243
1322 1355
1476 1550
830 1473
366 1251
839 1559
589 932
337 1283
1059 1550
278 1098
429 652
376 1540
449 1373
1304 1536
761 1284
180 1306
173 1263
67 655
40 689
231 1207
569 1127
505 1219
425 598
906 1596
387 900
1256 1462
861 1449
1125 1333
16 1191
121 199
746 926
1322 1479
1174 1558
1011 1105
632 1038
993 1486
1166 1347
50 472
925 931
383 410
1131 1508
146 1345
182 807
543 638
332 757
647 1463
1088 1545
810 1451
540 1592
907 1068
569 1113
453 711
916 1018
66 752
107 180
331 494
413 1211
365 478
498 620
501 1524
583 794
824 1555
850 1497
358 1170
184 669
142 1456
334 719
146 788
1333 1360
471 1195
207 705
748 822
598 1202
629 1244
109 1343
330 1000
193 1532
573 1270
1374 1545
1379 1447
61 636
1376 1392
249 338
134 1570
443 854
1097 1431
943 1239
805 1033
820 1429
448 1114
154 882
1163 1561
938 1579
608 1559
1286 1507
36 685
359 1253
319 786
706 1110
166 1213
768 1519
484 1317
456 1030
984 1310
1005 1115
117 866
732 819
865 950
401 1449
21 288
597 972
511 1396
494 606
543 1047
395 864
96 1532
419 1559
624 755
155 1458
854 1396
770 1069
299 1214
299 885
512 912
38 349
763 1521
1332 1583
165 438
135 1204
241 627
692 886
872 1004
167 508
436 1377
550 1356
384 529
13 1477
363 629
7 308
280 1157
122 1116
143 1506
341 1098
780 811
469 920
1068 1397
158 445
590 1311
435 690
1144 1220
296 313
93 1342
1072 1588
866 1035
999 1312
31 1031
914 1146
394 837
113 1044
109 406
172 1021
126 1151
289 412
95 144
1119 1442
557 1203
169 933
1282 1598
976 1049
247 370
745 1030
249 438
548 987
322 469
532 957
66 522
50 744
1200 1478
15 1507
775 777
635 908
225 750
240 1451
466 1272
1485 1538
317 322
175 1257
211 1391
115 1457
643 1177
626 1300
1167 1192
136 1380
789 1322
33 566
673 728
690 824
1269 1392
361 362
230 378
925 1176
66 1490
364 1374
536 757
493 1136
418 1510
192 628
399 957
574 1267
105 485
575 667
189 1110
197 1067
439 1367
292 539
330 1223
1141 1482
902 1437
945 956
860 1424
84 1161
100 335
596 682
509 1211
310 751
34 894
464 1290
195 1271
827 1506
15 867
723 1111
101 180
175 1334
251 562
546 694
32 619
98 1200
215 573
519 1042
1313 1448
143 1378
255 348
317 527
1175 1555
882 928
187 702
217 1102
160 1431
56 1230
916 1479
995 1171
1406 1581
989 1228
1066 1328
157 1230
264 1139
65 1525
405 622
126 609
459 561
1217 1434
237 1222
974 1371
45 408
730 749
1215 1431
204 1434
213 535
395 743
1106 1467
1040 1446
565 909
7 1115
550 585
90 483
163 292
209 1275
302 1128
695 977
789 1300
1215 1225
140 1569
527 995
867 1399
253 871
310 850
487 1297
391 786
604 675
200 326
1022 1194
349 1094
772 1499
9 397
190 814
18 1218
13 800
478 1498
542 851
132 1032
30 1469
149 1393
238 980
689 1555
133 398
566 1380
163 1586
421 784
860 1597
1186 1494
230 1133
508 804
398 1277
691 744
240 1341
1143 1394
556 703
653 1314
1014 1472
1046 1260
514 654
79 128
1146 1355
389 664
1341 1489
298 1562
720 765
61 1565
1037 1505
185 1600
249 1179
537 1253
133 1160
296 710
413 569
544 1197
272 307
65 855
914 1070
548 1462
672 1394
385 1273
102 387
28 1543
357 435
1219 1424
1140 1296
352 974
222 354
321 802
1168 1462
879 1059
227 259
434 985
1078 1590
574 696
564 667
471 1056
335 969
477 1567
482 1569
315 788
912 1587
472 775
383 419
11 507
651 890
652 767
530 809
426 884
489 823
47 336
663 1592
116 583
1176 1205
766 1413
40 969
87 858
292 1513
178 501
556 954
858 1414
204 361
32 555
76 1277
191 1012
1159 1568
234 536
330 1192
840 845
96 750
444 933
181 1018
422 1221
127 197
530 1310
297 1420
1119 1134
101 718
245 899
1000 1358
171 1571
416 468
418 1137
1180 1366
978 1449
98 153
545 1540
521 1443
194 465
971 1551
704 1403
141 742
1026 1122
264 1043
1143 1415
528 671
644 745
121 1435
210 775
489 830
421 559
678 1264
118 1292
503 947
1169 1596
77 228
205 1132
435 951
440 1082
146 268
701 1002
1309 1492
889 1080
886 1147
654 707
937 944
152 1363
980 1128
197 593
185 491
115 1101
663 1306
586 1035
649 1489
851 1494
14 505
371 855
550 651
500 953
1066 1575
285 343
183 762
105 929
104 769
294 761
364 470
1357 1593
199 207
1459 1583
1488 1527
1061 1370
448 656
222 413
501 1127
919 1062
601 1244
1028 1093
934 982
613 1293
58 647
98 1460
727 870
125 150
338 1169
6 310
225 1478
1057 1059
552 884
635 1368
111 671
330 1418
720 1419
314 937
368 1402
702 1325
8 1343
1010 1467
1020 1370
1482 1526
41 572
226 1576
1276 1423
136 372
267 967
207 1515
355 853
34 182
349 440
748 1512
986 1389
58 1283
375 1413
417 827
196 767
282 1178
167 618
692 698
714 1311
785 1435
62 532
311 344
24 1249
752 999
122 605
741 1016
794 1206
263 309
509 785
600 616
594 664
3 1048
222 1502
736 1530
272 1517
809 1593
207 909
380 1105
785 928
187 742
255 915
451 522
426 1056
199 459
693 719
799 1019
102 1057
195 911
236 1072
160 820
699 748
610 1290
933 1158
1 1202
1089 1564
1083 1169
377 642
1138 1224
252 1185
574 725
117 362
204 516
1342 1452
161 1405
805 1228
63 547
292 735
293 1114
715 1117
1104 1120
151 819
16 772
751 1308
106 639
1135 1516
540 1219
125 1279
463 1144
1218 1303
84 841
465 724
1139 1426
477 1214
150 634
193 400
85 1233
5 1229
1117 1554
873 1600
429 1456
1002 1299
447 1475
699 714
420 918
63 923
576 1301
139 871
576 1345
9 208
568 1005
28 1140
579 1003
1021 1248
114 916
876 1023
140 1337
355 442
1039 1416
997 1400
771 1450
83 1347
175 899
739 1084
468 1536
196 1273
1362 1546
378 1056
434 1178
13 368
810 1145
394 1581
684 1543
479 834
113 1088
763 1171
975 1594
566 955
251 781
69 965
23 1524
390 490
794 814
350 1247
157 211
166 290
189 1238
495 1168
158 1061
119 1018
1 1584
319 1352
41 943
643 1458
83 951
1009 1480
812 1140
711 720
127 1342
623 969
417 641
188 1485
427 1390
60 91
657 1024
286 1576
464 500
728 1093
194 737
133 1079
403 1014
688 1269
833 1161
60 586
475 689
120 677
58 880
159 1006
531 1292
340 1324
334 402
401 1516
753 1574
415 1044
412 866
1197 1490
698 715
216 843
221 588
367 1277
603 629
868 1398
131 321
565 734
734 1011
1280 1416
611 1316
653 1262
1423 1445
171 1307
255 593
639 816
219 1504
615 878
92 1525
360 1505
539 880
1085 1535
823 1098
132 554
682 1451
226 1318
156 1381
182 795
1033 1127
832 1029
171 803
123 1159
274 520
830 1520
128 1042
18 1463
786 796
1055 1413
388 1359
389 1043
326 561
382 1153
263 936
1023 1457
