1600 4000
496 921
506 1388
420 888
77 1197
434 654
1140 1392
989 1487
432 1389
553 933
384 1061
30 543
1100 1373
478 831
302 525
708 787
803 1086
588 1406
1286 1394
777 1401
1244 1309
997 1158
531 774
483 589
675 1359
70 1084
156 877
581 1178
121 1400
438 1050
644 893
565 1131
237 720
218 979
514 610
57 81
600 1450
100 433
331 745
651 816
242 251
133 707
172 203
821 1038
1307 1490
219 902
1421 1452
258 1256
41 839
154 1583
157 574
359 609
1475 1494
1476 1586
82 880
582 1490
7 230
682 1114
1058 1130
1009 1106
63 1270
576 1101
148 748
334 618
499 1345
152 944
259 917
95 659
646 1223
768 1413
601 1578
566 657
503 556
355 1114
50 1345
376 644
1501 1558
763 1446
191 508
1342 1560
34 1480
210 1574
169 639
945 1192
479 554
467 493
177 1289
346 435
683 783
290 696
523 1321
992 1165
31 313
437 1457
137 688
609 1191
79 278
353 776
489 1068
60 1167
605 686
530 973
647 881
1137 1149
943 1558
653 819
370 1467
324 969
98 99
1297 1511
1314 1559
267 1293
173 1064
292 705
304 1344
1127 1307
747 866
132 207
403 1154
453 718
631 1358
35 313
363 798
238 366
430 898
1046 1126
950 1119
1047 1533
271 378
723 1239
874 1399
738 840
868 1468
127 738
444 1528
616 1150
386 1485
730 850
312 578
697 1072
711 1208
597 1077
1092 1217
604 770
110 324
403 1042
363 513
21 1508
655 909
557 755
644 1284
302 639
1049 1205
972 1283
295 1102
178 973
224 863
196 1532
127 932
468 1109
495 1336
888 901
515 1099
956 1427
387 1177
995 1231
253 1207
1019 1345
43 1429
168 1014
242 953
799 1353
1438 1498
703 1346
493 786
429 1576
32 1285
931 1289
921 1540
437 1212
96 597
1185 1322
502 1511
374 581
187 306
241 1599
133 1001
142 1316
396 1463
971 1459
75 715
1395 1589
452 1058
470 1275
12 1155
121 656
85 1095
375 1333
293 828
1578 1579
323 791
658 1394
195 1492
104 341
243 1535
397 787
550 966
1141 1557
871 1318
788 798
747 1580
1120 1181
582 989
1298 1354
308 1218
772 1458
624 1335
572 1346
391 1174
125 213
930 1138
319 1121
495 1319
149 303
250 1074
1370 1515
266 473
864 1047
33 1164
425 846
550 1369
1042 1406
394 1471
432 894
170 214
287 1125
158 1290
916 1564
284 682
56 1476
874 1072
713 781
245 739
14 1359
214 619
501 768
207 710
778 1275
97 1058
433 1217
5 380
570 1506
824 1320
686 1288
258 308
385 1096
609 1128
718 735
759 1098
1190 1301
206 634
11 583
562 797
248 272
904 1448
507 1014
753 1493
110 420
1009 1268
275 707
828 870
405 616
1405 1407
23 702
129 832
843 903
178 655
764 1428
810 1309
642 726
678 789
176 993
959 991
829 1024
834 974
61 1599
644 1343
622 1439
432 1202
1039 1202
994 1550
124 1159
298 741
21 1393
835 1520
472 1213
1215 1305
623 1503
204 1210
252 1187
540 1378
647 1371
575 1269
26 244
662 794
1153 1180
381 647
836 995
238 1593
1304 1412
196 1510
604 1016
237 733
508 1085
92 816
796 920
185 521
666 1110
193 406
893 1071
733 1067
801 1282
616 848
620 1406
148 1241
522 1280
764 1587
994 1351
445 903
147 454
656 687
41 661
1079 1370
274 1169
942 1232
492 727
566 982
897 1136
99 821
735 912
255 860
1104 1557
333 1480
141 1096
38 961
344 730
248 270
608 1059
74 640
805 1542
703 902
690 1086
298 759
583 962
587 1203
272 811
425 1173
315 629
541 1212
1523 1539
307 497
217 1396
326 1135
918 1484
760 771
40 1331
380 1381
583 1038
362 1099
612 1167
84 245
501 671
754 1040
100 612
191 540
185 306
414 1529
599 1460
575 684
724 1073
484 864
1518 1561
462 1097
71 1151
129 1060
411 1482
569 1024
723 1288
187 300
268 1540
474 1262
1184 1589
772 1220
339 731
235 298
774 1083
204 675
410 458
23 371
698 1106
431 1246
519 1406
138 1119
139 1464
1542 1581
607 699
154 349
520 1468
104 298
816 1068
849 1484
478 995
750 889
293 637
925 1502
220 1232
1192 1282
1205 1372
862 955
1035 1285
269 1237
714 878
367 869
42 1137
1244 1505
90 93
584 1135
621 1594
130 1251
809 1328
1089 1212
413 883
874 1354
1314 1567
49 1365
365 1053
949 1449
542 700
636 665
146 1495
507 1437
510 1076
486 826
450 758
519 633
325 923
148 1342
1114 1201
1006 1358
380 587
952 1073
658 1108
603 1219
70 281
95 223
745 1240
1129 1541
807 1062
1374 1600
554 1424
104 262
166 796
18 335
887 1066
108 815
196 1302
1046 1217
117 913
808 1370
425 560
338 1228
68 1534
1207 1517
417 1218
282 1460
420 557
145 1010
15 1188
299 1282
283 513
249 1036
348 1352
91 309
240 1085
213 1374
1108 1487
94 925
500 1025
145 1484
206 1412
893 996
199 474
897 1164
53 639
461 1375
754 1317
499 1113
996 1499
324 396
15 517
960 1210
136 479
87 459
2 869
602 1317
252 446
592 1112
877 1230
59 841
353 1075
24 1097
158 395
265 1559
180 460
530 1431
664 1000
387 1045
478 505
904 1356
124 487
680 729
556 734
402 786
588 1461
288 1126
736 1340
555 1408
1533 1556
751 829
753 1367
705 933
227 1455
138 679
886 1050
418 461
263 1320
727 1582
245 567
361 1486
55 996
865 917
297 404
122 650
256 1364
141 1172
345 633
687 1444
932 1428
54 1166
221 1447
110 1097
165 1051
296 914
1274 1281
90 1476
486 1481
126 678
453 513
133 756
1163 1472
541 1375
677 1056
35 1024
817 1003
792 861
2 142
191 963
198 373
260 341
1096 1276
424 972
192 1469
744 1218
277 934
747 1239
1127 1167
31 1370
592 1343
5 1146
958 1445
1317 1464
917 1370
52 911
698 1506
93 1266
805 1487
1387 1598
245 362
155 1361
833 984
27 531
506 779
191 1219
732 1160
1068 1550
1179 1321
71 536
782 821
267 1190
48 550
59 1459
356 837
91 1257
450 964
212 1144
109 730
1537 1582
1261 1286
198 356
773 938
202 1472
343 723
260 981
165 653
262 629
20 1560
477 1492
416 614
390 779
1255 1345
516 553
506 715
305 538
585 702
383 588
890 1278
355 1450
301 457
329 1179
68 457
705 1525
259 1195
618 721
605 1131
25 1241
799 1534
486 1080
602 972
228 235
2 1279
43 755
743 891
427 716
360 1143
124 1378
1235 1251
820 1538
101 178
443 1466
225 594
960 1072
643 964
616 1238
554 817
527 1409
918 985
1225 1408
517 1098
89 118
1340 1397
295 434
15 284
421 1226
1337 1530
1077 1374
107 680
563 770
1422 1497
560 1540
1005 1033
555 1309
822 1364
681 1529
958 1209
577 1561
1276 1429
54 758
272 1383
407 943
383 942
20 1056
491 710
409 500
14 1571
220 841
1331 1590
392 991
915 1094
631 1176
339 793
86 677
392 1325
758 1343
889 1255
789 1095
656 916
567 672
358 525
238 406
598 1276
565 929
1255 1386
912 1134
50 609
566 1426
178 1142
942 1049
93 733
678 1525
1018 1308
314 1547
201 841
958 1208
469 503
867 1595
885 1219
466 1463
669 1584
144 1011
258 551
716 1335
706 1143
970 1158
2 1109
267 758
452 1203
134 1448
76 600
173 877
735 1539
1081 1257
315 353
928 966
299 310
665 1264
20 280
1384 1581
467 675
447 951
393 1439
370 914
881 1364
901 1081
795 1462
341 1129
767 955
102 1356
261 1050
79 484
853 1119
717 1521
867 1168
719 911
878 1443
306 440
1014 1081
484 876
1496 1530
832 883
488 789
990 1049
215 384
557 1417
57 424
344 593
838 1414
200 1090
176 1391
164 1253
444 1529
84 1258
805 920
760 1237
119 1443
78 247
613 951
6 528
350 1563
657 1201
672 1426
384 752
721 1249
37 529
400 550
967 1098
165 1277
654 1230
297 1340
173 1200
64 1324
314 844
1338 1396
992 1411
279 365
120 1502
1150 1424
881 1106
39 51
945 1308
87 1080
23 453
306 770
452 1504
49 423
1066 1501
23 214
1295 1396
54 842
739 1206
544 1483
906 1253
374 1111
464 1302
1188 1329
890 900
1000 1196
414 1094
390 667
267 757
410 1213
117 873
197 478
1362 1568
1279 1516
15 77
66 661
871 1404
28 1012
726 846
854 1363
1172 1212
405 1523
407 1072
408 617
375 791
986 1137
1043 1365
387 776
117 366
404 542
684 840
110 750
1105 1172
442 967
918 1453
1465 1541
733 790
36 1568
1354 1438
1434 1500
145 1178
351 1165
693 1451
648 1107
796 1069
1199 1505
1037 1458
63 1366
1442 1453
1304 1581
1421 1573
561 603
289 727
858 1519
588 1377
244 1171
274 1128
329 409
146 377
793 1357
326 868
996 1410
944 1201
1449 1593
289 1340
505 665
317 512
450 617
397 1149
579 1473
1277 1577
83 581
1324 1420
536 1319
225 469
1156 1451
797 875
58 393
202 366
713 1244
294 1305
323 1594
257 1228
1174 1474
198 456
1002 1455
920 1072
150 1548
131 1598
650 1258
1043 1176
93 955
18 1369
23 1139
685 1356
868 1518
620 985
1254 1429
128 734
273 746
1371 1548
538 1078
804 810
101 1300
592 1536
350 1166
92 851
211 739
1039 1511
190 785
1360 1478
652 1127
614 811
111 478
300 1461
505 1105
525 1233
529 1531
656 878
171 647
1003 1162
441 517
756 1100
506 1250
240 379
43 1115
126 1336
279 1583
74 288
716 1198
1326 1511
228 1130
605 1151
1269 1344
202 1140
221 369
87 878
636 939
572 674
551 956
194 1251
388 1188
161 326
690 1486
408 1238
552 667
769 1326
145 661
1179 1398
922 1494
170 939
727 976
572 1168
862 1245
1156 1494
227 374
825 1547
864 1306
230 241
1265 1519
69 974
290 1336
129 1367
154 603
44 1559
168 827
86 548
741 1181
41 518
1123 1492
359 433
915 964
1066 1422
105 1078
883 1265
749 884
1000 1589
1298 1397
880 930
415 702
222 504
1260 1305
1129 1445
42 130
115 190
875 1050
1150 1271
277 720
257 554
1504 1586
423 511
235 949
301 804
457 518
824 864
109 591
281 1133
1444 1554
16 524
537 1338
1005 1297
937 1175
38 524
782 991
517 1599
334 1487
195 418
475 1014
983 1445
907 1026
105 1299
482 814
741 1121
194 534
7 126
795 1400
209 213
1071 1512
176 186
717 747
556 1588
369 928
473 1169
337 1292
704 1510
122 1417
137 143
535 1579
1203 1573
769 869
1434 1548
244 1175
28 507
560 1554
1018 1389
683 709
41 71
1222 1262
118 1309
455 797
522 1284
182 744
522 670
1161 1221
361 1579
949 1194
1145 1409
72 1167
340 800
234 1243
229 1137
152 1092
1230 1301
52 660
407 1499
61 467
1088 1475
17 1164
373 1205
64 628
935 1067
873 1585
1185 1395
908 1551
404 1082
134 824
449 774
426 1342
111 1134
1431 1436
434 659
33 919
844 1369
331 1361
636 929
738 884
444 1118
259 391
1145 1223
330 524
244 582
1206 1261
553 661
891 1172
66 1535
4 746
721 1441
491 724
75 589
750 943
466 919
391 1590
514 1294
591 1145
147 757
152 703
1051 1112
218 694
685 1306
695 1495
707 1310
239 1256
1001 1263
278 345
719 985
6 1583
360 1180
183 886
410 555
218 904
372 1230
564 1073
1454 1514
87 1316
644 1257
1346 1403
825 1036
395 1229
156 1465
246 814
403 1229
357 908
143 332
647 672
92 736
990 1496
403 877
900 1211
304 850
813 1324
729 1023
1166 1355
274 1428
356 545
625 1456
695 1303
306 1049
935 1279
1103 1128
1015 1489
1306 1513
956 1431
1497 1532
1010 1261
628 635
1082 1182
34 570
382 1517
256 1154
453 1485
782 1161
496 748
8 1113
980 1491
829 1322
388 394
212 993
416 526
331 857
328 995
474 1471
1079 1554
558 1071
831 973
595 1061
654 1087
496 624
515 1487
102 387
593 1425
304 1170
550 937
729 1184
927 1273
998 1507
574 740
262 1099
441 1249
806 868
398 1368
24 452
1110 1185
362 1030
305 796
440 1298
228 818
294 1375
226 1493
1415 1419
982 1135
274 921
484 679
17 1342
614 996
188 648
73 1580
463 700
527 1367
431 1040
561 850
61 847
564 615
526 641
251 664
524 1203
1140 1376
574 1576
653 1584
964 1308
509 1111
1023 1468
233 789
540 619
908 1259
384 930
853 1095
108 265
905 1510
483 1285
170 1007
1250 1577
313 1096
523 819
562 781
1329 1495
721 1235
155 448
289 1454
197 1106
962 1092
99 555
4 781
413 1252
206 317
764 1253
599 1401
1176 1440
534 1416
1323 1564
455 781
711 746
1319 1535
121 1427
1455 1537
682 1298
389 1054
1355 1555
84 1231
966 1256
602 799
240 1192
1215 1267
231 1389
349 409
1387 1462
268 709
1084 1543
295 1098
1234 1430
122 1412
630 1429
776 1392
105 741
77 730
535 1268
428 520
380 899
994 1526
825 1019
235 1178
492 1532
571 1096
1247 1249
370 1179
17 250
123 1180
899 1125
276 376
357 527
992 1315
99 725
566 1363
238 1287
291 891
870 985
175 608
207 976
1170 1396
385 809
283 589
433 434
75 539
369 1340
56 139
1134 1589
1118 1401
1012 1267
37 810
61 1089
177 608
839 1550
628 1188
1029 1229
965 986
127 253
139 599
490 840
623 880
726 1147
649 826
729 845
367 1018
417 1334
257 1075
620 1544
310 1512
1214 1292
51 544
449 1147
1086 1313
887 1118
510 1598
862 1155
1171 1470
307 1565
287 764
273 1327
764 767
695 957
407 800
411 1281
876 896
307 1274
1156 1444
893 1541
385 1577
212 1509
347 613
1293 1523
397 854
703 1086
303 831
1216 1596
742 1002
872 970
451 706
696 839
568 965
321 1294
490 802
875 926
68 1595
113 711
128 1358
535 1218
1186 1230
455 1126
207 678
457 514
236 372
29 826
165 185
1261 1307
549 1321
649 1530
845 1598
1226 1351
637 870
761 1004
53 1176
106 1518
933 1347
359 1276
558 1488
999 1363
693 1477
40 1152
171 1236
905 1347
412 1486
1095 1281
394 670
266 312
215 1531
836 1461
217 1069
895 1349
234 826
1471 1489
1048 1412
29 1355
227 1151
798 807
128 1059
302 1563
200 845
351 1195
773 1306
737 1269
161 1245
94 251
488 1573
198 359
1271 1406
716 1421
362 856
904 1175
823 1116
984 1143
722 1316
1027 1399
683 1184
768 963
923 1526
139 782
890 1149
544 1184
533 1075
1121 1580
364 1437
999 1564
237 254
783 1116
908 1423
103 391
890 1499
330 1404
270 271
420 1132
167 681
259 1411
520 1372
71 1512
1204 1575
974 1273
1037 1327
395 987
274 1327
574 1516
96 941
388 1080
1257 1467
179 655
424 1110
930 1456
910 1093
434 1109
36 515
614 759
226 1108
62 1409
192 1430
3 254
1032 1529
1310 1391
462 587
68 318
823 1312
1559 1567
737 1278
252 905
527 803
237 941
707 1312
4 578
322 872
547 601
565 1513
1028 1140
1283 1457
269 681
337 1568
35 714
316 700
1044 1332
685 934
265 1259
337 580
80 154
167 304
264 345
1453 1482
773 1149
167 1016
739 791
1068 1274
428 1574
606 1380
398 1055
21 183
497 1035
288 529
20 1422
685 988
182 854
576 825
428 860
171 1213
142 1457
76 1046
226 1229
194 902
253 1106
790 1546
862 1514
51 144
779 1020
429 833
1291 1520
438 1251
909 1124
196 594
521 1102
268 928
1111 1150
658 1232
693 722
961 1465
603 1473
586 662
151 1038
430 1349
107 676
1031 1256
906 1020
233 389
180 324
188 1549
12 103
63 1190
386 847
571 1444
296 1259
106 467
666 1393
159 340
339 673
599 879
763 1443
208 1196
218 1052
819 1202
222 671
471 1466
1123 1153
1039 1464
498 706
1132 1315
157 1060
250 812
216 1553
102 776
769 1314
500 1013
251 1176
649 1327
149 331
740 898
208 1251
584 1572
999 1296
501 928
989 1348
1324 1520
367 500
7 894
181 445
199 570
918 1449
3 1087
513 1165
9 291
91 681
47 1357
867 1467
430 835
821 1216
18 802
343 429
485 1173
44 542
351 905
300 1034
585 1439
149 1498
743 886
398 882
1107 1115
187 581
260 919
940 1224
663 1111
247 1208
1079 1222
180 732
691 876
1448 1526
1018 1021
9 511
435 769
69 1366
1268 1304
76 1444
671 1443
105 1021
543 923
742 778
460 1120
780 1236
315 577
568 1404
167 223
155 1390
1070 1311
1011 1282
136 627
668 1446
1234 1479
497 1394
80 88
498 1080
291 775
118 872
462 1161
1086 1271
1217 1481
660 736
780 1522
552 1376
518 1318
74 784
64 586
480 553
472 839
350 426
1209 1467
538 1441
69 437
45 459
1003 1383
489 1011
229 1188
48 181
625 1088
25 810
109 631
858 1436
290 493
335 635
1246 1544
526 645
192 829
502 1254
465 622
446 1378
1053 1461
624 1516
529 1073
199 1254
692 1114
314 1414
86 1600
90 1303
805 1357
926 1515
86 485
614 724
412 1354
1365 1366
1416 1577
367 1162
449 462
868 1497
401 659
20 1578
608 944
265 1039
1191 1592
95 958
828 1472
821 1387
474 657
1130 1211
682 1425
348 1593
116 123
872 965
681 1025
604 1093
1199 1352
623 1565
419 511
415 692
936 1352
915 1221
49 1600
445 1304
1117 1386
859 1510
138 1356
414 830
508 1163
32 989
1427 1530
295 1350
192 669
203 1160
47 1527
636 1411
504 1057
12 1284
210 559
392 1479
40 1082
82 1190
734 1032
564 658
339 363
809 1182
358 1450
262 649
7 510
31 442
440 654
1366 1402
80 1557
945 1199
402 857
337 1183
8 1166
188 844
520 1593
318 1226
947 1463
90 998
183 288
444 1124
14 1556
762 1172
634 1351
67 1447
423 1021
819 1025
662 1528
64 818
936 1323
330 611
395 541
615 920
532 1344
348 427
499 1440
216 375
401 491
1144 1534
323 1017
519 903
558 1542
646 713
587 898
533 946
540 1189
465 1119
400 456
436 1350
225 271
1147 1494
814 1062
104 535
184 342
747 795
1469 1581
706 1107
355 1284
932 1041
806 1579
300 1195
276 1483
990 1124
118 1567
162 569
249 1481
379 1505
178 487
676 1315
1322 1480
230 762
1015 1266
788 884
239 1419
324 1090
102 1099
2 1123
411 735
279 1279
1184 1399
742 1532
111 1021
40 822
494 626
923 1160
26 1064
377 1450
171 1174
304 1388
486 875
221 827
12 533
157 1022
32 439
171 1243
226 554
598 1539
67 1517
160 317
971 1300
1113 1266
741 1104
205 1538
332 1264
432 1281
133 1401
836 1521
51 924
523 938
760 1263
58 1248
257 920
344 772
1074 1485
743 1403
1379 1456
83 553
172 547
1026 1549
742 1220
401 715
580 981
6 539
133 832
620 1061
25 1133
813 1026
1402 1446
49 81
182 285
1232 1508
159 861
709 866
299 929
13 1333
683 1286
91 135
701 1578
1195 1599
1350 1508
42 1152
1264 1529
264 939
278 1253
45 161
463 726
273 951
364 368
667 936
710 1543
62 813
439 512
206 1091
295 1451
916 1374
34 214
282 913
965 1242
103 475
378 1339
217 950
119 368
1108 1130
264 1051
590 1552
296 336
103 1592
1146 1458
49 1338
668 1016
222 1045
255 1092
489 1195
54 823
216 655
60 1521
383 924
81 1316
131 1082
276 901
486 1254
475 897
327 1543
516 1287
201 1527
751 1462
607 986
364 1562
528 1496
635 1199
893 1083
46 463
194 1320
296 583
391 630
74 1247
35 1099
587 798
67 1227
1325 1448
360 897
145 1545
459 1246
938 1526
460 815
440 526
794 1413
611 1451
88 1329
584 1449
578 1596
256 712
150 1472
674 982
70 1088
375 1007
255 831
10 861
181 871
78 197
598 758
394 997
1 84
759 1023
389 627
436 676
461 1013
278 651
479 1331
927 1561
527 1543
316 1447
1198 1591
327 643
191 611
738 1518
1192 1284
350 1285
539 1555
34 825
95 1238
333 1434
1142 1597
516 1090
69 325
938 1408
344 1269
39 1524
12 1371
429 785
200 1025
582 833
46 892
75 1464
573 1104
1163 1283
1489 1528
405 1020
254 547
233 1219
633 731
485 540
403 849
378 596
153 521
575 1164
1029 1567
651 1061
223 633
418 1368
638 1534
22 854
387 910
552 1260
820 1531
285 853
437 1368
793 1585
140 1380
907 1235
215 921
833 858
73 98
100 859
482 1521
48 232
627 1182
401 597
533 977
922 1191
870 946
284 886
428 846
1207 1477
993 1426
640 926
454 1193
233 338
1524 1598
573 1498
11 426
256 618
786 1384
30 303
952 1016
725 1252
58 889
898 1285
1193 1277
427 923
66 347
1390 1484
357 451
777 1341
938 1341
1026 1547
763 1311
765 1041
1222 1402
241 1010
385 1351
417 1152
139 1398
768 1362
9 1073
591 669
245 674
894 1384
761 971
1436 1490
946 965
1168 1387
392 959
855 888
132 1515
290 1182
376 830
159 537
447 543
50 689
856 1385
601 1377
895 1575
298 652
539 904
377 1260
487 1003
353 749
409 635
466 1102
47 1521
694 1225
343 953
480 844
382 780
790 968
260 1101
263 548
19 851
303 788
132 209
201 963
567 720
238 397
577 578
666 767
931 1385
212 690
88 569
60 697
684 1500
286 835
1104 1392
591 1162
79 157
799 851
740 1112
84 1527
606 1319
72 1489
757 1077
776 817
612 1420
453 750
292 1241
471 686
472 639
301 1318
948 1177
604 1052
630 1418
835 1033
532 881
784 1464
150 1248
343 1129
463 699
712 1216
750 1442
766 1283
248 1481
54 940
1315 1328
280 1338
895 1205
230 629
538 616
1197 1587
1183 1454
111 456
1 906
186 1146
1296 1488
704 1242
611 1220
115 327
531 752
301 702
624 973
1465 1504
337 1000
216 1123
1130 1466
6 1552
241 1270
998 1272
261 786
698 1546
602 761
1151 1395
425 1433
1066 1194
65 954
371 1094
218 1197
645 1470
286 1368
307 811
215 1160
589 1268
1190 1200
1423 1584
349 1233
125 1313
952 1459
334 1551
899 949
115 519
695 1590
470 1398
796 1407
215 1186
596 605
1274 1326
254 1277
358 610
38 1466
968 1076
246 536
396 717
282 1237
962 1571
220 910
98 209
144 1006
785 910
569 924
267 668
162 1497
22 71
432 753
1035 1437
436 1033
978 1237
147 716
1392 1550
347 1399
618 935
955 1250
176 364
205 603
232 1158
126 1022
775 1158
548 1461
1295 1389
692 1113
791 1475
88 257
852 1071
837 1575
124 903
812 1483
205 1371
546 1359
426 977
166 861
1448 1462
36 993
409 831
242 949
987 1148
82 884
548 1134
1045 1474
1291 1426
549 937
667 857
626 1286
208 1588
26 722
335 752
619 1009
123 158
270 1371
837 867
174 766
876 1290
845 1470
816 1336
694 1519
1016 1259
1274 1469
106 1562
793 1522
564 1435
275 1330
47 1103
1 1523
1509 1572
292 368
947 1123
969 1526
1170 1416
308 792
543 1562
531 1315
59 182
1174 1422
168 1031
335 1360
820 1038
333 1103
430 1334
184 981
1121 1312
1273 1409
356 552
922 1416
713 1469
376 836
1004 1548
806 1079
1217 1440
128 842
1108 1544
576 715
490 921
100 724
1430 1490
98 778
308 934
804 1144
518 876
95 1331
309 347
466 838
1067 1447
127 1228
536 1407
342 354
717 1240
354 1515
579 1054
552 1203
512 1196
17 822
691 1525
329 1007
113 1185
795 1002
911 1377
718 1496
732 1278
753 1070
9 1089
820 961
573 883
51 371
559 978
341 1414
68 142
262 939
993 1323
19 1488
131 642
1351 1594
340 480
318 1491
390 621
952 1055
201 1278
601 967
1065 1378
476 1215
792 1289
1157 1289
1549 1585
1157 1309
135 475
273 866
236 529
1214 1563
1536 1596
329 773
159 1148
645 646
922 998
1001 1214
1074 1328
571 1457
1017 1325
189 848
227 771
801 1034
94 300
863 939
1265 1584
163 1041
580 721
865 1470
333 1256
236 1483
417 474
248 301
510 973
720 1139
311 754
1450 1478
712 1539
948 1435
498 596
739 1243
148 302
1011 1036
352 1531
65 1259
77 1568
568 1333
375 543
722 735
676 694
200 563
1098 1413
212 1590
712 1558
1210 1381
725 1546
9 823
680 751
685 717
37 57
321 697
420 828
441 557
99 975
790 1385
357 1360
457 1443
559 604
885 1132
1157 1516
989 1329
1049 1298
13 67
1391 1445
361 953
1266 1557
316 454
975 1425
169 879
412 957
423 931
518 1069
696 749
1474 1547
16 830
621 1479
476 670
1133 1225
451 1425
512 1439
1060 1551
633 1004
803 1165
137 141
175 1334
1411 1417
645 1020
220 504
416 571
162 326
448 968
1198 1468
691 692
718 1187
1117 1301
450 983
1346 1377
252 266
1001 1187
1027 1431
1246 1493
807 1135
439 874
415 933
101 1334
194 1052
239 1041
156 615
998 1592
115 745
24 999
980 1166
340 1296
699 1044
770 934
1199 1545
491 1394
28 413
186 197
1212 1249
308 1387
1224 1480
155 1231
358 957
801 879
358 561
465 1547
781 1056
250 1475
756 1327
1545 1555
800 1574
158 723
544 1314
97 261
979 1265
146 236
422 1405
44 780
287 648
339 1013
374 1147
120 1369
570 766
311 1451
28 1216
1241 1348
501 1318
1139 1383
236 252
448 691
5 818
426 813
1246 1373
438 992
418 442
231 660
572 688
208 213
1183 1592
916 1254
319 408
671 1249
464 1157
134 350
541 744
407 1019
1004 1307
183 480
901 1313
89 1500
693 1120
979 1187
198 571
852 1007
367 629
643 1483
899 1302
140 395
33 1002
190 1036
357 1119
461 482
46 1337
82 631
58 1181
525 1455
513 1303
35 1384
899 1239
108 1416
179 293
545 1042
808 828
107 589
467 1159
325 1048
551 931
151 1090
185 1242
936 1420
231 1586
361 1542
163 381
925 1125
1005 1218
978 1105
585 880
29 1193
160 1360
805 946
516 1240
56 1187
124 481
1 1303
1061 1552
926 1002
354 1373
388 1169
13 505
913 1168
275 1543
221 906
330 729
532 896
311 1234
292 1381
892 1148
174 1032
684 1269
129 1343
1442 1591
1109 1408
469 1223
167 1363
93 950
665 1595
73 812
1365 1433
515 890
1097 1293
1148 1222
1364 1425
29 901
1035 1157
179 214
6 1248
421 976
113 800
1437 1512
34 1280
546 762
879 1415
649 847
1141 1173
136 1597
371 590
131 1392
945 1001
508 581
785 1291
1308 1513
86 1574
471 497
73 880
641 1065
1228 1558
520 1552
325 447
148 1006
310 1158
818 1586
169 731
168 1088
377 1552
1029 1346
1116 1390
498 834
328 502
1043 1044
454 1317
120 1139
365 1048
292 1302
53 1408
421 1063
947 1026
322 1237
422 1519
85 1041
1094 1197
1034 1563
164 443
481 1062
1239 1507
688 696
1051 1113
677 738
323 1142
871 1424
833 1191
469 982
130 1453
459 1391
756 1479
11 959
460 1226
464 704
895 1081
683 775
530 1084
59 1215
1115 1477
1128 1524
179 1463
445 1386
1078 1499
1122 1415
316 364
152 1137
27 399
181 1593
229 565
55 106
173 1129
58 1576
136 400
174 896
1131 1201
475 670
621 719
563 1368
966 1091
438 719
757 1303
556 1234
617 1091
914 1207
528 585
953 1561
330 1403
787 1233
297 857
699 761
92 1287
707 846
305 942
762 1551
396 535
917 1335
204 1569
494 1265
413 1503
903 1413
189 854
104 162
1311 1433
268 495
5 285
734 1273
1299 1388
756 1196
381 1013
1271 1496
319 1010
811 1030
225 1059
470 1537
954 1171
1017 1189
231 1440
865 935
286 1467
1174 1536
261 402
488 1570
192 259
1003 1193
472 1395
819 1349
132 777
595 1022
128 412
641 1134
1055 1505
780 1136
896 1178
1515 1548
60 1367
600 1314
342 502
113 895
1077 1594
470 1330
810 909
196 484
933 1035
977 1386
447 944
414 1358
121 149
887 1210
546 1018
381 1262
287 675
1064 1506
63 1359
10 57
297 495
19 30
695 898
402 1102
419 885
76 519
606 817
211 1252
974 1200
835 1566
592 1417
545 584
1084 1363
607 731
373 514
774 1112
1167 1470
334 639
440 1558
219 619
526 1331
82 1333
140 719
884 1173
775 1093
586 863
114 953
352 1238
21 1501
611 1047
541 1110
29 1138
948 1138
141 1287
429 1365
638 698
784 992
765 1380
232 317
778 1568
1477 1527
13 628
370 730
1031 1204
143 882
456 1240
193 823
697 1029
987 1027
347 492
931 1029
421 905
385 591
609 1380
568 1201
777 1382
1074 1318
866 1310
909 1004
156 1435
915 1080
112 1491
674 1463
66 1578
8 665
14 1078
1342 1572
316 643
310 1420
186 885
338 626
135 1025
175 270
476 1280
448 1294
980 1186
1069 1077
83 666
384 804
631 788
601 867
1338 1436
722 1402
1057 1497
576 1124
772 1409
728 1288
247 1479
243 469
176 390
640 1390
771 809
27 172
1092 1432
203 955
1040 1300
1294 1435
286 952
515 1576
105 1484
90 1062
160 1353
163 855
1262 1459
558 863
184 1507
336 1359
460 678
1059 1502
311 725
107 808
590 1419
1183 1473
997 1435
378 1226
533 1208
38 1572
1117 1430
125 222
299 340
55 792
188 663
866 981
640 1231
250 1146
294 498
263 435
458 947
648 916
749 1056
53 210
1091 1423
16 1053
784 1290
235 694
911 1375
362 1460
525 769
455 1233
499 744
414 528
485 1178
646 1242
755 1566
282 1261
18 70
368 424
595 1432
97 1580
227 1057
132 1207
325 630
569 1109
345 909
239 1295
163 404
476 1140
1143 1585
471 1362
147 228
137 1544
349 1271
332 1063
1272 1506
774 1155
24 50
748 960
464 663
85 1014
908 1179
265 594
202 627
1000 1452
919 1094
559 1455
366 1513
504 1131
897 1111
158 800
612 1297
345 471
14 494
142 650
1052 1169
415 490
281 650
177 577
521 746
4 172
523 679
1219 1369
116 802
473 511
1373 1466
15 926
8 1453
1062 1504
353 405
1336 1407
537 1255
305 1502
258 1491
346 1528
1520 1553
224 1028
320 959
155 372
458 1215
207 283
246 1131
433 1037
374 509
318 1074
802 1090
565 940
943 1281
637 1232
882 1374
1321 1589
632 1373
652 1155
378 1424
229 984
567 1243
66 1550
1101 1441
626 1305
8 558
188 408
342 1079
537 1376
699 1159
27 240
583 1054
954 1573
256 632
286 922
74 818
613 838
491 1183
640 900
883 1067
507 690
397 623
894 1488
131 177
579 1209
76 1432
348 1577
40 1148
910 1145
617 994
150 842
1214 1535
1289 1582
869 1381
135 489
410 679
79 379
1033 1401
488 1474
26 1562
782 963
140 399
450 1527
1122 1434
435 1414
427 1344
50 443
1258 1313
261 503
736 912
1050 1588
55 1349
368 682
219 237
521 638
317 393
1154 1278
80 312
913 1144
720 1581
240 947
625 1545
284 1535
1120 1143
859 988
430 615
161 277
153 1404
1379 1482
162 651
225 1325
503 988
865 1582
10 1245
500 1361
785 1015
45 770
1024 1095
1008 1128
1348 1525
46 858
346 619
1394 1456
31 1389
13 338
70 369
101 268
1452 1538
52 836
190 838
1139 1244
925 1117
289 1083
203 495
381 1159
47 1005
892 1341
559 1162
446 792
623 689
656 961
64 1181
593 1213
243 1553
1332 1495
427 1250
266 708
1343 1512
382 1012
32 777
732 768
1008 1213
19 1153
220 346
1019 1154
1068 1085
10 1142
247 1181
122 1253
842 1329
11 75
1194 1590
382 1241
285 332
465 1403
431 1103
590 1308
389 1028
352 1279
373 507
234 641
411 657
205 263
1272 1541
812 1275
1008 1508
470 928
165 941
96 673
688 806
1355 1421
757 763
346 710
184 1170
566 974
43 438
497 1066
945 1385
52 449
1044 1514
990 1504
786 1379
328 522
524 1330
794 1070
382 1245
488 691
1031 1397
451 615
669 1006
874 1587
734 988
121 736
860 924
762 848
328 1377
39 772
209 941
1136 1248
625 1054
119 1388
195 967
1161 1424
38 803
1266 1532
1070 1404
1085 1520
1032 1596
659 1501
180 468
677 845
1304 1513
62 984
119 798
1411 1553
144 1460
637 1048
849 1286
53 159
61 672
641 1591
442 1588
7 663
638 1579
22 443
56 1575
1047 1085
827 1042
1378 1549
118 997
275 1069
464 560
466 766
216 1153
980 1292
1311 1330
30 279
232 1498
400 1328
912 1528
10 1454
360 951
674 801
354 1193
42 979
411 802
1422 1478
803 1493
279 1206
657 1037
860 1152
530 728
547 1202
643 885
221 344
170 783
837 1595
39 209
258 725
184 999
834 1400
406 794
679 708
668 1575
146 911
814 1255
1299 1357
1075 1441
331 1100
766 1264
956 980
406 1115
731 1206
122 439
532 1326
441 914
431 767
379 504
1200 1570
645 1107
242 595
276 690
354 1382
249 1573
94 1154
522 1227
634 745
3 1531
713 1177
112 1211
115 787
1460 1506
57 416
416 1060
804 1171
1198 1525
468 1595
322 1222
243 1007
327 570
65 1476
255 675
531 1418
396 964
509 1042
437 700
213 1410
244 687
422 1570
302 632
81 704
69 361
1159 1221
987 1048
806 1588
315 1509
832 1100
1027 1046
52 697
174 669
1423 1428
472 480
137 421
596 1076
281 832
1268 1325
477 839
1220 1485
852 1339
579 1240
60 1396
487 1594
289 886
321 799
446 1209
309 822
981 1395
185 1107
423 1478
336 1431
42 369
827 844
492 1242
18 242
204 1498
210 826
1142 1442
959 1328
370 551
351 1173
174 1133
710 1380
847 1357
197 1426
1356 1445
277 761
856 1019
1064 1270
48 1398
849 1205
1227 1353
1311 1399
567 1228
228 972
709 1518
584 1225
293 907
402 536
377 441
271 1522
25 1403
1078 1486
612 960
253 1224
355 929
737 983
134 986
313 1100
743 1391
925 1362
1120 1390
593 1600
907 941
912 1091
175 549
592 1546
1156 1337
1125 1591
458 580
114 379
130 1393
282 815
852 862
1288 1564
1039 1104
1005 1476
1180 1275
746 1257
219 1008
574 1013
891 1162
26 399
546 1599
1089 1214
140 284
77 1459
4 1055
648 888
499 1350
840 1204
78 1165
224 1141
332 1494
164 1489
320 1306
439 549
1125 1474
1171 1597
477 1462
1040 1075
692 1023
702 1410
281 579
117 701
814 1317
322 1491
33 1465
288 1006
418 914
444 1452
169 1169
545 575
116 1030
937 966
186 642
1160 1557
724 1383
307 742
247 360
321 528
610 979
1236 1571
390 1063
275 446
219 1446
87 1021
956 1132
538 1397
383 600
246 260
335 650
1333 1480
249 343
618 1101
1126 1224
548 1354
726 1361
44 1227
576 628
294 660
83 732
563 689
153 276
183 1124
193 422
211 1223
65 1244
135 1229
72 1252
754 858
1427 1591
1034 1341
168 1194
365 1065
79 319
193 283
982 1057
363 1290
1087 1499
1146 1514
96 701
1501 1509
871 1122
501 870
995 1536
27 709
610 1239
37 972
36 1576
234 1272
341 865
1180 1556
562 970
314 1554
606 670
1282 1507
971 1500
1135 1566
1138 1405
101 1070
436 1275
1263 1537
843 1211
791 873
848 1053
620 1438
199 856
170 1300
255 1250
969 1175
78 166
783 1339
130 1439
96 852
1112 1291
175 372
45 1337
120 129
356 853
30 160
468 705
323 622
983 1332
100 857
1045 1155
336 728
487 1324
1432 1490
727 1423
146 784
312 336
927 970
516 907
755 1103
239 1457
1122 1430
143 1058
1133 1194
201 950
310 442
417 771
653 1211
676 1118
98 991
24 241
1335 1458
359 849
180 371
977 1081
153 1017
272 958
542 1307
1405 1503
946 1153
816 1191
296 873
677 1295
173 680
1236 1560
451 687
733 978
752 892
1197 1337
509 1418
456 1067
560 1511
152 492
763 929
902 1144
1295 1312
503 1592
714 1122
1105 1231
634 808
222 404
211 706
321 1182
843 975
21 1580
25 1556
635 1316
562 843
1344 1414
1332 1350
714 1530
190 671
1057 1421
1138 1355
251 853
496 585
422 708
166 517
19 461
373 834
1248 1438
270 795
253 801
123 1427
187 1400
514 1438
73 287
431 1433
143 1163
557 918
838 1410
1043 1089
11 771
322 779
511 575
666 1011
246 1175
1043 1152
92 701
673 1348
150 1221
1063 1076
134 1136
224 386
760 1348
473 1551
164 1082
748 975
1393 1405
144 459
211 1038
1102 1262
1083 1456
312 1267
112 797
230 1030
807 1517
542 668
334 859
1189 1538
419 1352
272 667
392 1553
957 1170
116 1533
5 266
1272 1293
851 1361
39 232
698 1145
116 1105
1335 1398
494 714
860 967
1372 1495
269 1345
283 859
1056 1151
596 688
737 1115
394 1472
419 737
700 1360
610 1516
1245 1247
44 856
380 1326
269 1027
1116 1503
1186 1583
320 815
398 1482
712 753
285 673
481 482
399 1087
651 1415
808 937
199 1036
1177 1252
744 1031
512 1473
89 1473
473 1291
386 711
226 1177
85 1482
490 1353
303 1012
773 954
534 1202
701 851
329 1383
109 594
37 1419
1437 1570
189 1071
954 1565
153 847
861 962
673 1447
160 728
483 855
157 1585
760 917
590 1149
508 551
435 934
254 562
1044 1393
573 1051
405 412
125 1402
568 1533
537 1296
243 1022
1126 1189
672 878
305 740
625 1101
208 1288
577 1572
264 1559
408 622
573 950
1323 1458
45 1322
493 1064
89 406
1243 1310
846 1347
793 1376
598 1127
775 1310
85 156
936 1452
102 906
177 195
229 1258
204 660
1294 1347
820 1382
16 544
545 961
1017 1429
794 1141
195 896
164 1084
351 468
882 1132
476 749
887 1235
179 1046
686 824
563 1540
632 1382
269 355
627 1549
1339 1412
114 311
273 1260
841 1319
1313 1454
1419 1582
202 424
489 1434
813 1208
56 530
97 822
419 855
234 1058
1519 1540
637 754
80 203
586 1376
120 1052
1032 1468
271 595
63 206
1305 1415
1263 1433
94 662
745 1410
752 1270
62 166
485 943
1033 1413
112 704
264 1141
113 1087
624 986
960 1150
41 458
494 1117
850 1586
3 815
1055 1397
502 564
169 889
393 630
103 969
452 940
608 1192
1258 1449
718 1486
328 680
1030 1097
970 1566
997 1009
809 1045
249 1320
963 1065
83 1384
659 1382
136 280
948 1502
1022 1524
112 1076
879 1560
658 1156
114 1565
319 902
840 1054
43 613
1386 1597
783 1225
372 1200
1517 1587
1475 1567
547 932
65 1542
1 817
338 984
163 1554
89 1385
22 703
723 855
151 200
607 1223
224 291
109 1320
127 957
123 217
366 743
290 1555
455 1596
968 1028
16 1236
349 1536
1009 1534
59 1508
1234 1514
181 483
850 1301
72 399
233 1047
210 413
863 1561
599 1267
107 684
33 479
1114 1312
1059 1522
81 1441
320 976
447 477
598 1292
546 962
1565 1566
3 751
653 1015
664 759
383 1478
111 942
1280 1442
454 1088
927 1417
126 882
622 705
401 1330
778 976
119 597
187 1539
352 1296
634 1353
326 1571
1121 1367
765 875
479 605
493 1440
297 1065
376 1587
436 607
891 1012
263 888
534 834
1186 1204
837 1168
318 994
189 951
393 505
506 1574
154 655
985 1083
556 1541
935 1432
991 1283
91 1569
483 864
48 1509
189 193
138 1503
686 1189
443 482
652 978
1277 1341
597 843
36 1372
629 1300
1321 1569
539 1538
617 1116
78 1299
398 1323
72 1600
873 1297
663 1292
278 1233
600 613
481 509
400 1570
940 1297
231 1362
141 1216
315 1118
523 1492
117 1597
31 1545
827 1028
291 1287
348 1488
342 830
983 1510
968 1505
248 448
787 1507
664 1418
755 1428
32 415
1418 1469
811 829
661 1569
1471 1564
990 1334
477 1375
652 664
797 1209
877 1034
17 217
138 1358
927 1264
621 1583
588 1260
223 1210
1060 1522
1485 1560
887 987
1556 1562
110 1196
67 919
445 1477
841 988
388 1446
602 1420
765 1267
626 632
496 582
1023 1339
1010 1270
711 1523
593 1227
172 313
662 889
425 969
751 1206
147 1322
842 1563
28 97
449 977
1220 1555
1388 1407
463 1400
106 389
532 549
182 765
205 561
1302 1379
333 872
46 55
1224 1481
848 930
1037 1299
465 881
900 1280
924 1436
715 1185
689 740
327 1537
62 510
22 1263
410 1301
277 788
151 1161
386 1164
689 1366
309 1040
314 1372
280 807
572 1492
561 1352
481 748
363 892
642 1238
824 1584
708 1053
161 1110
728 830
299 1379
1381 1500
913 1571
578 1569
894 1063
638 696
636 932
1093 1235
352 1204
1008 1024
108 114
293 1221
971 1544
789 1471
365 1276
108 693
1273 1546
687 1093
1015 1347
149 1198
320 944
462 586
779 1247
594 1293
534 915
812 1136
1147 1332
88 428
646 1533
642 900
555 767
1364 1493
790 1524
151 309
280 948
223 1247
125 975
654 1349
580 606
1163 1290
294 1020
869 1127
