1 2
1 9
1 16
1 23
1 30
1 37
1 44
1 51
1 58
1 65
1 72
1 79
1 86
1 93
4 2
4 9
4 16
4 23
4 30
4 37
4 44
4 51
4 58
4 65
4 72
4 79
4 86
4 93
7 2
7 9
7 16
7 23
7 30
7 37
7 44
7 51
7 58
7 65
7 72
7 79
7 86
7 93
10 2
10 9
10 16
10 23
10 30
10 37
10 44
10 51
10 58
10 65
10 72
10 79
10 86
10 93
13 2
13 9
13 16
13 23
13 30
13 37
13 44
13 51
13 58
13 65
13 72
13 79
13 86
13 93
16 2
16 9
16 16
16 23
16 30
16 37
16 44
16 51
16 58
16 65
16 72
16 79
16 86
16 93
19 2
19 9
19 16
19 23
19 30
19 37
19 44
19 51
19 58
19 65
19 72
19 79
19 86
19 93
22 2
22 9
22 16
22 23
22 30
22 37
22 44
22 51
22 58
22 65
22 72
22 79
22 86
22 93
25 2
25 9
25 16
25 23
25 30
25 37
25 44
25 51
25 58
25 65
25 72
25 79
25 86
25 93
28 2
28 9
28 16
28 23
28 30
28 37
28 44
28 51
28 58
28 65
28 72
28 79
28 86
28 93
31 2
31 9
31 16
31 23
31 30
31 37
31 44
31 51
31 58
31 65
31 72
31 79
31 86
31 93
34 2
34 9
34 16
34 23
34 30
34 37
34 44
34 51
34 58
34 65
34 72
34 79
34 86
34 93
37 2
37 9
37 16
37 23
37 30
37 37
37 44
37 51
37 58
37 65
37 72
37 79
37 86
37 93
40 2
40 9
40 16
40 23
40 30
40 37
40 44
40 51
40 58
40 65
40 72
40 79
40 86
40 93
43 2
43 9
43 16
43 23
43 30
43 37
43 44
43 51
43 58
43 65
43 72
43 79
43 86
43 93
46 2
46 9
46 16
46 23
46 30
46 37
46 44
46 51
46 58
46 65
46 72
46 79
46 86
46 93
49 2
49 9
49 16
49 23
49 30
49 37
49 44
49 51
49 58
49 65
49 72
49 79
49 86
49 93
52 2
52 9
52 16
52 23
52 30
52 37
52 44
52 51
52 58
52 65
52 72
52 79
52 86
52 93
55 2
55 9
55 16
55 23
55 30
55 37
55 44
55 51
55 58
55 65
55 72
55 79
55 86
55 93
58 2
58 9
58 16
58 23
58 30
58 37
58 44
58 51
58 58
58 65
58 72
58 79
58 86
58 93
61 2
61 9
61 16
61 23
61 30
61 37
61 44
61 51
61 58
61 65
61 72
61 79
61 86
61 93
64 2
64 9
64 16
64 23
64 30
64 37
64 44
64 51
64 58
64 65
64 72
64 79
64 86
64 93
67 2
67 9
67 16
67 23
67 30
67 37
67 44
67 51
67 58
67 65
67 72
67 79
67 86
67 93
70 2
70 9
70 16
70 23
70 30
70 37
70 44
70 51
70 58
70 65
70 72
70 79
70 86
70 93
73 2
73 9
73 16
73 23
73 30
73 37
73 44
73 51
73 58
73 65
73 72
73 79
73 86
73 93
76 2
76 9
76 16
76 23
76 30
76 37
76 44
76 51
76 58
76 65
76 72
76 79
76 86
76 93
79 2
79 9
79 16
79 23
79 30
79 37
79 44
79 51
79 58
79 65
79 72
79 79
79 86
79 93
82 2
82 9
82 16
82 23
82 30
82 37
82 44
82 51
82 58
82 65
82 72
82 79
82 86
82 93
85 2
85 9
85 16
85 23
85 30
85 37
85 44
85 51
85 58
85 65
85 72
85 79
85 86
85 93
88 2
88 9
88 16
88 23
88 30
88 37
88 44
88 51
88 58
88 65
88 72
88 79
88 86
88 93
91 2
91 9
91 16
91 23
91 30
91 37
91 44
91 51
91 58
91 65
91 72
91 79
91 86
91 93
94 2
94 9
94 16
94 23
94 30
94 37
94 44
94 51
94 58
94 65
94 72
94 79
94 86
94 93
97 2
97 9
97 16
97 23
97 30
97 37
97 44
97 51
97 58
97 65
97 72
97 79
97 86
97 93
100 2
100 9
100 16
100 23
100 30
100 37
100 44
100 51
100 58
100 65
100 72
100 79
100 86
100 93
103 2
103 9
103 16
103 23
103 30
103 37
103 44
103 51
103 58
103 65
103 72
103 79
103 86
103 93
106 2
106 9
106 16
106 23
106 30
106 37
106 44
106 51
106 58
106 65
106 72
106 79
106 86
106 93
109 2
109 9
109 16
109 23
109 30
109 37
109 44
109 51
109 58
109 65
109 72
109 79
109 86
109 93
112 2
112 9
112 16
112 23
112 30
112 37
112 44
112 51
112 58
112 65
112 72
112 79
112 86
112 93
115 2
115 9
115 16
115 23
115 30
115 37
115 44
115 51
115 58
115 65
115 72
115 79
115 86
115 93
118 2
118 9
118 16
118 23
118 30
118 37
118 44
118 51
118 58
118 65
118 72
118 79
118 86
118 93
121 2
121 9
121 16
121 23
121 30
121 37
121 44
121 51
121 58
121 65
121 72
121 79
121 86
121 93
124 2
124 9
124 16
124 23
124 30
124 37
124 44
124 51
124 58
124 65
124 72
124 79
124 86
124 93
127 2
127 9
127 16
127 23
127 30
127 37
127 44
127 51
127 58
127 65
127 72
127 79
127 86
127 93
130 2
130 9
130 16
130 23
130 30
130 37
130 44
130 51
130 58
130 65
130 72
130 79
130 86
130 93
133 2
133 9
133 16
133 23
133 30
133 37
133 44
133 51
133 58
133 65
133 72
133 79
133 86
133 93
136 2
136 9
136 16
136 23
136 30
136 37
136 44
136 51
136 58
136 65
136 72
136 79
136 86
136 93
139 2
139 9
139 16
139 23
139 30
139 37
139 44
139 51
139 58
139 65
139 72
139 79
139 86
139 93
142 2
142 9
142 16
142 23
142 30
142 37
142 44
142 51
142 58
142 65
142 72
142 79
142 86
142 93
145 2
145 9
145 16
145 23
145 30
145 37
145 44
145 51
145 58
145 65
145 72
145 79
145 86
145 93
148 2
148 9
148 16
148 23
148 30
148 37
148 44
148 51
148 58
148 65
148 72
148 79
148 86
148 93
151 2
151 9
151 16
151 23
151 30
151 37
151 44
151 51
151 58
151 65
151 72
151 79
151 86
151 93
154 2
154 9
154 16
154 23
154 30
154 37
154 44
154 51
154 58
154 65
154 72
154 79
154 86
154 93
157 2
157 9
157 16
157 23
157 30
157 37
157 44
157 51
157 58
157 65
157 72
157 79
157 86
157 93
160 2
160 9
160 16
160 23
160 30
160 37
160 44
160 51
160 58
160 65
160 72
160 79
160 86
160 93
163 2
163 9
163 16
163 23
163 30
163 37
163 44
163 51
163 58
163 65
163 72
163 79
163 86
163 93
166 2
166 9
166 16
166 23
166 30
166 37
166 44
166 51
166 58
166 65
166 72
166 79
166 86
166 93
169 2
169 9
169 16
169 23
169 30
169 37
169 44
169 51
169 58
169 65
169 72
169 79
169 86
169 93
172 2
172 9
172 16
172 23
172 30
172 37
172 44
172 51
172 58
172 65
172 72
172 79
172 86
172 93
175 2
175 9
175 16
175 23
175 30
175 37
175 44
175 51
175 58
175 65
175 72
175 79
175 86
175 93
178 2
178 9
178 16
178 23
178 30
178 37
178 44
178 51
178 58
178 65
178 72
178 79
178 86
178 93
181 2
181 9
181 16
181 23
181 30
181 37
181 44
181 51
181 58
181 65
181 72
181 79
181 86
181 93
184 2
184 9
184 16
184 23
184 30
184 37
184 44
184 51
184 58
184 65
184 72
184 79
184 86
184 93
187 2
187 9
187 16
187 23
187 30
187 37
187 44
187 51
187 58
187 65
187 72
187 79
187 86
187 93
190 2
190 9
190 16
190 23
190 30
190 37
190 44
190 51
190 58
190 65
190 72
190 79
190 86
190 93
193 2
193 9
193 16
193 23
193 30
193 37
193 44
193 51
193 58
193 65
193 72
193 79
193 86
193 93
196 2
196 9
196 16
196 23
196 30
196 37
196 44
196 51
196 58
196 65
196 72
196 79
196 86
196 93
199 2
199 9
199 16
199 23
199 30
199 37
199 44
199 51
199 58
199 65
199 72
199 79
199 86
199 93
202 2
202 9
202 16
202 23
202 30
202 37
202 44
202 51
202 58
202 65
202 72
202 79
202 86
202 93
205 2
205 9
205 16
205 23
205 30
205 37
205 44
205 51
205 58
205 65
205 72
205 79
205 86
205 93
208 2
208 9
208 16
208 23
208 30
208 37
208 44
208 51
208 58
208 65
208 72
208 79
208 86
208 93
211 2
211 9
211 16
211 23
211 30
211 37
211 44
211 51
211 58
211 65
211 72
211 79
211 86
211 93
214 2
214 9
214 16
214 23
214 30
214 37
214 44
214 51
214 58
214 65
214 72
214 79
214 86
12 109 79 0 109 79 1 109 79 2 108 79 2 108 99 2 108 99 3 153 99 3 153 99 2 153 79 2 154 79 2 154 79 1 154 79 0
12 52 44 0 52 44 1 52 44 2 51 44 2 51 100 2 51 100 3 159 100 3 159 100 2 159 37 2 160 37 2 160 37 1 160 37 0
12 190 2 0 190 2 1 190 2 2 189 2 2 189 101 2 189 101 3 198 101 3 198 101 2 198 23 2 199 23 2 199 23 1 199 23 0
12 142 79 0 142 79 1 142 79 2 141 79 2 141 102 2 141 102 3 168 102 3 168 102 2 168 58 2 169 58 2 169 58 1 169 58 0
12 31 79 0 31 79 1 31 79 2 30 79 2 30 103 2 30 103 3 204 103 3 204 103 2 204 23 2 205 23 2 205 23 1 205 23 0
12 85 30 0 85 30 1 85 30 4 84 30 4 84 99 4 84 99 5 189 99 5 189 99 4 189 58 4 190 58 4 190 58 1 190 58 0
12 79 2 0 79 2 1 79 2 2 78 2 2 78 104 2 78 104 3 144 104 3 144 104 2 144 65 2 145 65 2 145 65 1 145 65 0
12 118 23 0 118 23 1 118 23 2 117 23 2 117 105 2 117 105 3 120 105 3 120 105 2 120 37 2 121 37 2 121 37 1 121 37 0
12 130 16 0 130 16 1 130 16 4 129 16 4 129 100 4 129 100 5 198 100 5 198 100 4 198 93 4 199 93 4 199 93 1 199 93 0
12 136 23 0 136 23 1 136 23 2 135 23 2 135 106 2 135 106 3 210 106 3 210 106 2 210 79 2 211 79 2 211 79 1 211 79 0
12 100 37 0 100 37 1 100 37 2 99 37 2 99 107 2 99 107 3 165 107 3 165 107 2 165 65 2 166 65 2 166 65 1 166 65 0
12 37 86 0 37 86 1 37 86 6 36 86 6 36 99 6 36 99 7 189 99 7 189 99 6 189 16 6 190 16 6 190 16 1 190 16 0
13 70 44 0 70 44 1 70 44 4 69 44 4 69 101 4 69 101 5 78 101 5 78 101 4 78 3 4 79 3 4 79 3 1 79 3 0 79 2 0
12 118 86 0 118 86 1 118 86 4 117 86 4 117 102 4 117 102 5 192 102 5 192 102 4 192 72 4 193 72 4 193 72 1 193 72 0
12 118 44 0 118 44 1 118 44 6 117 44 6 117 100 6 117 100 7 159 100 7 159 100 6 159 93 6 160 93 6 160 93 1 160 93 0
13 145 65 0 145 66 0 145 66 1 145 66 4 144 66 4 144 103 4 144 103 5 195 103 5 195 103 4 195 37 4 196 37 4 196 37 1 196 37 0
12 70 72 0 70 72 1 70 72 2 69 72 2 69 108 2 69 108 3 213 108 3 213 108 2 213 37 2 214 37 2 214 37 1 214 37 0
12 16 2 0 16 2 1 16 2 2 15 2 2 15 109 2 15 109 3 39 109 3 39 109 2 39 86 2 40 86 2 40 86 1 40 86 0
12 100 65 0 100 65 1 100 65 4 99 65 4 99 104 4 99 104 5 165 104 5 165 104 4 165 44 4 166 44 4 166 44 1 166 44 0
12 22 16 0 22 16 1 22 16 2 21 16 2 21 110 2 21 110 3 132 110 3 132 110 2 132 44 2 133 44 2 133 44 1 133 44 0
12 91 79 0 91 79 1 91 79 6 90 79 6 90 101 6 90 101 7 99 101 7 99 101 6 99 23 6 100 23 6 100 23 1 100 23 0
12 175 79 0 175 79 1 175 79 2 174 79 2 174 111 2 174 111 3 177 111 3 177 111 2 177 79 2 178 79 2 178 79 1 178 79 0
12 109 37 0 109 37 1 109 37 4 108 37 4 108 105 4 108 105 5 138 105 5 138 105 4 138 44 4 139 44 4 139 44 1 139 44 0
13 61 23 0 61 23 1 61 23 4 60 23 4 60 106 4 60 106 5 153 106 5 153 106 4 153 80 4 154 80 4 154 80 1 154 80 0 154 79 0
12 10 16 0 10 16 1 10 16 2 9 16 2 9 112 2 9 112 3 63 112 3 63 112 2 63 65 2 64 65 2 64 65 1 64 65 0
12 19 51 0 19 51 1 19 51 4 18 51 4 18 107 4 18 107 5 30 107 5 30 107 4 30 44 4 31 44 4 31 44 1 31 44 0
12 76 58 0 76 58 1 76 58 2 75 58 2 75 113 2 75 113 3 105 113 3 105 113 2 105 65 2 106 65 2 106 65 1 106 65 0
12 43 65 0 43 65 1 43 65 4 42 65 4 42 108 4 42 108 5 105 108 5 105 108 4 105 37 4 106 37 4 106 37 1 106 37 0
12 31 65 0 31 65 1 31 65 6 30 65 6 30 102 6 30 102 7 108 102 7 108 102 6 108 9 6 109 9 6 109 9 1 109 9 0
12 13 9 0 13 9 1 13 9 4 12 9 4 12 109 4 12 109 5 51 109 5 51 109 4 51 30 4 52 30 4 52 30 1 52 30 0
13 19 51 0 19 52 0 19 52 1 19 52 2 18 52 2 18 114 2 18 114 3 84 114 3 84 114 2 84 9 2 85 9 2 85 9 1 85 9 0
12 34 37 0 34 37 1 34 37 8 33 37 8 33 99 8 33 99 9 117 99 9 117 99 8 117 65 8 118 65 8 118 65 1 118 65 0
13 106 93 0 106 93 1 106 93 8 105 93 8 105 100 8 105 100 9 159 100 9 159 100 8 159 94 8 160 94 8 160 94 1 160 94 0 160 93 0
12 4 93 0 4 93 1 4 93 2 3 93 2 3 115 2 3 115 3 138 115 3 138 115 2 138 16 2 139 16 2 139 16 1 139 16 0
12 160 79 0 160 79 1 160 79 4 159 79 4 159 110 4 159 110 5 183 110 5 183 110 4 183 23 4 184 23 4 184 23 1 184 23 0
13 31 65 0 31 66 0 31 66 1 31 66 8 30 66 8 30 101 8 30 101 9 75 101 9 75 101 8 75 79 8 76 79 8 76 79 1 76 79 0
12 25 44 0 25 44 1 25 44 4 24 44 4 24 111 4 24 111 5 75 111 5 75 111 4 75 37 4 76 37 4 76 37 1 76 37 0
12 133 86 0 133 86 1 133 86 4 132 86 4 132 112 4 132 112 5 180 112 5 180 112 4 180 93 4 181 93 4 181 93 1 181 93 0
12 40 44 0 40 44 1 40 44 4 39 44 4 39 113 4 39 113 5 93 113 5 93 113 4 93 93 4 94 93 4 94 93 1 94 93 0
12 13 93 0 13 93 1 13 93 6 12 93 6 12 103 6 12 103 7 15 103 7 15 103 6 15 79 6 16 79 6 16 79 1 16 79 0
13 40 44 0 40 45 0 40 45 1 40 45 6 39 45 6 39 104 6 39 104 7 96 104 7 96 104 6 96 58 6 97 58 6 97 58 1 97 58 0
12 25 2 0 25 2 1 25 2 2 24 2 2 24 116 2 24 116 3 66 116 3 66 116 2 66 2 2 67 2 2 67 2 1 67 2 0
12 43 16 0 43 16 1 43 16 2 42 16 2 42 117 2 42 117 3 156 117 3 156 117 2 156 72 2 157 72 2 157 72 1 157 72 0
12 79 72 0 79 72 1 79 72 6 78 72 6 78 105 6 78 105 7 210 105 7 210 105 6 210 16 6 211 16 6 211 16 1 211 16 0
12 4 2 0 4 2 1 4 2 4 3 2 4 3 114 4 3 114 5 36 114 5 36 114 4 36 30 4 37 30 4 37 30 1 37 30 0
12 28 44 0 28 44 1 28 44 2 27 44 2 27 118 2 27 118 3 171 118 3 171 118 2 171 93 2 172 93 2 172 93 1 172 93 0
12 136 79 0 136 79 1 136 79 6 135 79 6 135 106 6 135 106 7 195 106 7 195 106 6 195 51 6 196 51 6 196 51 1 196 51 0
12 88 23 0 88 23 1 88 23 2 87 23 2 87 119 2 87 119 3 111 119 3 111 119 2 111 93 2 112 93 2 112 93 1 112 93 0
12 142 23 0 142 23 1 142 23 6 141 23 6 141 107 6 141 107 7 192 107 7 192 107 6 192 58 6 193 58 6 193 58 1 193 58 0
12 58 65 0 58 65 1 58 65 2 57 65 2 57 120 2 57 120 3 96 120 3 96 120 2 96 86 2 97 86 2 97 86 1 97 86 0
12 49 23 0 49 23 1 49 23 4 48 23 4 48 115 4 48 115 5 171 115 5 171 115 4 171 86 4 172 86 4 172 86 1 172 86 0
13 7 51 0 7 51 1 7 51 4 6 51 4 6 116 4 6 116 5 96 116 5 96 116 4 96 87 4 97 87 4 97 87 1 97 87 0 97 86 0
12 85 16 0 85 16 1 85 16 6 84 16 6 84 108 6 84 108 7 171 108 7 171 108 6 171 2 6 172 2 6 172 2 1 172 2 0
12 97 72 0 97 72 1 97 72 8 96 72 8 96 102 8 96 102 9 210 102 9 210 102 8 210 72 8 211 72 8 211 72 1 211 72 0
13 43 9 0 43 9 1 43 9 6 42 9 6 42 109 6 42 109 7 111 109 7 111 109 6 111 94 6 112 94 6 112 94 1 112 94 0 112 93 0
12 28 30 0 28 30 1 28 30 6 27 30 6 27 110 6 27 110 7 153 110 7 153 110 6 153 16 6 154 16 6 154 16 1 154 16 0
12 40 79 0 40 79 1 40 79 8 39 79 8 39 103 8 39 103 9 174 103 9 174 103 8 174 37 8 175 37 8 175 37 1 175 37 0
12 67 16 0 67 16 1 67 16 4 66 16 4 66 117 4 66 117 5 177 117 5 177 117 4 177 65 4 178 65 4 178 65 1 178 65 0
12 139 65 0 139 65 1 139 65 8 138 65 8 138 104 8 138 104 9 195 104 9 195 104 8 195 58 8 196 58 8 196 58 1 196 58 0
12 31 72 0 31 72 1 31 72 10 30 72 10 30 99 10 30 99 11 150 99 11 150 99 10 150 23 10 151 23 10 151 23 1 151 23 0
12 58 30 0 58 30 1 58 30 6 57 30 6 57 111 6 57 111 7 132 111 7 132 111 6 132 23 6 133 23 6 133 23 1 133 23 0
12 67 93 0 67 93 1 67 93 6 66 93 6 66 112 6 66 112 7 129 112 7 129 112 6 129 9 6 130 9 6 130 9 1 130 9 0
13 115 93 0 115 93 1 115 93 10 114 93 10 114 100 10 114 100 11 117 100 11 117 100 10 117 87 10 118 87 10 118 87 1 118 87 0 118 86 0
12 7 86 0 7 86 1 7 86 2 6 86 2 6 121 2 6 121 3 180 121 3 180 121 2 180 2 2 181 2 2 181 2 1 181 2 0
13 169 37 0 169 37 1 169 37 4 168 37 4 168 118 4 168 118 5 204 118 5 204 118 4 204 24 4 205 24 4 205 24 1 205 24 0 205 23 0
13 118 44 0 118 45 0 118 45 1 118 45 12 117 45 12 117 99 12 117 99 13 183 99 13 183 99 12 183 58 12 184 58 12 184 58 1 184 58 0
12 103 16 0 103 16 1 103 16 2 102 16 2 102 122 2 102 122 3 195 122 3 195 122 2 195 86 2 196 86 2 196 86 1 196 86 0
8 214 16 0 214 16 1 214 16 2 215 16 2 215 23 2 214 23 2 214 23 1 214 23 0
12 103 72 0 103 72 1 103 72 8 102 72 8 102 105 8 102 105 9 108 105 9 108 105 8 108 30 8 109 30 8 109 30 1 109 30 0
12 79 30 0 79 30 1 79 30 8 78 30 8 78 106 8 78 106 9 81 106 9 81 106 8 81 93 8 82 93 8 82 93 1 82 93 0
12 61 58 0 61 58 1 61 58 8 60 58 8 60 107 8 60 107 9 84 107 9 84 107 8 84 44 8 85 44 8 85 44 1 85 44 0
13 64 51 0 64 51 1 64 51 6 63 51 6 63 113 6 63 113 7 69 113 7 69 113 6 69 45 6 70 45 6 70 45 1 70 45 0 70 44 0
12 79 9 0 79 9 1 79 9 10 78 9 10 78 101 10 78 101 11 102 101 11 102 101 10 102 51 10 103 51 10 103 51 1 103 51 0
12 97 93 0 97 93 1 97 93 10 96 93 10 96 102 10 96 102 11 201 102 11 201 102 10 201 51 10 202 51 10 202 51 1 202 51 0
12 40 58 0 40 58 1 40 58 10 39 58 10 39 103 10 39 103 11 189 103 11 189 103 10 189 37 10 190 37 10 190 37 1 190 37 0
12 130 79 0 130 79 1 130 79 8 129 79 8 129 108 8 129 108 9 180 108 9 180 108 8 180 72 8 181 72 8 181 72 1 181 72 0
12 103 65 0 103 65 1 103 65 6 102 65 6 102 114 6 102 114 7 198 114 7 198 114 6 198 44 6 199 44 6 199 44 1 199 44 0
12 136 44 0 136 44 1 136 44 8 135 44 8 135 109 8 135 109 9 153 109 9 153 109 8 153 86 8 154 86 8 154 86 1 154 86 0
12 85 86 0 85 86 1 85 86 10 84 86 10 84 104 10 84 104 11 93 104 11 93 104 10 93 30 10 94 30 10 94 30 1 94 30 0
12 124 65 0 124 65 1 124 65 4 123 65 4 123 119 4 123 119 5 174 119 5 174 119 4 174 44 4 175 44 4 175 44 1 175 44 0
12 82 79 0 82 79 1 82 79 6 81 79 6 81 115 6 81 115 7 204 115 7 204 115 6 204 72 6 205 72 6 205 72 1 205 72 0
12 10 86 0 10 86 1 10 86 8 9 86 8 9 110 8 9 110 9 69 110 9 69 110 8 69 23 8 70 23 8 70 23 1 70 23 0
13 58 30 0 58 31 0 58 31 1 58 31 10 57 31 10 57 105 10 57 105 11 129 105 11 129 105 10 129 23 10 130 23 10 130 23 1 130 23 0
12 103 79 0 103 79 1 103 79 4 102 79 4 102 120 4 102 120 5 150 120 5 150 120 4 150 9 4 151 9 4 151 9 1 151 9 0
13 67 16 0 67 17 0 67 17 1 67 17 8 66 17 8 66 111 8 66 111 9 87 111 9 87 111 8 87 44 8 88 44 8 88 44 1 88 44 0
13 55 16 0 55 16 1 55 16 10 54 16 10 54 106 10 54 106 11 108 106 11 108 106 10 108 31 10 109 31 10 109 31 1 109 31 0 109 30 0
12 16 93 0 16 93 1 16 93 4 15 93 4 15 121 4 15 121 5 81 121 5 81 121 4 81 9 4 82 9 4 82 9 1 82 9 0
12 28 2 0 28 2 1 28 2 4 27 2 4 27 122 4 27 122 5 207 122 5 207 122 4 207 86 4 208 86 4 208 86 1 208 86 0
15 154 79 0 153 79 0 153 81 0 154 81 0 154 81 1 154 81 10 153 81 10 153 107 10 153 107 11 162 107 11 162 107 10 162 16 10 163 16 10 163 16 1 163 16 0
15 37 37 0 37 37 1 37 37 8 36 37 8 36 112 8 36 112 9 144 112 9 144 112 8 144 67 8 145 67 8 145 67 1 145 67 0 144 67 0 144 65 0 145 65 0
12 127 37 0 127 37 1 127 37 8 126 37 8 126 113 8 126 113 9 189 113 9 189 113 8 189 30 8 190 30 8 190 30 1 190 30 0
12 22 9 0 22 9 1 22 9 4 21 9 4 21 123 4 21 123 5 162 123 5 162 123 4 162 23 4 163 23 4 163 23 1 163 23 0
13 109 23 0 109 23 1 109 23 12 108 23 12 108 100 12 108 100 13 204 100 13 204 100 12 204 73 12 205 73 12 205 73 1 205 73 0 205 72 0
12 106 23 0 106 23 1 106 23 10 105 23 10 105 108 10 105 108 11 135 108 11 135 108 10 135 51 10 136 51 10 136 51 1 136 51 0
13 199 86 0 199 86 1 199 86 8 198 86 8 198 114 8 198 114 9 213 114 9 213 114 8 213 17 8 214 17 8 214 17 1 214 17 0 214 16 0
12 115 9 0 115 9 1 115 9 2 114 9 2 114 123 2 114 123 3 186 123 3 186 123 2 186 23 2 187 23 2 187 23 1 187 23 0
12 118 58 0 118 58 1 118 58 14 117 58 14 117 99 14 117 99 15 141 99 15 141 99 14 141 51 14 142 51 14 142 51 1 142 51 0
13 91 79 0 91 80 0 91 80 1 91 80 10 90 80 10 90 109 10 90 109 11 174 109 11 174 109 10 174 16 10 175 16 10 175 16 1 175 16 0
12 55 30 0 55 30 1 55 30 4 54 30 4 54 124 4 54 124 5 63 124 5 63 124 4 63 86 4 64 86 4 64 86 1 64 86 0
12 34 9 0 34 9 1 34 9 6 33 9 6 33 116 6 33 116 7 51 116 7 51 116 6 51 93 6 52 93 6 52 93 1 52 93 0
12 13 86 0 13 86 1 13 86 8 12 86 8 12 115 8 12 115 9 21 115 9 21 115 8 21 58 8 22 58 8 22 58 1 22 58 0
12 40 16 0 40 16 1 40 16 12 39 16 12 39 101 12 39 101 13 123 101 13 123 101 12 123 2 12 124 2 12 124 2 1 124 2 0
13 37 37 0 37 38 0 37 38 1 37 38 10 36 38 10 36 110 10 36 110 11 204 110 11 204 110 10 204 86 10 205 86 10 205 86 1 205 86 0
12 61 51 0 61 51 1 61 51 10 60 51 10 60 111 10 60 111 11 171 111 11 171 111 10 171 58 10 172 58 10 172 58 1 172 58 0
12 196 79 0 196 79 1 196 79 10 195 79 10 195 112 10 195 112 11 198 112 11 198 112 10 198 72 10 199 72 10 199 72 1 199 72 0
12 25 86 0 25 86 1 25 86 6 24 86 6 24 117 6 24 117 7 147 117 7 147 117 6 147 30 6 148 30 6 148 30 1 148 30 0
12 34 79 0 34 79 1 34 79 10 33 79 10 33 113 10 33 113 11 66 113 11 66 113 10 66 37 10 67 37 10 67 37 1 67 37 0
13 109 23 0 109 24 0 109 24 1 109 24 14 108 24 14 108 100 14 108 100 15 123 100 15 123 100 14 123 44 14 124 44 14 124 44 1 124 44 0
12 40 30 0 40 30 1 40 30 14 39 30 14 39 101 14 39 101 15 105 101 15 105 101 14 105 30 14 106 30 14 106 30 1 106 30 0
12 151 51 0 151 51 1 151 51 12 150 51 12 150 102 12 150 102 13 159 102 13 159 102 12 159 86 12 160 86 12 160 86 1 160 86 0
12 16 51 0 16 51 1 16 51 8 15 51 8 15 116 8 15 116 9 123 116 9 123 116 8 123 93 8 124 93 8 124 93 1 124 93 0
13 163 16 0 163 17 0 163 17 1 163 17 6 162 17 6 162 118 6 162 118 7 177 118 7 177 118 6 177 72 6 178 72 6 178 72 1 178 72 0
13 52 30 0 52 31 0 52 31 1 52 31 8 51 31 8 51 117 8 51 117 9 54 117 9 54 117 8 54 86 8 55 86 8 55 86 1 55 86 0
12 43 51 0 43 51 1 43 51 10 42 51 10 42 114 10 42 114 11 144 114 11 144 114 10 144 2 10 145 2 10 145 2 1 145 2 0
13 85 16 0 85 17 0 85 17 1 85 17 12 84 17 12 84 103 12 84 103 13 114 103 13 114 103 12 114 65 12 115 65 12 115 65 1 115 65 0
12 151 93 0 151 93 1 151 93 2 150 93 2 150 124 2 150 124 3 201 124 3 201 124 2 201 23 2 202 23 2 202 23 1 202 23 0
13 103 65 0 103 66 0 103 66 1 103 66 12 102 66 12 102 104 12 102 104 13 120 104 13 120 104 12 120 23 12 121 23 12 121 23 1 121 23 0
12 22 72 0 22 72 1 22 72 6 21 72 6 21 119 6 21 119 7 60 119 7 60 119 6 60 79 6 61 79 6 61 79 1 61 79 0
12 25 72 0 25 72 1 25 72 8 24 72 8 24 118 8 24 118 9 72 118 9 72 118 8 72 16 8 73 16 8 73 16 1 73 16 0
12 7 9 0 7 9 1 7 9 12 6 9 12 6 105 12 6 105 13 33 105 13 33 105 12 33 16 12 34 16 12 34 16 1 34 16 0
12 19 86 0 19 86 1 19 86 14 18 86 14 18 102 14 18 102 15 102 102 15 102 102 14 102 58 14 103 58 14 103 58 1 103 58 0
13 40 86 0 40 87 0 40 87 1 40 87 16 39 87 16 39 99 16 39 99 17 96 99 17 96 99 16 96 30 16 97 30 16 97 30 1 97 30 0
15 97 44 0 97 44 1 97 44 14 96 44 14 96 103 14 96 103 15 204 103 15 204 103 14 204 25 14 205 25 14 205 25 1 205 25 0 204 25 0 204 23 0 205 23 0
12 13 58 0 13 58 1 13 58 10 12 58 10 12 115 10 12 115 11 21 115 11 21 115 10 21 44 10 22 44 10 22 44 1 22 44 0
12 4 37 0 4 37 1 4 37 6 3 37 6 3 120 6 3 120 7 183 120 7 183 120 6 183 16 6 184 16 6 184 16 1 184 16 0
12 124 58 0 124 58 1 124 58 6 123 58 6 123 121 6 123 121 7 150 121 7 150 121 6 150 30 6 151 30 6 151 30 1 151 30 0
13 7 51 0 7 52 0 7 52 1 7 52 10 6 52 10 6 116 10 6 116 11 210 116 11 210 116 10 210 65 10 211 65 10 211 65 1 211 65 0
12 34 30 0 34 30 1 34 30 14 33 30 14 33 104 14 33 104 15 138 104 15 138 104 14 138 51 14 139 51 14 139 51 1 139 51 0
13 13 37 0 13 37 1 13 37 12 12 37 12 12 106 12 12 106 13 99 106 13 99 106 12 99 66 12 100 66 12 100 66 1 100 66 0 100 65 0
12 7 72 0 7 72 1 7 72 14 6 72 14 6 105 14 6 105 15 69 105 15 69 105 14 69 93 14 70 93 14 70 93 1 70 93 0
15 28 23 0 28 23 1 28 23 12 27 23 12 27 107 12 27 107 13 78 107 13 78 107 12 78 4 12 79 4 12 79 4 1 79 4 0 78 4 0 78 2 0 79 2 0
8 37 9 0 37 9 1 37 9 2 38 9 2 38 23 2 37 23 2 37 23 1 37 23 0
12 1 65 0 1 65 1 1 65 12 0 65 12 0 108 12 0 108 13 66 108 13 66 108 12 66 65 12 67 65 12 67 65 1 67 65 0
13 64 51 0 64 52 0 64 52 1 64 52 12 63 52 12 63 109 12 63 109 13 210 109 13 210 109 12 210 86 12 211 86 12 211 86 1 211 86 0
12 202 93 0 202 93 1 202 93 8 201 93 8 201 119 8 201 119 9 204 119 9 204 119 8 204 37 8 205 37 8 205 37 1 205 37 0
13 82 93 0 82 94 0 82 94 1 82 94 10 81 94 10 81 117 10 81 117 11 186 117 11 186 117 10 186 58 10 187 58 10 187 58 1 187 58 0
12 4 23 0 4 23 1 4 23 10 3 23 10 3 118 10 3 118 11 87 118 11 87 118 10 87 2 10 88 2 10 88 2 1 88 2 0
12 64 58 0 64 58 1 64 58 16 63 58 16 63 100 16 63 100 17 204 100 17 204 100 16 204 30 16 205 30 16 205 30 1 205 30 0
8 10 9 0 10 9 1 10 9 2 11 9 2 11 51 2 10 51 2 10 51 1 10 51 0
13 7 72 0 7 73 0 7 73 1 7 73 6 6 73 6 6 122 6 6 122 7 45 122 7 45 122 6 45 58 6 46 58 6 46 58 1 46 58 0
12 157 9 0 157 9 1 157 9 4 156 9 4 156 125 4 156 125 5 186 125 5 186 125 4 186 86 4 187 86 4 187 86 1 187 86 0
13 67 93 0 67 94 0 67 94 1 67 94 14 66 94 14 66 106 14 66 106 15 177 106 15 177 106 14 177 2 14 178 2 14 178 2 1 178 2 0
13 79 2 0 79 1 0 79 1 1 79 1 14 78 1 14 78 107 14 78 107 15 183 107 15 183 107 14 183 30 14 184 30 14 184 30 1 184 30 0
13 22 65 0 22 65 1 22 65 16 21 65 16 21 101 16 21 101 17 66 101 17 66 101 16 66 3 16 67 3 16 67 3 1 67 3 0 67 2 0
13 34 37 0 34 38 0 34 38 1 34 38 2 33 38 2 33 125 2 33 125 3 72 125 3 72 125 2 72 72 2 73 72 2 73 72 1 73 72 0
12 94 79 0 94 79 1 94 79 8 93 79 8 93 120 8 93 120 9 150 120 9 150 120 8 150 86 8 151 86 8 151 86 1 151 86 0
14 55 30 0 55 31 0 55 31 1 55 31 12 54 31 12 54 110 12 54 110 13 198 110 13 198 110 12 198 73 12 199 73 12 199 73 1 199 73 0 199 72 0
13 97 2 0 97 2 1 97 2 12 96 2 12 96 111 12 96 111 13 132 111 13 132 111 12 132 87 12 133 87 12 133 87 1 133 87 0 133 86 0
12 136 65 0 136 65 1 136 65 16 135 65 16 135 102 16 135 102 17 183 102 17 183 102 16 183 51 16 184 51 16 184 51 1 184 51 0
12 88 79 0 88 79 1 88 79 4 87 79 4 87 126 4 87 126 5 141 126 5 141 126 4 141 9 4 142 9 4 142 9 1 142 9 0
12 7 16 0 7 16 1 7 16 8 6 16 8 6 121 8 6 121 9 45 121 9 45 121 8 45 23 8 46 23 8 46 23 1 46 23 0
12 58 9 0 58 9 1 58 9 4 57 9 4 57 127 4 57 127 5 120 127 5 120 127 4 120 16 4 121 16 4 121 16 1 121 16 0
14 136 65 0 136 66 0 136 66 1 136 66 4 135 66 4 135 128 4 135 128 5 147 128 5 147 128 4 147 31 4 148 31 4 148 31 1 148 31 0 148 30 0
13 13 16 0 13 16 1 13 16 18 12 16 18 12 99 18 12 99 19 204 99 19 204 99 18 204 22 18 205 22 18 205 22 1 205 22 0 205 23 0
12 73 93 0 73 93 1 73 93 4 72 93 4 72 129 4 72 129 5 213 129 5 213 129 4 213 44 4 214 44 4 214 44 1 214 44 0
12 82 30 0 82 30 1 82 30 12 81 30 12 81 112 12 81 112 13 201 112 13 201 112 12 201 72 12 202 72 12 202 72 1 202 72 0
8 76 72 0 76 72 1 76 72 2 77 72 2 77 86 2 76 86 2 76 86 1 76 86 0
13 4 44 0 4 44 1 4 44 18 3 44 18 3 100 18 3 100 19 96 100 19 96 100 18 96 94 18 97 94 18 97 94 1 97 94 0 97 93 0
13 7 58 0 7 58 1 7 58 16 6 58 16 6 103 16 6 103 17 84 103 17 84 103 16 84 31 16 85 31 16 85 31 1 85 31 0 85 30 0
12 139 58 0 139 58 1 139 58 10 138 58 10 138 119 10 138 119 11 192 119 11 192 119 10 192 51 10 193 51 10 193 51 1 193 51 0
12 112 79 0 112 79 1 112 79 10 111 79 10 111 120 10 111 120 11 123 120 11 123 120 10 123 79 10 124 79 10 124 79 1 124 79 0
13 82 79 0 82 80 0 82 80 1 82 80 14 81 80 14 81 108 14 81 108 15 150 108 15 150 108 14 150 2 14 151 2 14 151 2 1 151 2 0
9 151 23 0 151 24 0 151 24 1 151 24 2 152 24 2 152 72 2 151 72 2 151 72 1 151 72 0
12 163 30 0 163 30 1 163 30 2 162 30 2 162 126 2 162 126 3 183 126 3 183 126 2 183 65 2 184 65 2 184 65 1 184 65 0
12 79 86 0 79 86 1 79 86 16 78 86 16 78 104 16 78 104 17 126 104 17 126 104 16 126 16 16 127 16 16 127 16 1 127 16 0
9 40 9 0 40 9 1 40 9 2 41 9 2 41 31 2 40 31 2 40 31 1 40 31 0 40 30 0
13 106 44 0 106 44 1 106 44 6 105 44 6 105 123 6 105 123 7 138 123 7 138 123 6 138 17 6 139 17 6 139 17 1 139 17 0 139 16 0
13 22 72 0 22 73 0 22 73 1 22 73 12 21 73 12 21 113 12 21 113 13 60 113 13 60 113 12 60 9 12 61 9 12 61 9 1 61 9 0
12 97 23 0 97 23 1 97 23 20 96 23 20 96 99 20 96 99 21 111 99 21 111 99 20 111 30 20 112 30 20 112 30 1 112 30 0
13 43 16 0 43 17 0 43 17 1 43 17 8 42 17 8 42 122 8 42 122 9 177 122 9 177 122 8 177 30 8 178 30 8 178 30 1 178 30 0
14 94 93 0 94 94 0 94 94 1 94 94 2 93 94 2 93 127 2 93 127 3 192 127 3 192 127 2 192 73 2 193 73 2 193 73 1 193 73 0 193 72 0
13 100 51 0 100 51 1 100 51 14 99 51 14 99 109 14 99 109 15 174 109 15 174 109 14 174 38 14 175 38 14 175 38 1 175 38 0 175 37 0
12 1 2 0 1 2 1 1 2 10 0 2 10 0 121 10 0 121 11 177 121 11 177 121 10 177 51 10 178 51 10 178 51 1 178 51 0
16 64 51 0 63 51 0 63 53 0 64 53 0 64 53 1 64 53 22 63 53 22 63 99 22 63 99 23 96 99 23 96 99 22 96 31 22 97 31 22 97 31 1 97 31 0 97 30 0
12 136 86 0 136 86 1 136 86 12 135 86 12 135 114 12 135 114 13 213 114 13 213 114 12 213 51 12 214 51 12 214 51 1 214 51 0
12 88 9 0 88 9 1 88 9 6 87 9 6 87 124 6 87 124 7 144 124 7 144 124 6 144 58 6 145 58 6 145 58 1 145 58 0
12 112 37 0 112 37 1 112 37 12 111 37 12 111 115 12 111 115 13 138 115 13 138 115 12 138 2 12 139 2 12 139 2 1 139 2 0
12 1 51 0 1 51 1 1 51 14 0 51 14 0 110 14 0 110 15 15 110 15 15 110 14 15 16 14 16 16 14 16 16 1 16 16 0
13 142 23 0 142 24 0 142 24 1 142 24 12 141 24 12 141 116 12 141 116 13 177 116 13 177 116 12 177 58 12 178 58 12 178 58 1 178 58 0
13 76 72 0 76 73 0 76 73 1 76 73 12 75 73 12 75 117 12 75 117 13 162 117 13 162 117 12 162 72 12 163 72 12 163 72 1 163 72 0
13 139 23 0 139 23 1 139 23 16 138 23 16 138 105 16 138 105 17 198 105 17 198 105 16 198 87 16 199 87 16 199 87 1 199 87 0 199 86 0
13 19 86 0 19 87 0 19 87 1 19 87 12 18 87 12 18 118 12 18 118 13 36 118 13 36 118 12 36 2 12 37 2 12 37 2 1 37 2 0
13 178 65 0 178 66 0 178 66 1 178 66 16 177 66 16 177 106 16 177 106 17 195 106 17 195 106 16 195 44 16 196 44 16 196 44 1 196 44 0
12 37 72 0 37 72 1 37 72 2 36 72 2 36 128 2 36 128 3 45 128 3 45 128 2 45 65 2 46 65 2 46 65 1 46 65 0
12 58 23 0 58 23 1 58 23 12 57 23 12 57 119 12 57 119 13 72 119 13 72 119 12 72 9 12 73 9 12 73 9 1 73 9 0
12 10 2 0 10 2 1 10 2 20 9 2 20 9 100 20 9 100 21 204 100 21 204 100 20 204 58 20 205 58 20 205 58 1 205 58 0
12 58 79 0 58 79 1 58 79 14 57 79 14 57 111 14 57 111 15 75 111 15 75 111 14 75 2 14 76 2 14 76 2 1 76 2 0
12 175 9 0 175 9 1 175 9 16 174 9 16 174 107 16 174 107 17 210 107 17 210 107 16 210 44 16 211 44 16 211 44 1 211 44 0
13 31 30 0 31 30 1 31 30 14 30 30 14 30 112 14 30 112 15 210 112 15 210 112 14 210 66 14 211 66 14 211 66 1 211 66 0 211 65 0
14 97 2 0 97 3 0 97 3 1 97 3 24 96 3 24 96 99 24 96 99 25 153 99 25 153 99 24 153 87 24 154 87 24 154 87 1 154 87 0 154 86 0
13 61 79 0 61 80 0 61 80 1 61 80 14 60 80 14 60 113 14 60 113 15 165 113 15 165 113 14 165 2 14 166 2 14 166 2 1 166 2 0
13 136 58 0 136 58 1 136 58 14 135 58 14 135 114 14 135 114 15 153 114 15 153 114 14 153 17 14 154 17 14 154 17 1 154 17 0 154 16 0
12 118 51 0 118 51 1 118 51 18 117 51 18 117 101 18 117 101 19 198 101 19 198 101 18 198 30 18 199 30 18 199 30 1 199 30 0
12 13 51 0 13 51 1 13 51 14 12 51 14 12 115 14 12 115 15 24 115 15 24 115 14 24 30 14 25 30 14 25 30 1 25 30 0
13 1 2 0 1 3 0 1 3 1 1 3 18 0 3 18 0 102 18 0 102 19 66 102 19 66 102 18 66 58 18 67 58 18 67 58 1 67 58 0
12 49 93 0 49 93 1 49 93 14 48 93 14 48 116 14 48 116 15 84 116 15 84 116 14 84 51 14 85 51 14 85 51 1 85 51 0
15 97 86 0 96 86 0 96 88 0 97 88 0 97 88 1 97 88 26 96 88 26 96 99 26 96 99 27 123 99 27 123 99 26 123 9 26 124 9 26 124 9 1 124 9 0
12 43 23 0 43 23 1 43 23 14 42 23 14 42 117 14 42 117 15 114 117 15 114 117 14 114 79 14 115 79 14 115 79 1 115 79 0
13 28 23 0 28 24 0 28 24 1 28 24 8 27 24 8 27 123 8 27 123 9 48 123 9 48 123 8 48 30 8 49 30 8 49 30 1 49 30 0
12 10 79 0 10 79 1 10 79 10 9 79 10 9 122 10 9 122 11 15 122 11 15 122 10 15 9 10 16 9 10 16 9 1 16 9 0
12 4 16 0 4 16 1 4 16 20 3 16 20 3 101 20 3 101 21 6 101 21 6 101 20 6 23 20 7 23 20 7 23 1 7 23 0
13 163 37 0 163 37 1 163 37 18 162 37 18 162 103 18 162 103 19 174 103 19 174 103 18 174 10 18 175 10 18 175 10 1 175 10 0 175 9 0
12 19 44 0 19 44 1 19 44 16 18 44 16 18 108 16 18 108 17 189 108 17 189 108 16 189 9 16 190 9 16 190 9 1 190 9 0
12 166 37 0 166 37 1 166 37 6 165 37 6 165 125 6 165 125 7 213 125 7 213 125 6 213 9 6 214 9 6 214 9 1 214 9 0
12 4 79 0 4 79 1 4 79 8 3 79 8 3 124 8 3 124 9 165 124 9 165 124 8 165 16 8 166 16 8 166 16 1 166 16 0
12 43 30 0 43 30 1 43 30 16 42 30 16 42 109 16 42 109 17 114 109 17 114 109 16 114 23 16 115 23 16 115 23 1 115 23 0
14 61 51 0 61 52 0 61 52 1 61 52 16 60 52 16 60 110 16 60 110 17 105 110 17 105 110 16 105 94 16 106 94 16 106 94 1 106 94 0 106 93 0
15 100 65 0 99 65 0 99 67 0 100 67 0 100 67 1 100 67 8 99 67 8 99 125 8 99 125 9 183 125 9 183 125 8 183 93 8 184 93 8 184 93 1 184 93 0
13 43 30 0 43 31 0 43 31 1 43 31 18 42 31 18 42 104 18 42 104 19 78 104 19 78 104 18 78 65 18 79 65 18 79 65 1 79 65 0
16 13 37 0 13 38 0 13 38 1 13 38 16 12 38 16 12 111 16 12 111 17 150 111 17 150 111 16 150 25 16 151 25 16 151 25 1 151 25 0 150 25 0 150 23 0 151 23 0
13 70 51 0 70 51 1 70 51 20 69 51 20 69 102 20 69 102 21 78 102 21 78 102 20 78 10 20 79 10 20 79 10 1 79 10 0 79 9 0
13 160 58 0 160 58 1 160 58 10 159 58 10 159 123 10 159 123 11 165 123 11 165 123 10 165 45 10 166 45 10 166 45 1 166 45 0 166 44 0
13 34 65 0 34 65 1 34 65 16 33 65 16 33 112 16 33 112 17 123 112 17 123 112 16 123 45 16 124 45 16 124 45 1 124 45 0 124 44 0
12 115 51 0 115 51 1 115 51 18 114 51 18 114 105 18 114 105 19 129 105 19 129 105 18 129 65 18 130 65 18 130 65 1 130 65 0
13 103 9 0 103 9 1 103 9 20 102 9 20 102 103 20 102 103 21 198 103 21 198 103 20 198 31 20 199 31 20 199 31 1 199 31 0 199 30 0
12 79 16 0 79 16 1 79 16 22 78 16 22 78 100 22 78 100 23 87 100 23 87 100 22 87 58 22 88 58 22 88 58 1 88 58 0
13 31 72 0 31 73 0 31 73 1 31 73 12 30 73 12 30 120 12 30 120 13 171 120 13 171 120 12 171 72 12 172 72 12 172 72 1 172 72 0
13 34 65 0 34 66 0 34 66 1 34 66 18 33 66 18 33 106 18 33 106 19 177 106 19 177 106 18 177 9 18 178 9 18 178 9 1 178 9 0
13 52 65 0 52 65 1 52 65 10 51 65 10 51 124 10 51 124 11 213 124 11 213 124 10 213 24 10 214 24 10 214 24 1 214 24 0 214 23 0
13 28 72 0 28 72 1 28 72 14 27 72 14 27 118 14 27 118 15 189 118 15 189 118 14 189 3 14 190 3 14 190 3 1 190 3 0 190 2 0
12 70 30 0 70 30 1 70 30 10 69 30 10 69 125 10 69 125 11 207 125 11 207 125 10 207 30 10 208 30 10 208 30 1 208 30 0
13 37 79 0 37 79 1 37 79 22 36 79 22 36 101 22 36 101 23 204 101 23 204 101 22 204 59 22 205 59 22 205 59 1 205 59 0 205 58 0
13 112 30 0 112 31 0 112 31 1 112 31 24 111 31 24 111 100 24 111 100 25 204 100 25 204 100 24 204 16 24 205 16 24 205 16 1 205 16 0
13 115 86 0 115 86 1 115 86 26 114 86 26 114 100 26 114 100 27 204 100 27 204 100 26 204 17 26 205 17 26 205 17 1 205 17 0 205 16 0
12 163 2 0 163 2 1 163 2 28 162 2 28 162 99 28 162 99 29 204 99 29 204 99 28 204 51 28 205 51 28 205 51 1 205 51 0
12 55 2 0 55 2 1 55 2 14 54 2 14 54 119 14 54 119 15 198 119 15 198 119 14 198 51 14 199 51 14 199 51 1 199 51 0
13 124 9 0 124 10 0 124 10 1 124 10 18 123 10 18 123 107 18 123 107 19 171 107 19 171 107 18 171 65 18 172 65 18 172 65 1 172 65 0
15 22 72 0 21 72 0 21 74 0 22 74 0 22 74 1 22 74 14 21 74 14 21 120 14 21 120 15 162 120 15 162 120 14 162 65 14 163 65 14 163 65 1 163 65 0
13 16 65 0 16 65 1 16 65 12 15 65 12 15 121 12 15 121 13 45 121 13 45 121 12 45 24 12 46 24 12 46 24 1 46 24 0 46 23 0
14 25 2 0 25 3 0 25 3 1 25 3 18 24 3 18 24 108 18 24 108 19 84 108 19 84 108 18 84 52 18 85 52 18 85 52 1 85 52 0 85 51 0
12 115 30 0 115 30 1 115 30 20 114 30 20 114 104 20 114 104 21 153 104 21 153 104 20 153 23 20 154 23 20 154 23 1 154 23 0
12 157 58 0 157 58 1 157 58 14 156 58 14 156 121 14 156 121 15 159 121 15 159 121 14 159 2 14 160 2 14 160 2 1 160 2 0
13 160 65 0 160 65 1 160 65 16 159 65 16 159 113 16 159 113 17 186 113 17 186 113 16 186 87 16 187 87 16 187 87 1 187 87 0 187 86 0
13 37 23 0 37 24 0 37 24 1 37 24 16 36 24 16 36 114 16 36 114 17 156 114 17 156 114 16 156 30 16 157 30 16 157 30 1 157 30 0
12 7 44 0 7 44 1 7 44 18 6 44 18 6 109 18 6 109 19 18 109 19 18 109 18 18 37 18 19 37 18 19 37 1 19 37 0
13 13 23 0 13 23 1 13 23 20 12 23 20 12 105 20 12 105 21 162 105 21 162 105 20 162 3 20 163 3 20 163 3 1 163 3 0 163 2 0
13 94 44 0 94 44 1 94 44 18 93 44 18 93 110 18 93 110 19 183 110 19 183 110 18 183 17 18 184 17 18 184 17 1 184 17 0 184 16 0
13 4 65 0 4 65 1 4 65 22 3 65 22 3 102 22 3 102 23 177 102 23 177 102 22 177 52 22 178 52 22 178 52 1 178 52 0 178 51 0
13 22 9 0 22 10 0 22 10 1 22 10 18 21 10 18 21 111 18 21 111 19 87 111 19 87 111 18 87 30 18 88 30 18 88 30 1 88 30 0
12 52 86 0 52 86 1 52 86 14 51 86 14 51 122 14 51 122 15 120 122 15 120 122 14 120 72 14 121 72 14 121 72 1 121 72 0
12 13 72 0 13 72 1 13 72 2 12 72 2 12 129 2 12 129 3 48 129 3 48 129 2 48 65 2 49 65 2 49 65 1 49 65 0
13 43 58 0 43 58 1 43 58 12 42 58 12 42 122 12 42 122 13 180 122 13 180 122 12 180 73 12 181 73 12 181 73 1 181 73 0 181 72 0
13 16 9 0 16 10 0 16 10 1 16 10 20 15 10 20 15 106 20 15 106 21 123 106 21 123 106 20 123 86 20 124 86 20 124 86 1 124 86 0
14 145 2 0 145 3 0 145 3 1 145 3 30 144 3 30 144 99 30 144 99 31 204 99 31 204 99 30 204 87 30 205 87 30 205 87 1 205 87 0 205 86 0
13 94 72 0 94 72 1 94 72 12 93 72 12 93 123 12 93 123 13 129 123 13 129 123 12 129 66 12 130 66 12 130 66 1 130 66 0 130 65 0
13 13 2 0 13 2 1 13 2 22 12 2 22 12 103 22 12 103 23 150 103 23 150 103 22 150 94 22 151 94 22 151 94 1 151 94 0 151 93 0
12 130 37 0 130 37 1 130 37 2 129 37 2 129 130 2 129 130 3 207 130 3 207 130 2 207 58 2 208 58 2 208 58 1 208 58 0
8 19 9 0 19 9 1 19 9 2 20 9 2 20 65 2 19 65 2 19 65 1 19 65 0
13 70 30 0 70 31 0 70 31 1 70 31 12 69 31 12 69 124 12 69 124 13 174 124 13 174 124 12 174 65 12 175 65 12 175 65 1 175 65 0
13 136 79 0 136 80 0 136 80 1 136 80 18 135 80 18 135 112 18 135 112 19 210 112 19 210 112 18 210 37 18 211 37 18 211 37 1 211 37 0
12 127 72 0 127 72 1 127 72 22 126 72 22 126 104 22 126 104 23 198 104 23 198 104 22 198 9 22 199 9 22 199 9 1 199 9 0
12 37 44 0 37 44 1 37 44 18 36 44 18 36 113 18 36 113 19 39 113 19 39 113 18 39 51 18 40 51 18 40 51 1 40 51 0
12 91 2 0 91 2 1 91 2 4 90 2 4 90 130 4 90 130 5 111 130 5 111 130 4 111 9 4 112 9 4 112 9 1 112 9 0
13 7 58 0 7 59 0 7 59 1 7 59 22 6 59 22 6 105 22 6 105 23 195 105 23 195 105 22 195 9 22 196 9 22 196 9 1 196 9 0
12 154 2 0 154 2 1 154 2 12 153 2 12 153 125 12 153 125 13 207 125 13 207 125 12 207 65 12 208 65 12 208 65 1 208 65 0
13 1 86 0 1 86 1 1 86 6 0 86 6 0 126 6 0 126 7 120 126 7 120 126 6 120 24 6 121 24 6 121 24 1 121 24 0 121 23 0
12 10 37 0 10 37 1 10 37 6 9 37 6 9 127 6 9 127 7 54 127 7 54 127 6 54 23 6 55 23 6 55 23 1 55 23 0
13 97 65 0 97 65 1 97 65 28 96 65 28 96 100 28 96 100 29 192 100 29 192 100 28 192 59 28 193 59 28 193 59 1 193 59 0 193 58 0
15 199 72 0 198 72 0 198 74 0 199 74 0 199 74 1 199 74 24 198 74 24 198 101 24 198 101 25 210 101 25 210 101 24 210 51 24 211 51 24 211 51 1 211 51 0
15 22 9 0 21 9 0 21 11 0 22 11 0 22 11 1 22 11 22 21 11 22 21 106 22 21 106 23 114 106 23 114 106 22 114 58 22 115 58 22 115 58 1 115 58 0
12 22 79 0 22 79 1 22 79 20 21 79 20 21 107 20 21 107 21 75 107 21 75 107 20 75 16 20 76 16 20 76 16 1 76 16 0
12 64 30 0 64 30 1 64 30 14 63 30 14 63 123 14 63 123 15 213 123 15 213 123 14 213 79 14 214 79 14 214 79 1 214 79 0
12 142 86 0 142 86 1 142 86 18 141 86 18 141 114 18 141 114 19 189 114 19 189 114 18 189 93 18 190 93 18 190 93 1 190 93 0
15 172 30 0 172 30 1 172 30 20 171 30 20 171 108 20 171 108 21 174 108 21 174 108 20 174 11 20 175 11 20 175 11 1 175 11 0 174 11 0 174 9 0 175 9 0
12 187 72 0 187 72 1 187 72 6 186 72 6 186 128 6 186 128 7 201 128 7 201 128 6 201 30 6 202 30 6 202 30 1 202 30 0
13 70 23 0 70 24 0 70 24 1 70 24 16 69 24 16 69 115 16 69 115 17 192 115 17 192 115 16 192 9 16 193 9 16 193 9 1 193 9 0
12 130 72 0 130 72 1 130 72 14 129 72 14 129 124 14 129 124 15 171 124 15 171 124 14 171 23 14 172 23 14 172 23 1 172 23 0
13 151 72 0 151 73 0 151 73 1 151 73 24 150 73 24 150 102 24 150 102 25 174 102 25 174 102 24 174 23 24 175 23 24 175 23 1 175 23 0
13 49 37 0 49 37 1 49 37 6 48 37 6 48 129 6 48 129 7 75 129 7 75 129 6 75 87 6 76 87 6 76 87 1 76 87 0 76 86 0
15 121 93 0 121 93 1 121 93 20 120 93 20 120 109 20 120 109 21 210 109 21 210 109 20 210 67 20 211 67 20 211 67 1 211 67 0 210 67 0 210 65 0 211 65 0
14 106 30 0 106 31 0 106 31 1 106 31 26 105 31 26 105 101 26 105 101 27 198 101 27 198 101 26 198 71 26 199 71 26 199 71 1 199 71 0 199 72 0
12 40 72 0 40 72 1 40 72 20 39 72 20 39 110 20 39 110 21 189 110 21 189 110 20 189 51 20 190 51 20 190 51 1 190 51 0
12 58 44 0 58 44 1 58 44 16 57 44 16 57 116 16 57 116 17 75 116 17 75 116 16 75 9 16 76 9 16 76 9 1 76 9 0
12 145 86 0 145 86 1 145 86 28 144 86 28 144 101 28 144 101 29 198 101 29 198 101 28 198 65 28 199 65 28 199 65 1 199 65 0
16 40 30 0 39 30 0 39 32 0 40 32 0 40 32 1 40 32 22 39 32 22 39 107 22 39 107 23 117 107 23 117 107 22 117 24 22 118 24 22 118 24 1 118 24 0 118 23 0
13 31 23 0 31 23 1 31 23 16 30 23 16 30 117 16 30 117 17 213 117 17 213 117 16 213 80 16 214 80 16 214 80 1 214 80 0 214 79 0
13 127 16 0 127 17 0 127 17 1 127 17 12 126 17 12 126 126 12 126 126 13 192 126 13 192 126 12 192 16 12 193 16 12 193 16 1 193 16 0
13 22 58 0 22 59 0 22 59 1 22 59 24 21 59 24 21 103 24 21 103 25 66 103 25 66 103 24 66 9 24 67 9 24 67 9 1 67 9 0
14 64 58 0 64 59 0 64 59 1 64 59 8 63 59 8 63 126 8 63 126 9 162 126 9 162 126 8 162 31 8 163 31 8 163 31 1 163 31 0 163 30 0
13 16 51 0 16 52 0 16 52 1 16 52 16 15 52 16 15 118 16 15 118 17 141 118 17 141 118 16 141 16 16 142 16 16 142 16 1 142 16 0
12 82 44 0 82 44 1 82 44 2 81 44 2 81 131 2 81 131 3 90 131 3 90 131 2 90 72 2 91 72 2 91 72 1 91 72 0
12 1 37 0 1 37 1 1 37 22 0 37 22 0 108 22 0 108 23 189 108 23 189 108 22 189 65 22 190 65 22 190 65 1 190 65 0
16 43 16 0 42 16 0 42 18 0 43 18 0 43 18 1 43 18 20 42 18 20 42 111 20 42 111 21 87 111 21 87 111 20 87 31 20 88 31 20 88 31 1 88 31 0 88 30 0
12 82 86 0 82 86 1 82 86 16 81 86 16 81 119 16 81 119 17 120 119 17 120 119 16 120 79 16 121 79 16 121 79 1 121 79 0
12 13 44 0 13 44 1 13 44 24 12 44 24 12 104 24 12 104 25 84 104 25 84 104 24 84 37 24 85 37 24 85 37 1 85 37 0
13 124 86 0 124 87 0 124 87 1 124 87 22 123 87 22 123 109 22 123 109 23 168 109 23 168 109 22 168 65 22 169 65 22 169 65 1 169 65 0
15 70 86 0 70 86 1 70 86 22 69 86 22 69 110 22 69 110 23 93 110 23 93 110 22 93 95 22 94 95 22 94 95 1 94 95 0 93 95 0 93 93 0 94 93 0
14 82 86 0 82 87 0 82 87 1 82 87 20 81 87 20 81 112 20 81 112 21 177 112 21 177 112 20 177 10 20 178 10 20 178 10 1 178 10 0 178 9 0
13 148 2 0 148 2 1 148 2 22 147 2 22 147 111 22 147 111 23 210 111 23 210 111 22 210 52 22 211 52 22 211 52 1 211 52 0 211 51 0
12 139 86 0 139 86 1 139 86 18 138 86 18 138 115 18 138 115 19 159 115 19 159 115 18 159 23 18 160 23 18 160 23 1 160 23 0
12 37 51 0 37 51 1 37 51 20 36 51 20 36 113 20 36 113 21 60 113 21 60 113 20 60 86 20 61 86 20 61 86 1 61 86 0
15 169 93 0 169 93 1 169 93 24 168 93 24 168 105 24 168 105 25 177 105 25 177 105 24 177 53 24 178 53 24 178 53 1 178 53 0 177 53 0 177 51 0 178 51 0
12 148 9 0 148 9 1 148 9 16 147 9 16 147 120 16 147 120 17 153 120 17 153 120 16 153 65 16 154 65 16 154 65 1 154 65 0
15 112 86 0 112 86 1 112 86 18 111 86 18 111 116 18 111 116 19 213 116 19 213 116 18 213 81 18 214 81 18 214 81 1 214 81 0 213 81 0 213 79 0 214 79 0
12 85 58 0 85 58 1 85 58 20 84 58 20 84 114 20 84 114 21 138 114 21 138 114 20 138 30 20 139 30 20 139 30 1 139 30 0
13 91 58 0 91 58 1 91 58 32 90 58 32 90 99 32 90 99 33 204 99 33 204 99 32 204 38 32 205 38 32 205 38 1 205 38 0 205 37 0
12 124 51 0 124 51 1 124 51 24 123 51 24 123 106 24 123 106 25 171 106 25 171 106 24 171 79 24 172 79 24 172 79 1 172 79 0
14 160 65 0 160 66 0 160 66 1 160 66 26 159 66 26 159 102 26 159 102 27 210 102 27 210 102 26 210 80 26 211 80 26 211 80 1 211 80 0 211 79 0
12 82 72 0 82 72 1 82 72 18 81 72 18 81 117 18 81 117 19 201 117 19 201 117 18 201 9 18 202 9 18 202 9 1 202 9 0
15 4 9 0 4 9 1 4 9 24 3 9 24 3 107 24 3 107 25 30 107 25 30 107 24 30 74 24 31 74 24 31 74 1 31 74 0 30 74 0 30 72 0 31 72 0
13 55 86 0 55 87 0 55 87 1 55 87 22 54 87 22 54 112 22 54 112 23 81 112 23 81 112 22 81 2 22 82 2 22 82 2 1 82 2 0
16 13 37 0 12 37 0 12 39 0 13 39 0 13 39 1 13 39 26 12 39 26 12 103 26 12 103 27 27 103 27 27 103 26 27 3 26 28 3 26 28 3 1 28 3 0 28 2 0
12 82 65 0 82 65 1 82 65 24 81 65 24 81 108 24 81 108 25 201 108 25 201 108 24 201 37 24 202 37 24 202 37 1 202 37 0
13 34 51 0 34 51 1 34 51 20 33 51 20 33 115 20 33 115 21 99 115 21 99 115 20 99 52 20 100 52 20 100 52 1 100 52 0 100 51 0
12 55 37 0 55 37 1 55 37 16 54 37 16 54 121 16 54 121 17 180 121 17 180 121 16 180 16 16 181 16 16 181 16 1 181 16 0
9 211 44 0 211 45 0 211 45 1 211 45 2 212 45 2 212 58 2 211 58 2 211 58 1 211 58 0
12 46 16 0 46 16 1 46 16 18 45 16 18 45 118 18 45 118 19 153 118 19 153 118 18 153 30 18 154 30 18 154 30 1 154 30 0
14 37 9 0 37 10 0 37 10 1 37 10 24 36 10 24 36 109 24 36 109 25 108 109 25 108 109 24 108 38 24 109 38 24 109 38 1 109 38 0 109 37 0
13 1 65 0 1 66 0 1 66 1 1 66 16 0 66 16 0 122 16 0 122 17 99 122 17 99 122 16 99 30 16 100 30 16 100 30 1 100 30 0
13 49 44 0 49 44 1 49 44 10 48 44 10 48 126 10 48 126 11 183 126 11 183 126 10 183 52 10 184 52 10 184 52 1 184 52 0 184 51 0
13 40 58 0 40 59 0 40 59 1 40 59 26 39 59 26 39 104 26 39 104 27 168 104 27 168 104 26 168 30 26 169 30 26 169 30 1 169 30 0
16 70 23 0 69 23 0 69 25 0 70 25 0 70 25 1 70 25 24 69 25 24 69 110 24 69 110 25 129 110 25 129 110 24 129 80 24 130 80 24 130 80 1 130 80 0 130 79 0
16 7 58 0 6 58 0 6 60 0 7 60 0 7 60 1 7 60 24 6 60 24 6 111 24 6 111 25 15 111 25 15 111 24 15 94 24 16 94 24 16 94 1 16 94 0 16 93 0
13 79 51 0 79 51 1 79 51 26 78 51 26 78 105 26 78 105 27 174 105 27 174 105 26 174 45 26 175 45 26 175 45 1 175 45 0 175 44 0
12 43 44 0 43 44 1 43 44 22 42 44 22 42 113 22 42 113 23 165 113 23 165 113 22 165 9 22 166 9 22 166 9 1 166 9 0
16 37 51 0 37 52 0 37 52 1 37 52 26 36 52 26 36 106 26 36 106 27 60 106 27 60 106 26 60 53 26 61 53 26 61 53 1 61 53 0 60 53 0 60 51 0 61 51 0
13 16 16 0 16 17 0 16 17 1 16 17 28 15 17 28 15 102 28 15 102 29 36 102 29 36 102 28 36 58 28 37 58 28 37 58 1 37 58 0
12 52 23 0 52 23 1 52 23 12 51 23 12 51 127 12 51 127 13 189 127 13 189 127 12 189 44 12 190 44 12 190 44 1 190 44 0
15 40 93 0 40 93 1 40 93 24 39 93 24 39 112 24 39 112 25 105 112 25 105 112 24 105 95 24 106 95 24 106 95 1 106 95 0 105 95 0 105 93 0 106 93 0
12 31 2 0 31 2 1 31 2 18 30 2 18 30 119 18 30 119 19 120 119 19 120 119 18 120 51 18 121 51 18 121 51 1 121 51 0
13 52 93 0 52 94 0 52 94 1 52 94 30 51 94 30 51 100 30 51 100 31 198 100 31 198 100 30 198 37 30 199 37 30 199 37 1 199 37 0
16 34 37 0 33 37 0 33 39 0 34 39 0 34 39 1 34 39 22 33 39 22 33 114 22 33 114 23 90 114 23 90 114 22 90 59 22 91 59 22 91 59 1 91 59 0 91 58 0
13 34 79 0 34 80 0 34 80 1 34 80 26 33 80 26 33 107 26 33 107 27 69 107 27 69 107 26 69 2 26 70 2 26 70 2 1 70 2 0
12 34 72 0 34 72 1 34 72 24 33 72 24 33 113 24 33 113 25 57 113 25 57 113 24 57 16 24 58 16 24 58 16 1 58 16 0
13 49 93 0 49 94 0 49 94 1 49 94 16 48 94 16 48 123 16 48 123 17 72 123 17 72 123 16 72 79 16 73 79 16 73 79 1 73 79 0
13 43 9 0 43 10 0 43 10 1 43 10 26 42 10 26 42 108 26 42 108 27 57 108 27 57 108 26 57 58 26 58 58 26 58 58 1 58 58 0
13 85 79 0 85 79 1 85 79 22 84 79 22 84 115 22 84 115 23 171 115 23 171 115 22 171 59 22 172 59 22 172 59 1 172 59 0 172 58 0
14 49 44 0 49 45 0 49 45 1 49 45 20 48 45 20 48 116 20 48 116 21 66 116 21 66 116 20 66 66 20 67 66 20 67 66 1 67 66 0 67 65 0
12 100 72 0 100 72 1 100 72 32 99 72 32 99 100 32 99 100 33 198 100 33 198 100 32 198 2 32 199 2 32 199 2 1 199 2 0
12 28 9 0 28 9 1 28 9 10 27 9 10 27 127 10 27 127 11 156 127 11 156 127 10 156 86 10 157 86 10 157 86 1 157 86 0
12 16 44 0 16 44 1 16 44 22 15 44 22 15 116 22 15 116 23 141 116 23 141 116 22 141 65 22 142 65 22 142 65 1 142 65 0
13 181 9 0 181 9 1 181 9 24 180 9 24 180 114 24 180 114 25 189 114 25 189 114 24 189 45 24 190 45 24 190 45 1 190 45 0 190 44 0
13 13 86 0 13 87 0 13 87 1 13 87 28 12 87 28 12 103 28 12 103 29 90 103 29 90 103 28 90 37 28 91 37 28 91 37 1 91 37 0
14 142 51 0 142 52 0 142 52 1 142 52 26 141 52 26 141 109 26 141 109 27 189 109 27 189 109 26 189 66 26 190 66 26 190 66 1 190 66 0 190 65 0
13 67 72 0 67 72 1 67 72 26 66 72 26 66 110 26 66 110 27 150 110 27 150 110 26 150 31 26 151 31 26 151 31 1 151 31 0 151 30 0
15 19 16 0 19 16 1 19 16 34 18 16 34 18 99 34 18 99 35 204 99 35 204 99 34 204 88 34 205 88 34 205 88 1 205 88 0 204 88 0 204 86 0 205 86 0
12 82 16 0 82 16 1 82 16 36 81 16 36 81 99 36 81 99 37 204 99 37 204 99 36 204 9 36 205 9 36 205 9 1 205 9 0
10 13 23 0 13 24 0 13 24 1 13 24 2 14 24 2 14 45 2 13 45 2 13 45 1 13 45 0 13 44 0
13 43 93 0 43 93 1 43 93 24 42 93 24 42 115 24 42 115 25 87 115 25 87 115 24 87 3 24 88 3 24 88 3 1 88 3 0 88 2 0
13 58 44 0 58 45 0 58 45 1 58 45 30 57 45 30 57 101 30 57 101 31 96 101 31 96 101 30 96 37 30 97 37 30 97 37 1 97 37 0
14 37 72 0 37 73 0 37 73 1 37 73 14 36 73 14 36 125 14 36 125 15 87 125 15 87 125 14 87 24 14 88 24 14 88 24 1 88 24 0 88 23 0
15 76 44 0 76 44 1 76 44 28 75 44 28 75 104 28 75 104 29 123 104 29 123 104 28 123 88 28 124 88 28 124 88 1 124 88 0 123 88 0 123 86 0 124 86 0
13 79 65 0 79 66 0 79 66 1 79 66 24 78 66 24 78 116 24 78 116 25 141 116 25 141 116 24 141 58 24 142 58 24 142 58 1 142 58 0
12 154 72 0 154 72 1 154 72 22 153 72 22 153 117 22 153 117 23 180 117 23 180 117 22 180 79 22 181 79 22 181 79 1 181 79 0
15 115 72 0 115 72 1 115 72 38 114 72 38 114 99 38 114 99 39 204 99 39 204 99 38 204 60 38 205 60 38 205 60 1 205 60 0 204 60 0 204 58 0 205 58 0
14 19 9 0 19 10 0 19 10 1 19 10 28 18 10 28 18 105 28 18 105 29 42 105 29 42 105 28 42 24 28 43 24 28 43 24 1 43 24 0 43 23 0
16 37 51 0 36 51 0 36 53 0 37 53 0 37 53 1 37 53 30 36 53 30 36 102 30 36 102 31 111 102 31 111 102 30 111 80 30 112 80 30 112 80 1 112 80 0 112 79 0
13 70 65 0 70 65 1 70 65 28 69 65 28 69 106 28 69 106 29 213 106 29 213 106 28 213 78 28 214 78 28 214 78 1 214 78 0 214 79 0
13 136 51 0 136 52 0 136 52 1 136 52 20 135 52 20 135 117 20 135 117 21 201 117 21 201 117 20 201 86 20 202 86 20 202 86 1 202 86 0
15 187 9 0 187 9 1 187 9 40 186 9 40 186 99 40 186 99 41 204 99 41 204 99 40 204 21 40 205 21 40 205 21 1 205 21 0 206 21 0 206 23 0 205 23 0
13 151 86 0 151 87 0 151 87 1 151 87 18 150 87 18 150 120 18 150 120 19 207 120 19 207 120 18 207 37 18 208 37 18 208 37 1 208 37 0
15 121 23 0 120 23 0 120 25 0 121 25 0 121 25 1 121 25 10 120 25 10 120 128 10 120 128 11 126 128 11 126 128 10 126 93 10 127 93 10 127 93 1 127 93 0
16 52 93 0 51 93 0 51 95 0 52 95 0 52 95 1 52 95 24 51 95 24 51 117 24 51 117 25 114 117 25 114 117 24 114 10 24 115 10 24 115 10 1 115 10 0 115 9 0
16 10 2 0 10 3 0 10 3 1 10 3 12 9 3 12 9 128 12 9 128 13 24 128 13 24 128 12 24 4 12 25 4 12 25 4 1 25 4 0 24 4 0 24 2 0 25 2 0
12 133 51 0 133 51 1 133 51 8 132 51 8 132 127 8 132 127 9 171 127 9 171 127 8 171 44 8 172 44 8 172 44 1 172 44 0
13 142 79 0 142 80 0 142 80 1 142 80 20 141 80 20 141 118 20 141 118 21 195 118 21 195 118 20 195 72 20 196 72 20 196 72 1 196 72 0
12 118 93 0 118 93 1 118 93 28 117 93 28 117 107 28 117 107 29 141 107 29 141 107 28 141 2 28 142 2 28 142 2 1 142 2 0
16 7 72 0 6 72 0 6 74 0 7 74 0 7 74 1 7 74 26 6 74 26 6 111 26 6 111 27 135 111 27 135 111 26 135 45 26 136 45 26 136 45 1 136 45 0 136 44 0
16 52 65 0 52 66 0 52 66 1 52 66 16 51 66 16 51 124 16 51 124 17 87 124 17 87 124 16 87 32 16 88 32 16 88 32 1 88 32 0 87 32 0 87 30 0 88 30 0
13 127 2 0 127 2 1 127 2 4 126 2 4 126 131 4 126 131 5 201 131 5 201 131 4 201 87 4 202 87 4 202 87 1 202 87 0 202 86 0
12 70 37 0 70 37 1 70 37 18 69 37 18 69 121 18 69 121 19 105 121 19 105 121 18 105 9 18 106 9 18 106 9 1 106 9 0
14 76 79 0 76 80 0 76 80 1 76 80 26 75 80 26 75 112 26 75 112 27 84 112 27 84 112 26 84 87 26 85 87 26 85 87 1 85 87 0 85 86 0
13 106 72 0 106 72 1 106 72 28 105 72 28 105 108 28 105 108 29 177 108 29 177 108 28 177 80 28 178 80 28 178 80 1 178 80 0 178 79 0
15 19 86 0 18 86 0 18 88 0 19 88 0 19 88 1 19 88 20 18 88 20 18 119 20 18 119 21 159 119 21 159 119 20 159 16 20 160 16 20 160 16 1 160 16 0
12 31 51 0 31 51 1 31 51 20 30 51 20 30 120 20 30 120 21 117 120 21 117 120 20 117 37 20 118 37 20 118 37 1 118 37 0
18 142 79 0 141 79 0 141 81 0 142 81 0 142 81 1 142 81 30 141 81 30 141 103 30 141 103 31 165 103 31 165 103 30 165 46 30 166 46 30 166 46 1 166 46 0 165 46 0 165 44 0 166 44 0
14 31 2 0 31 3 0 31 3 1 31 3 22 30 3 22 30 118 22 30 118 23 201 118 23 201 118 22 201 10 22 202 10 22 202 10 1 202 10 0 202 9 0
16 58 30 0 57 30 0 57 32 0 58 32 0 58 32 1 58 32 8 57 32 8 57 128 8 57 128 9 141 128 9 141 128 8 141 3 8 142 3 8 142 3 1 142 3 0 142 2 0
14 19 16 0 19 17 0 19 17 1 19 17 24 18 17 24 18 118 24 18 118 25 117 118 25 117 118 24 117 94 24 118 94 24 118 94 1 118 94 0 118 93 0
12 37 65 0 37 65 1 37 65 32 36 65 32 36 101 32 36 101 33 144 101 33 144 101 32 144 37 32 145 37 32 145 37 1 145 37 0
13 115 72 0 115 73 0 115 73 1 115 73 28 114 73 28 114 109 28 114 109 29 201 109 29 201 109 28 201 58 28 202 58 28 202 58 1 202 58 0
13 40 30 0 40 29 0 40 29 1 40 29 30 39 29 30 39 104 30 39 104 31 90 104 31 90 104 30 90 44 30 91 44 30 91 44 1 91 44 0
13 7 23 0 7 24 0 7 24 1 7 24 28 6 24 28 6 110 28 6 110 29 186 110 29 186 110 28 186 79 28 187 79 28 187 79 1 187 79 0
15 136 51 0 135 51 0 135 53 0 136 53 0 136 53 1 136 53 24 135 53 24 135 119 24 135 119 25 147 119 25 147 119 24 147 86 24 148 86 24 148 86 1 148 86 0
13 7 16 0 7 17 0 7 17 1 7 17 30 6 17 30 6 105 30 6 105 31 54 105 31 54 105 30 54 44 30 55 44 30 55 44 1 55 44 0
14 208 86 0 208 87 0 208 87 1 208 87 20 207 87 20 207 121 20 207 121 21 213 121 21 213 121 20 213 45 20 214 45 20 214 45 1 214 45 0 214 44 0
13 79 72 0 79 73 0 79 73 1 79 73 28 78 73 28 78 111 28 78 111 29 156 111 29 156 111 28 156 37 28 157 37 28 157 37 1 157 37 0
14 34 51 0 34 52 0 34 52 1 34 52 28 33 52 28 33 112 28 33 112 29 126 112 29 126 112 28 126 73 28 127 73 28 127 73 1 127 73 0 127 72 0
13 112 37 0 112 38 0 112 38 1 112 38 14 111 38 14 111 126 14 111 126 15 195 126 15 195 126 14 195 93 14 196 93 14 196 93 1 196 93 0
15 37 23 0 36 23 0 36 25 0 37 25 0 37 25 1 37 25 34 36 25 34 36 100 34 36 100 35 84 100 35 84 100 34 84 2 34 85 2 34 85 2 1 85 2 0
16 13 72 0 13 73 0 13 73 1 13 73 30 12 73 30 12 106 30 12 106 31 42 106 31 42 106 30 42 25 30 43 25 30 43 25 1 43 25 0 42 25 0 42 23 0 43 23 0
15 79 9 0 78 9 0 78 11 0 79 11 0 79 11 1 79 11 30 78 11 30 78 107 30 78 107 31 195 107 31 195 107 30 195 23 30 196 23 30 196 23 1 196 23 0
14 115 30 0 115 31 0 115 31 1 115 31 30 114 31 30 114 108 30 114 108 31 135 108 31 135 108 30 135 87 30 136 87 30 136 87 1 136 87 0 136 86 0
12 49 79 0 49 79 1 49 79 26 48 79 26 48 113 26 48 113 27 81 113 27 81 113 26 81 51 26 82 51 26 82 51 1 82 51 0
15 91 30 0 91 30 1 91 30 26 90 30 26 90 114 26 90 114 27 177 114 27 177 114 26 177 81 26 178 81 26 178 81 1 178 81 0 177 81 0 177 79 0 178 79 0
13 25 72 0 25 73 0 25 73 1 25 73 16 24 73 16 24 125 16 24 125 17 162 125 17 162 125 16 162 58 16 163 58 16 163 58 1 163 58 0
12 52 79 0 52 79 1 52 79 32 51 79 32 51 102 32 51 102 33 123 102 33 123 102 32 123 16 32 124 16 32 124 16 1 124 16 0
13 46 79 0 46 79 1 46 79 16 45 79 16 45 126 16 45 126 17 108 126 17 108 126 16 108 10 16 109 10 16 109 10 1 109 10 0 109 9 0
13 52 58 0 52 58 1 52 58 18 51 58 18 51 122 18 51 122 19 195 122 19 195 122 18 195 45 18 196 45 18 196 45 1 196 45 0 196 44 0
13 139 37 0 139 37 1 139 37 24 138 37 24 138 120 24 138 120 25 165 120 25 165 120 24 165 38 24 166 38 24 166 38 1 166 38 0 166 37 0
13 46 58 0 46 59 0 46 59 1 46 59 22 45 59 22 45 119 22 45 119 23 213 119 23 213 119 22 213 86 22 214 86 22 214 86 1 214 86 0
15 103 2 0 103 2 1 103 2 28 102 2 28 102 113 28 102 113 29 150 113 29 150 113 28 150 95 28 151 95 28 151 95 1 151 95 0 150 95 0 150 93 0 151 93 0
13 49 65 0 49 66 0 49 66 1 49 66 18 48 66 18 48 123 18 48 123 19 102 123 19 102 123 18 102 86 18 103 86 18 103 86 1 103 86 0
14 43 65 0 43 66 0 43 66 1 43 66 32 42 66 32 42 103 32 42 103 33 159 103 33 159 103 32 159 80 32 160 80 32 160 80 1 160 80 0 160 79 0
16 157 72 0 157 73 0 157 73 1 157 73 6 156 73 6 156 130 6 156 130 7 207 130 7 207 130 6 207 88 6 208 88 6 208 88 1 208 88 0 207 88 0 207 86 0 208 86 0
14 58 65 0 58 66 0 58 66 1 58 66 32 57 66 32 57 104 32 57 104 33 69 104 33 69 104 32 69 73 32 70 73 32 70 73 1 70 73 0 70 72 0
14 37 2 0 37 3 0 37 3 1 37 3 36 36 3 36 36 100 36 36 100 37 75 100 37 75 100 36 75 59 36 76 59 36 76 59 1 76 59 0 76 58 0
16 79 2 0 80 2 0 80 0 0 79 0 0 79 0 1 79 0 32 78 0 32 78 105 32 78 105 33 192 105 33 192 105 32 192 17 32 193 17 32 193 17 1 193 17 0 193 16 0
15 88 72 0 88 72 1 88 72 34 87 72 34 87 101 34 87 101 35 198 101 35 198 101 34 198 88 34 199 88 34 199 88 1 199 88 0 198 88 0 198 86 0 199 86 0
13 112 44 0 112 44 1 112 44 16 111 44 16 111 127 16 111 127 17 171 127 17 171 127 16 171 66 16 172 66 16 172 66 1 172 66 0 172 65 0
13 43 44 0 43 45 0 43 45 1 43 45 34 42 45 34 42 102 34 42 102 35 213 102 35 213 102 34 213 2 34 214 2 34 214 2 1 214 2 0
15 109 9 0 108 9 0 108 11 0 109 11 0 109 11 1 109 11 22 108 11 22 108 120 22 108 120 23 135 120 23 135 120 22 135 16 22 136 16 22 136 16 1 136 16 0
12 34 93 0 34 93 1 34 93 34 33 93 34 33 103 34 33 103 35 144 103 35 144 103 34 144 9 34 145 9 34 145 9 1 145 9 0
12 55 79 0 55 79 1 55 79 18 54 79 18 54 124 18 54 124 19 99 124 19 99 124 18 99 58 18 100 58 18 100 58 1 100 58 0
14 19 37 0 19 38 0 19 38 1 19 38 30 18 38 30 18 109 30 18 109 31 177 109 31 177 109 30 177 50 30 178 50 30 178 50 1 178 50 0 178 51 0
13 97 23 0 97 24 0 97 24 1 97 24 36 96 24 36 96 101 36 96 101 37 144 101 37 144 101 36 144 51 36 145 51 36 145 51 1 145 51 0
14 163 58 0 163 59 0 163 59 1 163 59 24 162 59 24 162 121 24 162 121 25 213 121 25 213 121 24 213 38 24 214 38 24 214 38 1 214 38 0 214 37 0
13 103 58 0 103 59 0 103 59 1 103 59 22 102 59 22 102 121 22 102 121 23 183 121 23 183 121 22 183 79 22 184 79 22 184 79 1 184 79 0
13 73 58 0 73 58 1 73 58 26 72 58 26 72 115 26 72 115 27 153 115 27 153 115 26 153 3 26 154 3 26 154 3 1 154 3 0 154 2 0
13 31 72 0 31 71 0 31 71 1 31 71 32 30 71 32 30 106 32 30 106 33 96 106 33 96 106 32 96 9 32 97 9 32 97 9 1 97 9 0
15 43 65 0 42 65 0 42 67 0 43 67 0 43 67 1 43 67 36 42 67 36 42 102 36 42 102 37 195 102 37 195 102 36 195 2 36 196 2 36 196 2 1 196 2 0
14 28 44 0 28 45 0 28 45 1 28 45 32 27 45 32 27 107 32 27 107 33 141 107 33 141 107 32 141 17 32 142 17 32 142 17 1 142 17 0 142 16 0
15 19 23 0 19 23 1 19 23 22 18 23 22 18 122 22 18 122 23 162 122 23 162 122 22 162 4 22 163 4 22 163 4 1 163 4 0 162 4 0 162 2 0 163 2 0
12 37 93 0 37 93 1 37 93 38 36 93 38 36 100 38 36 100 39 144 100 39 144 100 38 144 79 38 145 79 38 145 79 1 145 79 0
16 133 86 0 132 86 0 132 88 0 133 88 0 133 88 1 133 88 26 132 88 26 132 116 26 132 116 27 213 116 27 213 116 26 213 3 26 214 3 26 214 3 1 214 3 0 214 2 0
13 13 30 0 13 30 1 13 30 32 12 30 32 12 108 32 12 108 33 33 108 33 33 108 32 33 10 32 34 10 32 34 10 1 34 10 0 34 9 0
14 190 16 0 190 17 0 190 17 1 190 17 36 189 17 36 189 103 36 189 103 37 198 103 37 198 103 36 198 38 36 199 38 36 199 38 1 199 38 0 199 37 0
12 112 58 0 112 58 1 112 58 28 111 58 28 111 114 28 111 114 29 210 114 29 210 114 28 210 23 28 211 23 28 211 23 1 211 23 0
14 109 79 0 109 80 0 109 80 1 109 80 28 108 80 28 108 115 28 108 115 29 153 115 29 153 115 28 153 24 28 154 24 28 154 24 1 154 24 0 154 23 0
13 55 65 0 55 65 1 55 65 26 54 65 26 54 117 26 54 117 27 171 117 27 171 117 26 171 87 26 172 87 26 172 87 1 172 87 0 172 86 0
13 34 16 0 34 17 0 34 17 1 34 17 30 33 17 30 33 110 30 33 110 31 132 110 31 132 110 30 132 9 30 133 9 30 133 9 1 133 9 0
13 19 72 0 19 72 1 19 72 32 18 72 32 18 109 32 18 109 33 135 109 33 135 109 32 135 24 32 136 24 32 136 24 1 136 24 0 136 23 0
13 37 30 0 37 31 0 37 31 1 37 31 42 36 31 42 36 99 42 36 99 43 204 99 43 204 99 42 204 65 42 205 65 42 205 65 1 205 65 0
16 103 9 0 103 10 0 103 10 1 103 10 16 102 10 16 102 128 16 102 128 17 144 128 17 144 128 16 144 4 16 145 4 16 145 4 1 145 4 0 144 4 0 144 2 0 145 2 0
12 58 93 0 58 93 1 58 93 18 57 93 18 57 125 18 57 125 19 63 125 19 63 125 18 63 23 18 64 23 18 64 23 1 64 23 0
13 124 23 0 124 23 1 124 23 34 123 23 34 123 104 34 123 104 35 132 104 35 132 104 34 132 85 34 133 85 34 133 85 1 133 85 0 133 86 0
13 13 58 0 13 59 0 13 59 1 13 59 34 12 59 34 12 105 34 12 105 35 81 105 35 81 105 34 81 23 34 82 23 34 82 23 1 82 23 0
12 157 65 0 157 65 1 157 65 8 156 65 8 156 129 8 156 129 9 168 129 9 168 129 8 168 2 8 169 2 8 169 2 1 169 2 0
16 49 93 0 48 93 0 48 95 0 49 95 0 49 95 1 49 95 30 48 95 30 48 111 30 48 111 31 210 111 31 210 111 30 210 24 30 211 24 30 211 24 1 211 24 0 211 23 0
12 94 9 0 94 9 1 94 9 28 93 9 28 93 116 28 93 116 29 171 116 29 171 116 28 171 16 28 172 16 28 172 16 1 172 16 0
12 46 2 0 46 2 1 46 2 10 45 2 10 45 129 10 45 129 11 99 129 11 99 129 10 99 2 10 100 2 10 100 2 1 100 2 0
14 70 23 0 70 22 0 70 22 1 70 22 34 69 22 34 69 106 34 69 106 35 96 106 35 96 106 34 96 10 34 97 10 34 97 10 1 97 10 0 97 9 0
14 58 30 0 58 29 0 58 29 1 58 29 22 57 29 22 57 123 22 57 123 23 159 123 23 159 123 22 159 3 22 160 3 22 160 3 1 160 3 0 160 2 0
13 70 51 0 70 52 0 70 52 1 70 52 30 69 52 30 69 112 30 69 112 31 84 112 31 84 112 30 84 65 30 85 65 30 85 65 1 85 65 0
13 76 44 0 76 45 0 76 45 1 76 45 18 75 45 18 75 126 18 75 126 19 90 126 19 90 126 18 90 51 18 91 51 18 91 51 1 91 51 0
16 67 65 0 66 65 0 66 67 0 67 67 0 67 67 1 67 67 30 66 67 30 66 113 30 66 113 31 93 113 31 93 113 30 93 80 30 94 80 30 94 80 1 94 80 0 94 79 0
12 34 86 0 34 86 1 34 86 36 33 86 36 33 104 36 33 104 37 60 104 37 60 104 36 60 37 36 61 37 36 61 37 1 61 37 0
16 37 72 0 36 72 0 36 74 0 37 74 0 37 74 1 37 74 40 36 74 40 36 100 40 36 100 41 51 100 41 51 100 40 51 87 40 52 87 40 52 87 1 52 87 0 52 86 0
14 49 79 0 49 80 0 49 80 1 49 80 34 48 80 34 48 107 34 48 107 35 78 107 35 78 107 34 78 17 34 79 17 34 79 17 1 79 17 0 79 16 0
13 157 2 0 157 2 1 157 2 12 156 2 12 156 129 12 156 129 13 168 129 13 168 129 12 168 66 12 169 66 12 169 66 1 169 66 0 169 65 0
13 28 65 0 28 65 1 28 65 44 27 65 44 27 99 44 27 99 45 204 99 45 204 99 44 204 10 44 205 10 44 205 10 1 205 10 0 205 9 0
14 67 65 0 67 64 0 67 64 1 67 64 32 66 64 32 66 110 32 66 110 33 150 110 33 150 110 32 150 10 32 151 10 32 151 10 1 151 10 0 151 9 0
13 22 16 0 22 17 0 22 17 1 22 17 26 21 17 26 21 118 26 21 118 27 180 118 27 180 118 26 180 23 26 181 23 26 181 23 1 181 23 0
13 76 16 0 76 17 0 76 17 1 76 17 32 75 17 32 75 111 32 75 111 33 84 111 33 84 111 32 84 72 32 85 72 32 85 72 1 85 72 0
12 52 2 0 52 2 1 52 2 22 51 2 22 51 124 22 51 124 23 120 124 23 120 124 22 120 44 22 121 44 22 121 44 1 121 44 0
15 10 58 0 10 58 1 10 58 36 9 58 36 9 105 36 9 105 37 78 105 37 78 105 36 78 18 36 79 18 36 79 18 1 79 18 0 78 18 0 78 16 0 79 16 0
13 13 2 0 13 3 0 13 3 1 13 3 36 12 3 36 12 106 36 12 106 37 54 106 37 54 106 36 54 58 36 55 58 36 55 58 1 55 58 0
16 145 9 0 145 10 0 145 10 1 145 10 40 144 10 40 144 101 40 144 101 41 189 101 41 189 101 40 189 18 40 190 18 40 190 18 1 190 18 0 189 18 0 189 16 0 190 16 0
13 76 23 0 76 23 1 76 23 10 75 23 10 75 130 10 75 130 11 132 130 11 132 130 10 132 52 10 133 52 10 133 52 1 133 52 0 133 51 0
13 67 37 0 67 38 0 67 38 1 67 38 22 66 38 22 66 125 22 66 125 23 174 125 23 174 125 22 174 93 22 175 93 22 175 93 1 175 93 0
12 34 23 0 34 23 1 34 23 38 33 23 38 33 101 38 33 101 39 120 101 39 120 101 38 120 58 38 121 58 38 121 58 1 121 58 0
14 31 23 0 31 24 0 31 24 1 31 24 40 30 24 40 30 102 40 30 102 41 33 102 41 33 102 40 33 87 40 34 87 40 34 87 1 34 87 0 34 86 0
12 109 16 0 109 16 1 109 16 26 108 16 26 108 119 26 108 119 27 207 119 27 207 119 26 207 44 26 208 44 26 208 44 1 208 44 0
12 109 65 0 109 65 1 109 65 18 108 65 18 108 127 18 108 127 19 186 127 19 186 127 18 186 2 18 187 2 18 187 2 1 187 2 0
13 76 93 0 76 93 1 76 93 24 75 93 24 75 122 24 75 122 25 93 122 25 93 122 24 93 73 24 94 73 24 94 73 1 94 73 0 94 72 0
16 82 86 0 81 86 0 81 88 0 82 88 0 82 88 1 82 88 28 81 88 28 81 117 28 81 117 29 168 117 29 168 117 28 168 31 28 169 31 28 169 31 1 169 31 0 169 30 0
13 22 79 0 22 80 0 22 80 1 22 80 32 21 80 32 21 112 32 21 112 33 114 112 33 114 112 32 114 37 32 115 37 32 115 37 1 115 37 0
16 163 23 0 163 24 0 163 24 1 163 24 38 162 24 38 162 102 38 162 102 39 198 102 39 198 102 38 198 39 38 199 39 38 199 39 1 199 39 0 198 39 0 198 37 0 199 37 0
16 97 9 0 96 9 0 96 11 0 97 11 0 97 11 1 97 11 38 96 11 38 96 103 38 96 103 39 186 103 39 186 103 38 186 10 38 187 10 38 187 10 1 187 10 0 187 9 0
13 16 65 0 16 66 0 16 66 1 16 66 30 15 66 30 15 114 30 15 114 31 108 114 31 108 114 30 108 72 30 109 72 30 109 72 1 109 72 0
13 4 58 0 4 58 1 4 58 14 3 58 14 3 127 14 3 127 15 168 127 15 168 127 14 168 94 14 169 94 14 169 94 1 169 94 0 169 93 0
13 10 9 0 10 10 0 10 10 1 10 10 14 9 10 14 9 128 14 9 128 15 180 128 15 180 128 14 180 51 14 181 51 14 181 51 1 181 51 0
16 43 51 0 43 52 0 43 52 1 43 52 38 42 52 38 42 104 38 42 104 39 87 104 39 87 104 38 87 25 38 88 25 38 88 25 1 88 25 0 87 25 0 87 23 0 88 23 0
15 22 37 0 22 37 1 22 37 30 21 37 30 21 115 30 21 115 31 192 115 31 192 115 30 192 18 30 193 18 30 193 18 1 193 18 0 192 18 0 192 16 0 193 16 0
13 46 44 0 46 44 1 46 44 26 45 44 26 45 120 26 45 120 27 162 120 27 162 120 26 162 73 26 163 73 26 163 73 1 163 73 0 163 72 0
14 100 23 0 100 24 0 100 24 1 100 24 30 99 24 30 99 116 30 99 116 31 123 116 31 123 116 30 123 80 30 124 80 30 124 80 1 124 80 0 124 79 0
13 154 58 0 154 58 1 154 58 32 153 58 32 153 113 32 153 113 33 210 113 33 210 113 32 210 87 32 211 87 32 211 87 1 211 87 0 211 86 0
12 163 79 0 163 79 1 163 79 34 162 79 34 162 108 34 162 108 35 192 108 35 192 108 34 192 65 34 193 65 34 193 65 1 193 65 0
15 40 44 0 39 44 0 39 46 0 40 46 0 40 46 1 40 46 28 39 46 28 39 118 28 39 118 29 63 118 29 63 118 28 63 9 28 64 9 28 64 9 1 64 9 0
14 61 51 0 61 50 0 61 50 1 61 50 28 60 50 28 60 119 28 60 119 29 87 119 29 87 119 28 87 80 28 88 80 28 88 80 1 88 80 0 88 79 0
13 184 37 0 184 37 1 184 37 34 183 37 34 183 109 34 183 109 35 210 109 35 210 109 34 210 59 34 211 59 34 211 59 1 211 59 0 211 58 0
14 25 30 0 25 31 0 25 31 1 25 31 22 24 31 22 24 126 22 24 126 23 111 126 23 111 126 22 111 59 22 112 59 22 112 59 1 112 59 0 112 58 0
16 16 79 0 16 80 0 16 80 1 16 80 36 15 80 36 15 107 36 15 107 37 210 107 37 210 107 36 210 46 36 211 46 36 211 46 1 211 46 0 210 46 0 210 44 0 211 44 0
15 49 9 0 49 9 1 49 9 12 48 9 12 48 130 12 48 130 13 186 130 13 186 130 12 186 11 12 187 11 12 187 11 1 187 11 0 186 11 0 186 9 0 187 9 0
14 142 86 0 142 87 0 142 87 1 142 87 34 141 87 34 141 110 34 141 110 35 207 110 35 207 110 34 207 45 34 208 45 34 208 45 1 208 45 0 208 44 0
16 1 65 0 0 65 0 0 67 0 1 67 0 1 67 1 1 67 32 0 67 32 0 114 32 0 114 33 177 114 33 177 114 32 177 73 32 178 73 32 178 73 1 178 73 0 178 72 0
13 133 23 0 133 24 0 133 24 1 133 24 14 132 24 14 132 129 14 132 129 15 192 129 15 192 129 14 192 86 14 193 86 14 193 86 1 193 86 0
16 109 65 0 109 66 0 109 66 1 109 66 20 108 66 20 108 122 20 108 122 21 126 122 21 126 122 20 126 74 20 127 74 20 127 74 1 127 74 0 126 74 0 126 72 0 127 72 0
15 91 65 0 91 65 1 91 65 12 90 65 12 90 131 12 90 131 13 165 131 13 165 131 12 165 39 12 166 39 12 166 39 1 166 39 0 165 39 0 165 37 0 166 37 0
14 172 23 0 172 24 0 172 24 1 172 24 36 171 24 36 171 108 36 171 108 37 192 108 37 192 108 36 192 52 36 193 52 36 193 52 1 193 52 0 193 51 0
13 7 30 0 7 30 1 7 30 32 6 30 32 6 115 32 6 115 33 63 115 33 63 115 32 63 66 32 64 66 32 64 66 1 64 66 0 64 65 0
18 148 30 0 147 30 0 147 32 0 148 32 0 148 32 1 148 32 10 147 32 10 147 131 10 147 131 11 168 131 11 168 131 10 168 32 10 169 32 10 169 32 1 169 32 0 168 32 0 168 30 0 169 30 0
18 13 58 0 12 58 0 12 60 0 13 60 0 13 60 1 13 60 38 12 60 38 12 105 38 12 105 39 213 105 39 213 105 38 213 46 38 214 46 38 214 46 1 214 46 0 213 46 0 213 44 0 214 44 0
13 1 23 0 1 23 1 1 23 34 0 23 34 0 111 34 0 111 35 108 111 35 108 111 34 108 73 34 109 73 34 109 73 1 109 73 0 109 72 0
12 121 2 0 121 2 1 121 2 30 120 2 30 120 117 30 120 117 31 153 117 31 153 117 30 153 9 30 154 9 30 154 9 1 154 9 0
14 19 65 0 19 66 0 19 66 1 19 66 36 18 66 36 18 109 36 18 109 37 84 109 37 84 109 36 84 45 36 85 45 36 85 45 1 85 45 0 85 44 0
18 55 30 0 54 30 0 54 32 0 55 32 0 55 32 1 55 32 20 54 32 20 54 123 20 54 123 21 150 123 21 150 123 20 150 88 20 151 88 20 151 88 1 151 88 0 150 88 0 150 86 0 151 86 0
14 94 93 0 94 92 0 94 92 1 94 92 32 93 92 32 93 116 32 93 116 33 162 116 33 162 116 32 162 1 32 163 1 32 163 1 1 163 1 0 163 2 0
12 169 44 0 169 44 1 169 44 18 168 44 18 168 128 18 168 128 19 192 128 19 192 128 18 192 44 18 193 44 18 193 44 1 193 44 0
14 172 93 0 172 94 0 172 94 1 172 94 30 171 94 30 171 118 30 171 118 31 201 118 31 201 118 30 201 38 30 202 38 30 202 38 1 202 38 0 202 37 0
14 82 51 0 82 52 0 82 52 1 82 52 32 81 52 32 81 117 32 81 117 33 201 117 33 201 117 32 201 31 32 202 31 32 202 31 1 202 31 0 202 30 0
15 16 72 0 16 72 1 16 72 46 15 72 46 15 99 46 15 99 47 204 99 47 204 99 46 204 74 46 205 74 46 205 74 1 205 74 0 204 74 0 204 72 0 205 72 0
16 4 93 0 4 94 0 4 94 1 4 94 40 3 94 40 3 103 40 3 103 41 12 103 41 12 103 40 12 46 40 13 46 40 13 46 1 13 46 0 12 46 0 12 44 0 13 44 0
14 13 37 0 13 36 0 13 36 1 13 36 42 12 36 42 12 100 42 12 100 43 156 100 43 156 100 42 156 10 42 157 10 42 157 10 1 157 10 0 157 9 0
12 58 37 0 58 37 1 58 37 40 57 37 40 57 104 40 57 104 41 96 104 41 96 104 40 96 79 40 97 79 40 97 79 1 97 79 0
16 100 23 0 99 23 0 99 25 0 100 25 0 100 25 1 100 25 24 99 25 24 99 123 24 99 123 25 120 123 25 120 123 24 120 17 24 121 17 24 121 17 1 121 17 0 121 16 0
14 52 44 0 52 45 0 52 45 1 52 45 20 51 45 20 51 124 20 51 124 21 180 124 21 180 124 20 180 10 20 181 10 20 181 10 1 181 10 0 181 9 0
13 88 30 0 88 29 0 88 29 1 88 29 36 87 29 36 87 110 36 87 110 37 135 110 37 135 110 36 135 37 36 136 37 36 136 37 1 136 37 0
15 94 23 0 94 23 1 94 23 20 93 23 20 93 125 20 93 125 21 156 125 21 156 125 20 156 74 20 157 74 20 157 74 1 157 74 0 156 74 0 156 72 0 157 72 0
12 139 93 0 139 93 1 139 93 22 138 93 22 138 127 22 138 127 23 156 127 23 156 127 22 156 93 22 157 93 22 157 93 1 157 93 0
14 58 93 0 58 94 0 58 94 1 58 94 34 57 94 34 57 112 34 57 112 35 177 112 35 177 112 34 177 3 34 178 3 34 178 3 1 178 3 0 178 2 0
13 16 86 0 16 86 1 16 86 38 15 86 38 15 106 38 15 106 39 81 106 39 81 106 38 81 10 38 82 10 38 82 10 1 82 10 0 82 9 0
13 13 65 0 13 65 1 13 65 44 12 65 44 12 100 44 12 100 45 45 100 45 45 100 44 45 66 44 46 66 44 46 66 1 46 66 0 46 65 0
13 67 79 0 67 79 1 67 79 42 66 79 42 66 101 42 66 101 43 96 101 43 96 101 42 96 38 42 97 38 42 97 38 1 97 38 0 97 37 0
15 121 30 0 121 30 1 121 30 32 120 30 32 120 118 32 120 118 33 171 118 33 171 118 32 171 60 32 172 60 32 172 60 1 172 60 0 171 60 0 171 58 0 172 58 0
15 118 30 0 118 30 1 118 30 34 117 30 34 117 113 34 117 113 35 135 113 35 135 113 34 135 88 34 136 88 34 136 88 1 136 88 0 135 88 0 135 86 0 136 86 0
12 46 86 0 46 86 1 46 86 14 45 86 14 45 130 14 45 130 15 201 130 15 201 130 14 201 65 14 202 65 14 202 65 1 202 65 0
13 4 2 0 4 3 0 4 3 1 4 3 28 3 3 28 3 120 28 3 120 29 54 120 29 54 120 28 54 72 28 55 72 28 55 72 1 55 72 0
16 46 58 0 45 58 0 45 60 0 46 60 0 46 60 1 46 60 28 45 60 28 45 121 28 45 121 29 174 121 29 174 121 28 174 24 28 175 24 28 175 24 1 175 24 0 175 23 0
13 79 51 0 79 52 0 79 52 1 79 52 38 78 52 38 78 107 38 78 107 39 165 107 39 165 107 38 165 93 38 166 93 38 166 93 1 166 93 0
13 142 58 0 142 59 0 142 59 1 142 59 36 141 59 36 141 111 36 141 111 37 147 111 37 147 111 36 147 37 36 148 37 36 148 37 1 148 37 0
14 193 65 0 193 66 0 193 66 1 193 66 38 192 66 38 192 108 38 192 108 39 210 108 39 210 108 38 210 17 38 211 17 38 211 17 1 211 17 0 211 16 0
15 67 2 0 66 2 0 66 4 0 67 4 0 67 4 1 67 4 28 66 4 28 66 122 28 66 122 29 72 122 29 72 122 28 72 2 28 73 2 28 73 2 1 73 2 0
16 100 2 0 100 3 0 100 3 1 100 3 28 99 3 28 99 123 28 99 123 29 135 123 29 135 123 28 135 81 28 136 81 28 136 81 1 136 81 0 135 81 0 135 79 0 136 79 0
16 79 65 0 78 65 0 78 67 0 79 67 0 79 67 1 79 67 40 78 67 40 78 105 40 78 105 41 150 105 41 150 105 40 150 22 40 151 22 40 151 22 1 151 22 0 151 23 0
13 121 72 0 121 73 0 121 73 1 121 73 26 120 73 26 120 121 26 120 121 27 126 121 27 126 121 26 126 30 26 127 30 26 127 30 1 127 30 0
15 121 65 0 121 65 1 121 65 36 120 65 36 120 112 36 120 112 37 213 112 37 213 112 36 213 77 36 214 77 36 214 77 1 214 77 0 215 77 0 215 79 0 214 79 0
13 97 58 0 97 59 0 97 59 1 97 59 44 96 59 44 96 101 44 96 101 45 102 101 45 102 101 44 102 37 44 103 37 44 103 37 1 103 37 0
13 169 51 0 169 51 1 169 51 16 168 51 16 168 129 16 168 129 17 207 129 17 207 129 16 207 85 16 208 85 16 208 85 1 208 85 0 208 86 0
12 10 44 0 10 44 1 10 44 4 9 44 4 9 132 4 9 132 5 114 132 5 114 132 4 114 16 4 115 16 4 115 16 1 115 16 0
15 184 86 0 184 86 1 184 86 30 183 86 30 183 119 30 183 119 31 213 119 31 213 119 30 213 39 30 214 39 30 214 39 1 214 39 0 213 39 0 213 37 0 214 37 0
13 115 93 0 115 94 0 115 94 1 115 94 42 114 94 42 114 102 42 114 102 43 144 102 43 144 102 42 144 23 42 145 23 42 145 23 1 145 23 0
16 121 72 0 120 72 0 120 74 0 121 74 0 121 74 1 121 74 28 120 74 28 120 124 28 120 124 29 183 124 29 183 124 28 183 24 28 184 24 28 184 24 1 184 24 0 184 23 0
12 100 16 0 100 16 1 100 16 26 99 16 26 99 122 26 99 122 27 147 122 27 147 122 26 147 72 26 148 72 26 148 72 1 148 72 0
13 22 72 0 22 71 0 22 71 1 22 71 34 21 71 34 21 114 34 21 114 35 54 114 35 54 114 34 54 93 34 55 93 34 55 93 1 55 93 0
13 79 23 0 79 23 1 79 23 42 78 23 42 78 103 42 78 103 43 165 103 43 165 103 42 165 17 42 166 17 42 166 17 1 166 17 0 166 16 0
13 10 58 0 10 59 0 10 59 1 10 59 26 9 59 26 9 123 26 9 123 27 87 123 27 87 123 26 87 86 26 88 86 26 88 86 1 88 86 0
16 85 79 0 85 80 0 85 80 1 85 80 38 84 80 38 84 109 38 84 109 39 93 109 39 93 109 38 93 91 38 94 91 38 94 91 1 94 91 0 95 91 0 95 93 0 94 93 0
16 28 44 0 27 44 0 27 46 0 28 46 0 28 46 1 28 46 24 27 46 24 27 124 24 27 124 25 102 124 25 102 124 24 102 17 24 103 17 24 103 17 1 103 17 0 103 16 0
16 64 86 0 64 87 0 64 87 1 64 87 36 63 87 36 63 113 36 63 113 37 108 113 37 108 113 36 108 74 36 109 74 36 109 74 1 109 74 0 108 74 0 108 72 0 109 72 0
13 4 51 0 4 51 1 4 51 38 3 51 38 3 110 38 3 110 39 135 110 39 135 110 38 135 59 38 136 59 38 136 59 1 136 59 0 136 58 0
15 49 2 0 49 2 1 49 2 36 48 2 36 48 114 36 48 114 37 69 114 37 69 114 36 69 74 36 70 74 36 70 74 1 70 74 0 69 74 0 69 72 0 70 72 0
16 145 9 0 144 9 0 144 11 0 145 11 0 145 11 1 145 11 44 144 11 44 144 102 44 144 102 45 153 102 45 153 102 44 153 78 44 154 78 44 154 78 1 154 78 0 154 79 0
13 13 30 0 13 31 0 13 31 1 13 31 46 12 31 46 12 100 46 12 100 47 132 100 47 132 100 46 132 93 46 133 93 46 133 93 1 133 93 0
14 82 30 0 82 31 0 82 31 1 82 31 40 81 31 40 81 106 40 81 106 41 198 106 41 198 106 40 198 24 40 199 24 40 199 24 1 199 24 0 199 23 0
13 61 86 0 61 87 0 61 87 1 61 87 22 60 87 22 60 128 22 60 128 23 186 128 23 186 128 22 186 93 22 187 93 22 187 93 1 187 93 0
16 61 51 0 62 51 0 62 49 0 61 49 0 61 49 1 61 49 18 60 49 18 60 129 18 60 129 19 165 129 19 165 129 18 165 36 18 166 36 18 166 36 1 166 36 0 166 37 0
15 52 65 0 51 65 0 51 67 0 52 67 0 52 67 1 52 67 26 51 67 26 51 124 26 51 124 27 156 124 27 156 124 26 156 79 26 157 79 26 157 79 1 157 79 0
16 58 79 0 58 80 0 58 80 1 58 80 38 57 80 38 57 111 38 57 111 39 69 111 39 69 111 38 69 21 38 70 21 38 70 21 1 70 21 0 71 21 0 71 23 0 70 23 0
14 7 86 0 7 87 0 7 87 1 7 87 38 6 87 38 6 112 38 6 112 39 54 112 39 54 112 38 54 59 38 55 59 38 55 59 1 55 59 0 55 58 0
13 121 44 0 121 45 0 121 45 1 121 45 40 120 45 40 120 107 40 120 107 41 183 107 41 183 107 40 183 72 40 184 72 40 184 72 1 184 72 0
13 49 51 0 49 51 1 49 51 44 48 51 44 48 103 44 48 103 45 78 103 45 78 103 44 78 24 44 79 24 44 79 24 1 79 24 0 79 23 0
16 58 93 0 57 93 0 57 95 0 58 95 0 58 95 1 58 95 20 57 95 20 57 126 20 57 126 21 168 126 21 168 126 20 168 38 20 169 38 20 169 38 1 169 38 0 169 37 0
12 4 30 0 4 30 1 4 30 42 3 30 42 3 104 42 3 104 43 69 104 43 69 104 42 69 58 42 70 58 42 70 58 1 70 58 0
12 31 58 0 31 58 1 31 58 28 30 58 28 30 125 28 30 125 29 180 125 29 180 125 28 180 37 28 181 37 28 181 37 1 181 37 0
13 13 44 0 13 43 0 13 43 1 13 43 48 12 43 48 12 99 48 12 99 49 60 99 49 60 99 48 60 93 48 61 93 48 61 93 1 61 93 0
18 7 51 0 6 51 0 6 53 0 7 53 0 7 53 1 7 53 40 6 53 40 6 108 40 6 108 41 141 108 41 141 108 40 141 60 40 142 60 40 142 60 1 142 60 0 141 60 0 141 58 0 142 58 0
16 43 9 0 42 9 0 42 11 0 43 11 0 43 11 1 43 11 40 42 11 40 42 109 40 42 109 41 156 109 41 156 109 40 156 66 40 157 66 40 157 66 1 157 66 0 157 65 0
14 157 2 0 157 3 0 157 3 1 157 3 30 156 3 30 156 120 30 156 120 31 168 120 31 168 120 30 168 52 30 169 52 30 169 52 1 169 52 0 169 51 0
16 22 79 0 21 79 0 21 81 0 22 81 0 22 81 1 22 81 36 21 81 36 21 115 36 21 115 37 99 115 37 99 115 36 99 73 36 100 73 36 100 73 1 100 73 0 100 72 0
18 13 86 0 12 86 0 12 88 0 13 88 0 13 88 1 13 88 50 12 88 50 12 99 50 12 99 51 183 99 51 183 99 50 183 53 50 184 53 50 184 53 1 184 53 0 183 53 0 183 51 0 184 51 0
14 52 65 0 52 64 0 52 64 1 52 64 34 51 64 34 51 115 34 51 115 35 180 115 35 180 115 34 180 80 34 181 80 34 181 80 1 181 80 0 181 79 0
14 40 72 0 40 73 0 40 73 1 40 73 42 39 73 42 39 105 42 39 105 43 198 105 43 198 105 42 198 3 42 199 3 42 199 3 1 199 3 0 199 2 0
13 25 16 0 25 16 1 25 16 40 24 16 40 24 110 40 24 110 41 210 110 41 210 110 40 210 43 40 211 43 40 211 43 1 211 43 0 211 44 0
12 115 44 0 115 44 1 115 44 34 114 44 34 114 116 34 114 116 35 195 116 35 195 116 34 195 30 34 196 30 34 196 30 1 196 30 0
15 46 23 0 45 23 0 45 25 0 46 25 0 46 25 1 46 25 20 45 25 20 45 127 20 45 127 21 63 127 21 63 127 20 63 44 20 64 44 20 64 44 1 64 44 0
13 4 9 0 4 10 0 4 10 1 4 10 46 3 10 46 3 101 46 3 101 47 96 101 47 96 101 46 96 51 46 97 51 46 97 51 1 97 51 0
18 49 65 0 48 65 0 48 67 0 49 67 0 49 67 1 49 67 38 48 67 38 48 113 38 48 113 39 201 113 39 201 113 38 201 39 38 202 39 38 202 39 1 202 39 0 201 39 0 201 37 0 202 37 0
13 19 86 0 19 85 0 19 85 1 19 85 26 18 85 26 18 125 26 18 125 27 117 125 27 117 125 26 117 72 26 118 72 26 118 72 1 118 72 0
13 124 23 0 124 24 0 124 24 1 124 24 36 123 24 36 123 116 36 123 116 37 177 116 37 177 116 36 177 44 36 178 44 36 178 44 1 178 44 0
16 28 2 0 27 2 0 27 4 0 28 4 0 28 4 1 28 4 34 27 4 34 27 117 34 27 117 35 120 117 35 120 117 34 120 66 34 121 66 34 121 66 1 121 66 0 121 65 0
15 34 9 0 33 9 0 33 11 0 34 11 0 34 11 1 34 11 42 33 11 42 33 106 42 33 106 43 102 106 43 102 106 42 102 93 42 103 93 42 103 93 1 103 93 0
16 70 37 0 70 38 0 70 38 1 70 38 40 69 38 40 69 111 40 69 111 41 177 111 41 177 111 40 177 49 40 178 49 40 178 49 1 178 49 0 179 49 0 179 51 0 178 51 0
15 82 51 0 81 51 0 81 53 0 82 53 0 82 53 1 82 53 42 81 53 42 81 107 42 81 107 43 111 107 43 111 107 42 111 65 42 112 65 42 112 65 1 112 65 0
14 136 86 0 136 85 0 136 85 1 136 85 40 135 85 40 135 112 40 135 112 41 180 112 41 180 112 40 180 38 40 181 38 40 181 38 1 181 38 0 181 37 0
13 163 9 0 163 9 1 163 9 40 162 9 40 162 113 40 162 113 41 192 113 41 192 113 40 192 45 40 193 45 40 193 45 1 193 45 0 193 44 0
16 91 2 0 91 3 0 91 3 1 91 3 38 90 3 38 90 114 38 90 114 39 141 114 39 141 114 38 141 25 38 142 25 38 142 25 1 142 25 0 141 25 0 141 23 0 142 23 0
13 88 93 0 88 93 1 88 93 40 87 93 40 87 114 40 87 114 41 201 114 41 201 114 40 201 36 40 202 36 40 202 36 1 202 36 0 202 37 0
16 19 37 0 18 37 0 18 39 0 19 39 0 19 39 1 19 39 38 18 39 38 18 115 38 18 115 39 138 115 39 138 115 38 138 45 38 139 45 38 139 45 1 139 45 0 139 44 0
14 4 44 0 4 45 0 4 45 1 4 45 26 3 45 26 3 126 26 3 126 27 63 126 27 63 126 26 63 45 26 64 45 26 64 45 1 64 45 0 64 44 0
15 64 79 0 64 79 1 64 79 30 63 79 30 63 121 30 63 121 31 117 121 31 117 121 30 117 25 30 118 25 30 118 25 1 118 25 0 117 25 0 117 23 0 118 23 0
12 73 44 0 73 44 1 73 44 30 72 44 30 72 122 30 72 122 31 138 122 31 138 122 30 138 9 30 139 9 30 139 9 1 139 9 0
12 25 65 0 25 65 1 25 65 48 24 65 48 24 100 48 24 100 49 96 100 49 96 100 48 96 16 48 97 16 48 97 16 1 97 16 0
15 67 30 0 67 30 1 67 30 44 66 30 44 66 104 44 66 104 45 87 104 45 87 104 44 87 81 44 88 81 44 88 81 1 88 81 0 87 81 0 87 79 0 88 79 0
13 91 44 0 91 45 0 91 45 1 91 45 14 90 45 14 90 131 14 90 131 15 93 131 15 93 131 14 93 37 14 94 37 14 94 37 1 94 37 0
12 91 86 0 91 86 1 91 86 34 90 86 34 90 118 34 90 118 35 102 118 35 102 118 34 102 44 34 103 44 34 103 44 1 103 44 0
18 58 65 0 57 65 0 57 67 0 58 67 0 58 67 1 58 67 36 57 67 36 57 117 36 57 117 37 111 117 37 111 117 36 111 60 36 112 60 36 112 60 1 112 60 0 111 60 0 111 58 0 112 58 0
13 10 93 0 10 93 1 10 93 24 9 93 24 9 125 24 9 125 25 54 125 25 54 125 24 54 38 24 55 38 24 55 38 1 55 38 0 55 37 0
15 88 65 0 88 65 1 88 65 42 87 65 42 87 108 42 87 108 43 90 108 43 90 108 42 90 4 42 91 4 42 91 4 1 91 4 0 90 4 0 90 2 0 91 2 0
14 13 16 0 13 17 0 13 17 1 13 17 52 12 17 52 12 99 52 12 99 53 144 99 53 144 99 52 144 38 52 145 38 52 145 38 1 145 38 0 145 37 0
12 40 23 0 40 23 1 40 23 32 39 23 32 39 119 32 39 119 33 48 119 33 48 119 32 48 58 32 49 58 32 49 58 1 49 58 0
13 79 79 0 79 79 1 79 79 46 78 79 46 78 102 46 78 102 47 189 102 47 189 102 46 189 38 46 190 38 46 190 38 1 190 38 0 190 37 0
12 22 86 0 22 86 1 22 86 38 21 86 38 21 116 38 21 116 39 63 116 39 63 116 38 63 16 38 64 16 38 64 16 1 64 16 0
14 88 86 0 88 87 0 88 87 1 88 87 12 87 87 12 87 132 12 87 132 13 147 132 13 147 132 12 147 10 12 148 10 12 148 10 1 148 10 0 148 9 0
13 16 2 0 16 3 0 16 3 1 16 3 26 15 3 26 15 127 26 15 127 27 24 127 27 24 127 26 24 58 26 25 58 26 25 58 1 25 58 0
12 34 58 0 34 58 1 34 58 44 33 58 44 33 105 44 33 105 45 72 105 45 72 105 44 72 51 44 73 51 44 73 51 1 73 51 0
12 10 23 0 10 23 1 10 23 16 9 23 16 9 130 16 9 130 17 93 130 17 93 130 16 93 51 16 94 51 16 94 51 1 94 51 0
14 178 58 0 178 59 0 178 59 1 178 59 42 177 59 42 177 109 42 177 109 43 186 109 43 186 109 42 186 8 42 187 8 42 187 8 1 187 8 0 187 9 0
16 34 79 0 33 79 0 33 81 0 34 81 0 34 81 1 34 81 48 33 81 48 33 101 48 33 101 49 78 101 49 78 101 48 78 15 48 79 15 48 79 15 1 79 15 0 79 16 0
14 79 9 0 79 8 0 79 8 1 79 8 50 78 8 50 78 100 50 78 100 51 114 100 51 114 100 50 114 59 50 115 59 50 115 59 1 115 59 0 115 58 0
15 115 58 0 114 58 0 114 60 0 115 60 0 115 60 1 115 60 6 114 60 6 114 131 6 114 131 7 174 131 7 174 131 6 174 51 6 175 51 6 175 51 1 175 51 0
16 34 37 0 34 36 0 34 36 1 34 36 46 33 36 46 33 103 46 33 103 47 156 103 47 156 103 46 156 4 46 157 4 46 157 4 1 157 4 0 156 4 0 156 2 0 157 2 0
14 88 44 0 88 45 0 88 45 1 88 45 30 87 45 30 87 123 30 87 123 31 102 123 31 102 123 30 102 38 30 103 38 30 103 38 1 103 38 0 103 37 0
13 91 37 0 91 38 0 91 38 1 91 38 24 90 38 24 90 126 24 90 126 25 126 126 25 126 126 24 126 86 24 127 86 24 127 86 1 127 86 0
15 16 30 0 16 30 1 16 30 34 15 30 34 15 119 34 15 119 35 159 119 35 159 119 34 159 67 34 160 67 34 160 67 1 160 67 0 159 67 0 159 65 0 160 65 0
14 55 93 0 55 94 0 55 94 1 55 94 48 54 94 48 54 102 48 54 102 49 204 102 49 204 102 48 204 31 48 205 31 48 205 31 1 205 31 0 205 30 0
13 25 9 0 25 9 1 25 9 50 24 9 50 24 101 50 24 101 51 96 101 51 96 101 50 96 17 50 97 17 50 97 17 1 97 17 0 97 16 0
12 28 58 0 28 58 1 28 58 20 27 58 20 27 128 20 27 128 21 192 128 21 192 128 20 192 93 20 193 93 20 193 93 1 193 93 0
14 64 9 0 64 10 0 64 10 1 64 10 34 63 10 34 63 120 34 63 120 35 126 120 35 126 120 34 126 3 34 127 3 34 127 3 1 127 3 0 127 2 0
12 136 72 0 136 72 1 136 72 42 135 72 42 135 110 42 135 110 43 162 110 43 162 110 42 162 44 42 163 44 42 163 44 1 163 44 0
16 16 30 0 16 31 0 16 31 1 16 31 40 15 31 40 15 115 40 15 115 41 75 115 41 75 115 40 75 74 40 76 74 40 76 74 1 76 74 0 75 74 0 75 72 0 76 72 0
16 73 16 0 73 17 0 73 17 1 73 17 32 72 17 32 72 120 32 72 120 33 174 120 33 174 120 32 174 25 32 175 25 32 175 25 1 175 25 0 174 25 0 174 23 0 175 23 0
14 10 23 0 10 24 0 10 24 1 10 24 42 9 24 42 9 111 42 9 111 43 120 111 43 120 111 42 120 80 42 121 80 42 121 80 1 121 80 0 121 79 0
10 160 37 0 160 38 0 160 38 1 160 38 2 161 38 2 161 87 2 160 87 2 160 87 1 160 87 0 160 86 0
13 130 9 0 130 10 0 130 10 1 130 10 32 129 10 32 129 121 32 129 121 33 156 121 33 156 121 32 156 23 32 157 23 32 157 23 1 157 23 0
16 4 93 0 3 93 0 3 95 0 4 95 0 4 95 1 4 95 12 3 95 12 3 133 12 3 133 13 195 133 13 195 133 12 195 87 12 196 87 12 196 87 1 196 87 0 196 86 0
14 25 44 0 25 45 0 25 45 1 25 45 34 24 45 34 24 121 34 24 121 35 171 121 35 171 121 34 171 31 34 172 31 34 172 31 1 172 31 0 172 30 0
14 88 79 0 88 78 0 88 78 1 88 78 46 87 78 46 87 104 46 87 104 47 99 104 47 99 104 46 99 59 46 100 59 46 100 59 1 100 59 0 100 58 0
11 211 16 0 210 16 0 210 18 0 211 18 0 211 18 1 211 18 3 212 18 3 212 93 3 211 93 3 211 93 1 211 93 0
12 28 51 0 28 51 1 28 51 30 27 51 30 27 124 30 27 124 31 150 124 31 150 124 30 150 79 30 151 79 30 151 79 1 151 79 0
16 4 2 0 3 2 0 3 4 0 4 4 0 4 4 1 4 4 44 3 4 44 3 106 44 3 106 45 123 106 45 123 106 44 123 66 44 124 66 44 124 66 1 124 66 0 124 65 0
15 169 23 0 169 23 1 169 23 34 168 23 34 168 122 34 168 122 35 174 122 35 174 122 34 174 39 34 175 39 34 175 39 1 175 39 0 174 39 0 174 37 0 175 37 0
13 22 51 0 22 51 1 22 51 40 21 51 40 21 116 40 21 116 41 45 116 41 45 116 40 45 87 40 46 87 40 46 87 1 46 87 0 46 86 0
13 127 79 0 127 79 1 127 79 18 126 79 18 126 130 18 126 130 19 132 130 19 132 130 18 132 10 18 133 10 18 133 10 1 133 10 0 133 9 0
13 163 93 0 163 93 1 163 93 36 162 93 36 162 118 36 162 118 37 183 118 37 183 118 36 183 94 36 184 94 36 184 94 1 184 94 0 184 93 0
13 160 65 0 160 64 0 160 64 1 160 64 42 159 64 42 159 112 42 159 112 43 210 112 43 210 112 42 210 2 42 211 2 42 211 2 1 211 2 0
14 118 58 0 118 59 0 118 59 1 118 59 50 117 59 50 117 102 50 117 102 51 204 102 51 204 102 50 204 57 50 205 57 50 205 57 1 205 57 0 205 58 0
13 22 37 0 22 38 0 22 38 1 22 38 44 21 38 44 21 107 44 21 107 45 198 107 45 198 107 44 198 79 44 199 79 44 199 79 1 199 79 0
14 58 16 0 58 17 0 58 17 1 58 17 44 57 17 44 57 108 44 57 108 45 210 108 45 210 108 44 210 94 44 211 94 44 211 94 1 211 94 0 211 93 0
15 106 79 0 106 79 1 106 79 34 105 79 34 105 123 34 105 123 35 153 123 35 153 123 34 153 77 34 154 77 34 154 77 1 154 77 0 155 77 0 155 79 0 154 79 0
13 148 65 0 148 65 1 148 65 30 147 65 30 147 125 30 147 125 31 174 125 31 174 125 30 174 52 30 175 52 30 175 52 1 175 52 0 175 51 0
15 13 79 0 13 79 1 13 79 54 12 79 54 12 99 54 12 99 55 186 99 55 186 99 54 186 7 54 187 7 54 187 7 1 187 7 0 188 7 0 188 9 0 187 9 0
14 31 30 0 31 31 0 31 31 1 31 31 36 30 31 36 30 119 36 30 119 37 174 119 37 174 119 36 174 17 36 175 17 36 175 17 1 175 17 0 175 16 0
14 49 51 0 49 52 0 49 52 1 49 52 22 48 52 22 48 129 22 48 129 23 99 129 23 99 129 22 99 17 22 100 17 22 100 17 1 100 17 0 100 16 0
16 133 23 0 132 23 0 132 25 0 133 25 0 133 25 1 133 25 48 132 25 48 132 103 48 132 103 49 198 103 49 198 103 48 198 85 48 199 85 48 199 85 1 199 85 0 199 86 0
13 139 58 0 139 59 0 139 59 1 139 59 28 138 59 28 138 126 28 138 126 29 207 126 29 207 126 28 207 93 28 208 93 28 208 93 1 208 93 0
15 58 72 0 58 72 1 58 72 48 57 72 48 57 104 48 57 104 49 156 104 49 156 104 48 156 67 48 157 67 48 157 67 1 157 67 0 156 67 0 156 65 0 157 65 0
16 49 44 0 48 44 0 48 46 0 49 46 0 49 46 1 49 46 24 48 46 24 48 127 24 48 127 25 186 127 25 186 127 24 186 3 24 187 3 24 187 3 1 187 3 0 187 2 0
13 55 79 0 55 80 0 55 80 1 55 80 32 54 80 32 54 122 32 54 122 33 132 122 33 132 122 32 132 79 32 133 79 32 133 79 1 133 79 0
14 172 72 0 172 73 0 172 73 1 172 73 40 171 73 40 171 117 40 171 117 41 213 117 41 213 117 40 213 87 40 214 87 40 214 87 1 214 87 0 214 86 0
14 10 51 0 10 52 0 10 52 1 10 52 32 9 52 32 9 123 32 9 123 33 111 123 33 111 123 32 111 66 32 112 66 32 112 66 1 112 66 0 112 65 0
18 79 72 0 78 72 0 78 74 0 79 74 0 79 74 1 79 74 52 78 74 52 78 100 52 78 100 53 102 100 53 102 100 52 102 67 52 103 67 52 103 67 1 103 67 0 102 67 0 102 65 0 103 65 0
13 109 44 0 109 44 1 109 44 46 108 44 46 108 105 46 108 105 47 198 105 47 198 105 46 198 52 46 199 52 46 199 52 1 199 52 0 199 51 0
15 118 93 0 117 93 0 117 95 0 118 95 0 118 95 1 118 95 38 117 95 38 117 117 38 117 117 39 171 117 39 171 117 38 171 51 38 172 51 38 172 51 1 172 51 0
12 133 72 0 133 72 1 133 72 36 132 72 36 132 120 36 132 120 37 150 120 37 150 120 36 150 44 36 151 44 36 151 44 1 151 44 0
13 7 2 0 7 2 1 7 2 44 6 2 44 6 109 44 6 109 45 162 109 45 162 109 44 162 94 44 163 94 44 163 94 1 163 94 0 163 93 0
18 67 16 0 66 16 0 66 18 0 67 18 0 67 18 1 67 18 46 66 18 46 66 106 46 66 106 47 213 106 47 213 106 46 213 4 46 214 4 46 214 4 1 214 4 0 213 4 0 213 2 0 214 2 0
15 43 37 0 43 37 1 43 37 42 42 37 42 42 113 42 42 113 43 57 113 43 57 113 42 57 28 42 58 28 42 58 28 1 58 28 0 59 28 0 59 30 0 58 30 0
16 31 65 0 30 65 0 30 67 0 31 67 0 31 67 1 31 67 42 30 67 42 30 114 42 30 114 43 141 114 43 141 114 42 141 10 42 142 10 42 142 10 1 142 10 0 142 9 0
16 31 30 0 30 30 0 30 32 0 31 32 0 31 32 1 31 32 44 30 32 44 30 110 44 30 110 45 117 110 45 117 110 44 117 52 44 118 52 44 118 52 1 118 52 0 118 51 0
13 124 51 0 124 52 0 124 52 1 124 52 38 123 52 38 123 118 38 123 118 39 177 118 39 177 118 38 177 23 38 178 23 38 178 23 1 178 23 0
14 136 51 0 136 50 0 136 50 1 136 50 44 135 50 44 135 111 44 135 111 45 207 111 45 207 111 44 207 38 44 208 38 44 208 38 1 208 38 0 208 37 0
16 46 65 0 45 65 0 45 67 0 46 67 0 46 67 1 46 67 42 45 67 42 45 115 42 45 115 43 48 115 43 48 115 42 48 38 42 49 38 42 49 38 1 49 38 0 49 37 0
15 79 58 0 79 58 1 79 58 54 78 58 54 78 100 54 78 100 55 87 100 55 87 100 54 87 77 54 88 77 54 88 77 1 88 77 0 89 77 0 89 79 0 88 79 0
15 43 79 0 43 79 1 43 79 46 42 79 46 42 107 46 42 107 47 210 107 47 210 107 46 210 53 46 211 53 46 211 53 1 211 53 0 210 53 0 210 51 0 211 51 0
15 16 93 0 15 93 0 15 95 0 16 95 0 16 95 1 16 95 44 15 95 44 15 112 44 15 112 45 69 112 45 69 112 44 69 9 44 70 9 44 70 9 1 70 9 0
18 73 16 0 72 16 0 72 18 0 73 18 0 73 18 1 73 18 34 72 18 34 72 124 34 72 124 35 111 124 35 111 124 34 111 95 34 112 95 34 112 95 1 112 95 0 111 95 0 111 93 0 112 93 0
13 49 16 0 49 16 1 49 16 46 48 16 46 48 108 46 48 108 47 183 108 47 183 108 46 183 87 46 184 87 46 184 87 1 184 87 0 184 86 0
16 13 37 0 14 37 0 14 35 0 13 35 0 13 35 1 13 35 56 12 35 56 12 99 56 12 99 57 84 99 57 84 99 56 84 73 56 85 73 56 85 73 1 85 73 0 85 72 0
14 25 16 0 25 17 0 25 17 1 25 17 42 24 17 42 24 116 42 24 116 43 171 116 43 171 116 42 171 45 42 172 45 42 172 45 1 172 45 0 172 44 0
16 58 58 0 58 59 0 58 59 1 58 59 46 57 59 46 57 109 46 57 109 47 168 109 47 168 109 46 168 67 46 169 67 46 169 67 1 169 67 0 168 67 0 168 65 0 169 65 0
16 79 30 0 79 31 0 79 31 1 79 31 56 78 31 56 78 100 56 78 100 57 123 100 57 123 100 56 123 25 56 124 25 56 124 25 1 124 25 0 123 25 0 123 23 0 124 23 0
14 4 37 0 4 38 0 4 38 1 4 38 48 3 38 48 3 105 48 3 105 49 141 105 49 141 105 48 141 22 48 142 22 48 142 22 1 142 22 0 142 23 0
13 109 72 0 109 71 0 109 71 1 109 71 48 108 71 48 108 106 48 108 106 49 135 106 49 135 106 48 135 9 48 136 9 48 136 9 1 136 9 0
16 46 65 0 46 64 0 46 64 1 46 64 46 45 64 46 45 110 46 45 110 47 177 110 47 177 110 46 177 67 46 178 67 46 178 67 1 178 67 0 177 67 0 177 65 0 178 65 0
16 55 86 0 54 86 0 54 88 0 55 88 0 55 88 1 55 88 46 54 88 46 54 111 46 54 111 47 69 111 47 69 111 46 69 59 46 70 59 46 70 59 1 70 59 0 70 58 0
13 46 37 0 46 37 1 46 37 48 45 37 48 45 107 48 45 107 49 120 107 49 120 107 48 120 22 48 121 22 48 121 22 1 121 22 0 121 23 0
16 28 23 0 27 23 0 27 25 0 28 25 0 28 25 1 28 25 46 27 25 46 27 112 46 27 112 47 171 112 47 171 112 46 171 3 46 172 3 46 172 3 1 172 3 0 172 2 0
13 34 44 0 34 44 1 34 44 50 33 44 50 33 103 50 33 103 51 132 103 51 132 103 50 132 80 50 133 80 50 133 80 1 133 80 0 133 79 0
13 118 37 0 118 38 0 118 38 1 118 38 32 117 38 32 117 124 32 117 124 33 168 124 33 168 124 32 168 86 32 169 86 32 169 86 1 169 86 0
14 7 44 0 7 45 0 7 45 1 7 45 48 6 45 48 6 108 48 6 108 49 177 108 49 177 108 48 177 64 48 178 64 48 178 64 1 178 64 0 178 65 0
14 28 72 0 28 73 0 28 73 1 28 73 48 27 73 48 27 109 48 27 109 49 42 109 49 42 109 48 42 22 48 43 22 48 43 22 1 43 22 0 43 23 0
13 136 72 0 136 73 0 136 73 1 136 73 52 135 73 52 135 101 52 135 101 53 183 101 53 183 101 52 183 9 52 184 9 52 184 9 1 184 9 0
13 94 86 0 94 86 1 94 86 42 93 86 42 93 117 42 93 117 43 213 117 43 213 117 42 213 36 42 214 36 42 214 36 1 214 36 0 214 37 0
14 16 86 0 16 87 0 16 87 1 16 87 48 15 87 48 15 110 48 15 110 49 210 110 49 210 110 48 210 15 48 211 15 48 211 15 1 211 15 0 211 16 0
12 142 44 0 142 44 1 142 44 44 141 44 44 141 113 44 141 113 45 177 113 45 177 113 44 177 37 44 178 37 44 178 37 1 178 37 0
15 109 58 0 109 58 1 109 58 52 108 58 52 108 102 52 108 102 53 204 102 53 204 102 52 204 11 52 205 11 52 205 11 1 205 11 0 204 11 0 204 9 0 205 9 0
12 145 93 0 145 93 1 145 93 14 144 93 14 144 132 14 144 132 15 186 132 15 186 132 14 186 30 14 187 30 14 187 30 1 187 30 0
14 1 65 0 1 64 0 1 64 1 1 64 30 0 64 30 0 126 30 0 126 31 75 126 31 75 126 30 75 71 30 76 71 30 76 71 1 76 71 0 76 72 0
14 67 58 0 67 59 0 67 59 1 67 59 50 66 59 50 66 104 50 66 104 51 141 104 51 141 104 50 141 78 50 142 78 50 142 78 1 142 78 0 142 79 0
18 40 72 0 39 72 0 39 74 0 40 74 0 40 74 1 40 74 34 39 74 34 39 125 34 39 125 35 150 125 35 150 125 34 150 11 34 151 11 34 151 11 1 151 11 0 150 11 0 150 9 0 151 9 0
16 64 30 0 64 31 0 64 31 1 64 31 40 63 31 40 63 118 40 63 118 41 93 118 41 93 118 40 93 74 40 94 74 40 94 74 1 94 74 0 93 74 0 93 72 0 94 72 0
13 130 16 0 130 17 0 130 17 1 130 17 38 129 17 38 129 119 38 129 119 39 174 119 39 174 119 38 174 30 38 175 30 38 175 30 1 175 30 0
16 1 37 0 1 38 0 1 38 1 1 38 20 0 38 20 0 129 20 0 129 21 183 129 21 183 129 20 183 18 20 184 18 20 184 18 1 184 18 0 183 18 0 183 16 0 184 16 0
18 82 9 0 81 9 0 81 11 0 82 11 0 82 11 1 82 11 44 81 11 44 81 114 44 81 114 45 114 114 45 114 114 44 114 32 44 115 32 44 115 32 1 115 32 0 114 32 0 114 30 0 115 30 0
15 193 44 0 192 44 0 192 46 0 193 46 0 193 46 1 193 46 44 192 46 44 192 115 44 192 115 45 213 115 45 213 115 44 213 72 44 214 72 44 214 72 1 214 72 0
16 55 93 0 54 93 0 54 95 0 55 95 0 55 95 1 55 95 42 54 95 42 54 118 42 54 118 43 201 118 43 201 118 42 201 24 42 202 24 42 202 24 1 202 24 0 202 23 0
13 22 2 0 22 2 1 22 2 46 21 2 46 21 113 46 21 113 47 93 113 47 93 113 46 93 87 46 94 87 46 94 87 1 94 87 0 94 86 0
14 115 16 0 115 17 0 115 17 1 115 17 48 114 17 48 114 111 48 114 111 49 213 111 49 213 111 48 213 10 48 214 10 48 214 10 1 214 10 0 214 9 0
16 88 44 0 87 44 0 87 46 0 88 46 0 88 46 1 88 46 50 87 46 50 87 105 50 87 105 51 156 105 51 156 105 50 156 24 50 157 24 50 157 24 1 157 24 0 157 23 0
13 49 58 0 49 59 0 49 59 1 49 59 28 48 59 28 48 127 28 48 127 29 165 127 29 165 127 28 165 23 28 166 23 28 166 23 1 166 23 0
16 1 65 0 2 65 0 2 63 0 1 63 0 1 63 1 1 63 8 0 63 8 0 130 8 0 130 9 186 130 9 186 130 8 186 94 8 187 94 8 187 94 1 187 94 0 187 93 0
