1600 4000
884 1166
144 1474
717 1014
554 1131
277 1563
887 932
372 698
580 1215
29 1392
523 1112
752 1059
636 683
580 735
208 539
1019 1449
179 1053
241 1538
374 624
435 612
1069 1334
306 1470
388 483
248 1232
939 1491
142 585
55 356
944 1504
1489 1595
462 1384
510 583
38 110
614 1408
179 465
1199 1204
798 1358
3 711
1083 1287
642 945
191 328
461 1490
958 1014
1220 1336
134 873
495 1251
400 706
143 782
667 1033
560 964
292 1303
126 318
479 691
954 1123
22 1340
1188 1452
753 1227
140 1081
549 1142
679 688
559 596
814 891
1549 1582
943 1271
941 1368
709 1090
465 1301
25 442
1153 1369
700 954
980 1112
397 519
17 1561
80 1250
1507 1547
558 694
860 1350
887 1185
165 583
765 1413
1398 1464
382 747
57 822
1148 1324
1208 1303
128 800
563 922
153 1443
406 1119
1107 1420
538 1536
1119 1410
211 1550
352 903
1037 1353
16 746
814 1029
831 1559
734 1158
188 768
802 917
201 380
944 1225
104 119
145 1135
827 1241
491 1588
76 596
819 1505
871 1536
305 1373
738 1021
1037 1460
652 774
547 1041
626 1232
385 728
181 1381
951 1450
935 989
738 965
37 447
655 749
321 1416
946 1009
625 945
397 658
271 1136
989 1471
923 1030
978 1237
163 1157
754 1512
68 1274
492 651
73 548
235 851
600 1584
1032 1068
301 1142
891 1242
927 949
445 1339
342 948
365 464
106 627
535 634
186 542
180 1539
207 495
581 1454
414 1302
105 1405
360 669
102 437
497 500
1097 1182
102 324
392 1087
570 753
448 1338
232 546
99 192
615 1229
245 1271
72 650
495 1141
1177 1199
729 929
72 168
1168 1425
31 1265
402 1098
700 1544
759 1319
344 1441
1003 1235
1209 1225
153 1266
427 565
1112 1332
221 762
168 1256
484 979
722 1459
65 1054
854 1436
717 1499
377 656
501 1054
182 611
1312 1386
524 1369
443 617
499 1370
899 1530
833 1218
1041 1148
212 1253
380 1328
1213 1456
1245 1572
39 1043
304 967
164 589
573 1025
604 1523
965 1270
299 609
317 441
195 1108
799 1424
573 1390
595 1350
181 810
954 1063
230 444
27 553
610 1151
865 900
490 591
752 1355
126 1450
750 1580
50 1109
321 1219
244 569
709 1161
649 1519
474 1123
224 1222
541 946
77 634
238 1431
957 1584
260 445
891 1333
448 1525
1050 1152
824 1328
315 1440
703 893
1461 1588
1371 1529
258 908
132 1417
410 651
578 1122
342 410
529 1253
612 1429
518 1331
208 211
745 1411
31 197
477 988
1270 1350
537 1261
1168 1202
174 280
345 1164
354 1595
418 521
161 256
665 807
796 1298
507 1140
520 1202
629 938
182 622
661 1312
1261 1413
243 920
205 1326
423 585
53 1196
893 1573
335 1395
107 1393
25 1357
343 1050
441 655
281 512
419 531
566 1551
824 1100
1279 1486
1318 1492
1038 1579
236 399
1336 1451
86 732
402 831
40 95
19 1005
554 1016
1477 1585
571 962
621 1441
1094 1598
377 664
655 808
757 777
982 1322
291 1178
812 1151
194 744
611 1437
1053 1598
750 1017
1271 1507
410 1330
516 1206
355 1138
450 846
139 1321
109 149
1246 1311
127 912
189 1113
364 1162
393 820
844 1403
1459 1548
256 990
809 1598
293 1117
767 1540
136 401
122 1366
851 1463
182 1575
322 1233
270 1507
670 1343
679 1447
50 1329
385 820
592 1005
647 984
96 1226
1066 1189
976 1095
1172 1547
1033 1096
409 739
141 955
1022 1070
12 154
575 1553
868 1116
12 842
287 716
500 933
872 995
743 770
1265 1416
844 1499
462 1126
1020 1445
559 590
1057 1537
56 860
667 791
40 639
64 618
1122 1378
271 823
952 1223
657 1273
536 626
939 1116
1280 1387
579 818
265 501
156 754
78 598
308 520
240 258
820 858
771 1042
1024 1594
373 486
1488 1570
326 813
958 1364
390 1295
865 1269
231 1391
1172 1560
50 540
675 1277
629 1217
1218 1282
506 1553
144 321
852 1519
992 1093
222 1096
535 999
88 1433
768 980
461 1486
160 1110
140 616
647 1503
4 818
1152 1460
666 678
366 1290
603 1334
795 949
903 1153
978 1063
768 1156
604 1022
148 1293
987 1167
534 1339
669 1394
1276 1331
1012 1401
1035 1391
1090 1349
586 637
377 631
199 303
372 386
590 1589
568 966
452 914
444 726
795 1260
268 740
1384 1401
414 639
394 506
262 440
550 1547
32 731
252 476
183 906
1182 1439
327 522
389 480
13 218
478 584
391 952
371 932
684 1171
1015 1238
171 766
1535 1564
29 235
195 1463
665 1304
742 1072
202 1478
322 1113
220 1556
954 1214
1293 1352
420 939
540 1246
64 1212
755 1472
383 1348
299 951
571 1134
443 1591
472 581
35 990
261 1226
760 1086
212 645
1135 1579
178 1087
551 834
113 711
470 1017
830 842
1089 1197
644 1559
160 594
413 428
1225 1516
306 1457
10 1185
550 589
325 644
1135 1473
98 169
841 1134
267 899
310 1517
531 947
1435 1511
234 537
246 899
458 1489
779 1353
259 1083
308 777
1185 1568
1239 1257
837 1514
1020 1028
171 498
260 1467
623 1006
686 695
81 357
399 1581
1061 1111
54 1107
1039 1492
790 1458
420 1093
194 1600
746 1046
1120 1236
672 1117
439 830
725 1532
58 894
33 244
582 1179
341 472
158 1589
111 425
645 924
475 826
1001 1024
370 1023
82 1426
327 682
412 843
656 918
90 745
771 1578
1009 1305
991 1019
157 592
635 901
331 1155
784 846
565 1075
371 626
314 850
514 1465
353 702
451 647
997 1294
738 1270
412 1454
404 1075
340 1425
155 642
429 464
860 1491
202 1372
27 1382
1231 1575
666 767
280 1489
80 388
1006 1556
378 454
140 1022
436 619
422 1041
226 744
273 645
517 1193
148 203
1325 1397
314 911
798 1184
552 1386
146 1513
509 1036
996 1366
258 902
1166 1286
570 713
694 849
28 916
410 1289
235 453
17 198
35 981
575 940
1012 1546
1501 1559
916 1308
953 1577
927 1476
555 556
808 1145
458 1542
713 1076
1528 1567
398 1562
6 1204
227 1030
432 668
1034 1328
70 515
141 1167
825 1536
211 535
18 230
1381 1415
161 1395
71 663
1035 1498
206 1231
586 745
604 1221
270 861
496 793
720 1558
737 1190
661 1013
275 317
98 212
1068 1141
761 1332
169 1289
824 1253
333 356
1034 1199
90 1350
497 1345
383 1489
211 847
434 772
359 883
1268 1574
617 1542
417 1462
1058 1137
653 1361
588 1191
181 1399
177 878
284 339
777 1366
246 804
493 1264
1124 1297
446 1447
898 1130
1234 1333
352 879
1300 1346
442 473
172 990
241 1068
819 1469
261 666
245 832
1174 1490
568 1118
456 1512
904 1200
637 1547
913 1283
1403 1452
204 1421
156 599
834 1543
489 559
1254 1597
675 821
782 1487
439 1114
552 853
544 1081
284 1476
312 904
1292 1484
371 381
928 1114
650 948
415 1223
319 1597
379 557
881 1281
255 1367
1224 1320
682 1078
1285 1337
528 793
1037 1112
5 274
797 1073
12 1226
994 1231
90 973
882 1155
28 582
402 1074
315 525
593 801
147 1508
30 1529
468 787
254 1368
984 1427
582 1495
250 737
1079 1093
658 1314
96 1297
216 641
964 1388
163 1448
732 800
1323 1476
421 906
398 1423
179 295
48 569
339 957
68 481
391 1590
174 1051
1518 1531
1003 1430
722 797
289 697
234 1419
659 1204
26 1585
74 1072
139 265
1356 1409
651 1488
47 247
685 703
190 641
64 512
99 1332
217 994
30 838
751 925
270 1129
141 689
99 1345
51 564
269 1336
245 879
560 1150
1 122
190 1413
496 1098
590 1310
1474 1583
133 1034
684 1128
58 1141
35 1344
614 1171
128 369
159 542
767 1242
553 1428
424 531
813 1262
334 900
276 1554
623 1574
515 1224
164 973
607 880
889 1592
106 1042
546 911
653 714
624 1234
22 122
8 1535
633 678
855 1227
42 1545
679 956
24 80
1122 1284
175 198
145 1580
618 781
605 775
723 733
411 1446
233 1374
398 1053
919 1551
542 1200
1133 1538
185 904
281 358
846 977
761 1090
381 897
816 1326
708 1080
982 1197
498 642
1052 1400
229 316
853 1501
354 1587
833 880
447 1055
588 843
869 1422
296 427
572 1367
1325 1391
206 1599
254 340
825 1437
611 1015
511 996
271 581
1193 1223
566 1401
542 547
699 1016
619 923
388 1365
741 1354
10 1038
628 874
103 523
160 1263
308 654
474 1267
1540 1545
158 1479
608 777
216 1127
675 1594
121 1225
850 1335
239 469
449 964
89 1522
601 1448
349 989
473 533
1 1096
88 428
223 438
973 1195
616 1029
1122 1218
623 1101
1191 1342
1221 1290
15 346
304 1246
466 1506
415 1212
77 1246
568 631
1149 1275
366 696
661 784
243 1539
507 654
585 605
501 928
1238 1531
937 1091
896 1012
91 1555
1168 1327
653 1058
898 1164
346 1379
992 1478
150 1035
120 1241
69 548
1421 1492
24 516
671 698
719 1582
874 1424
318 1517
274 1446
344 479
569 1518
1084 1410
157 206
93 876
635 1480
263 747
265 991
957 1106
545 733
230 845
305 927
727 1343
1085 1396
179 673
88 1276
766 1126
898 1018
109 699
1132 1152
625 906
1280 1346
283 713
1101 1329
862 914
344 593
417 1249
1018 1068
693 1173
309 550
264 367
242 963
185 1301
335 585
420 448
541 885
724 733
481 847
510 937
936 1150
969 1342
394 753
982 1016
115 172
409 1233
197 326
116 383
851 1103
1487 1535
723 1424
387 1191
797 1284
131 792
182 376
585 890
82 671
580 795
530 962
144 1596
223 1228
355 1442
684 1066
11 474
124 875
291 933
345 912
594 699
142 286
77 301
879 1243
213 1285
121 694
272 1011
1366 1477
129 1216
1170 1239
549 1353
1144 1426
362 1381
358 1376
4 1506
140 983
299 583
1215 1296
950 1101
1501 1570
275 889
1462 1524
313 1553
134 1330
421 983
105 822
136 832
1391 1455
1044 1383
355 1582
388 875
486 718
53 1559
83 1179
995 1388
47 590
322 754
418 741
237 1542
587 774
853 1327
602 769
716 731
184 591
1186 1432
257 475
334 1573
310 1017
363 530
112 276
554 1163
473 1569
300 968
311 1455
104 764
667 1552
166 828
701 1240
32 1295
759 1524
780 1208
594 1452
690 896
525 940
1364 1588
234 1147
413 550
586 823
244 1162
555 1067
901 1202
526 1496
351 1106
81 772
2 204
370 1189
557 1026
1140 1399
249 785
1087 1288
1223 1577
23 1329
779 816
625 1539
933 1146
327 685
166 238
91 861
796 938
568 625
263 483
48 197
59 489
809 1343
477 1376
959 994
458 1049
574 1506
100 323
316 719
405 1179
59 919
19 200
1056 1459
123 1568
1296 1368
257 426
1224 1566
1000 1287
1067 1324
415 661
993 1447
79 502
1077 1224
300 1317
532 898
23 337
231 738
810 1600
1109 1523
467 1274
1149 1161
937 1525
940 1241
283 1554
464 643
826 1407
453 1356
390 942
154 1278
460 1378
26 103
356 1099
1170 1284
355 1171
133 1461
640 829
424 522
611 662
227 1430
1418 1581
326 1237
811 923
964 1028
539 1406
1281 1459
741 1564
252 797
210 1229
384 1360
535 1307
15 393
715 1492
135 358
470 1562
319 439
572 1427
403 1466
202 1280
680 1251
414 664
68 1453
342 603
137 635
521 1296
393 1051
462 1175
622 996
427 1311
1108 1473
42 66
920 1205
178 687
840 1542
594 1267
266 1445
850 1415
39 779
509 1142
934 935
189 1527
540 1251
662 1412
176 435
512 1191
311 1446
1260 1266
210 1012
291 1413
249 1204
338 1552
1023 1308
192 908
424 1173
809 962
204 597
861 1156
162 224
426 1274
25 556
748 950
606 706
194 1486
267 877
1018 1351
430 1303
974 1538
845 1558
727 1583
1331 1417
869 1022
135 970
46 117
30 75
495 1578
67 744
87 627
193 1243
833 1301
654 789
116 1023
479 967
255 616
629 1533
972 1400
223 884
690 1494
913 1149
138 1036
636 639
87 261
725 1541
93 971
220 1583
78 485
939 1419
1552 1557
263 1304
480 1156
1373 1448
491 632
139 1497
32 1184
340 711
85 361
415 1429
1060 1380
103 1010
220 605
186 458
197 860
795 835
53 680
617 656
225 509
610 613
806 992
522 971
146 492
233 1449
494 1535
246 866
455 783
31 1233
47 293
451 1363
626 936
61 420
251 803
917 1008
747 1203
630 952
3 743
1290 1320
162 356
635 850
1340 1524
538 1377
130 870
396 1351
706 1555
645 1254
303 1533
536 707
690 1088
548 1127
390 1361
332 641
373 905
807 1285
839 1342
1428 1549
55 803
254 1363
205 773
1184 1347
203 545
44 1293
381 924
1345 1464
451 628
69 1541
374 1318
110 325
333 424
1222 1498
255 1115
733 879
672 1355
251 1485
18 541
21 1482
252 1233
1215 1361
1353 1479
405 1356
14 255
452 1095
936 1108
761 1070
523 1185
1137 1326
1241 1275
1023 1138
792 1263
914 1054
79 464
598 637
190 885
435 1289
922 1456
144 1481
1257 1370
152 1097
1254 1463
685 966
1373 1414
175 849
262 901
1261 1392
1199 1261
378 756
430 1108
46 1141
1302 1430
1400 1435
29 153
514 753
286 336
762 1045
792 1333
658 914
407 1516
328 526
964 1002
331 838
307 867
82 310
304 884
699 1519
165 168
47 1253
100 1115
847 1402
704 1531
173 498
1049 1374
2 1079
204 742
65 1499
317 477
360 506
39 329
226 1192
91 702
1125 1177
570 1434
577 1007
107 696
241 995
1143 1427
891 1304
1319 1565
423 571
363 1527
175 788
386 837
131 1286
66 1214
156 1326
812 1586
88 137
468 475
1252 1388
176 575
460 888
424 971
56 631
561 1298
120 1431
1199 1216
667 1315
1131 1300
644 1431
314 1433
1118 1593
130 1043
1059 1133
352 1091
487 1228
13 1123
1153 1307
473 1232
1 859
532 681
261 502
641 764
172 500
301 456
124 1080
632 1066
748 1521
311 796
729 1231
357 865
348 1030
1384 1493
61 765
697 852
619 1528
996 1477
192 1457
1103 1211
43 931
394 1069
650 1174
1172 1402
540 1519
83 282
665 1434
432 1035
1091 1502
668 1283
268 666
68 1159
512 1117
1323 1477
920 1314
664 1385
705 1504
491 1187
1359 1443
1054 1510
202 1425
789 830
50 856
595 736
148 864
1162 1332
493 1392
596 735
758 918
1540 1543
409 1144
32 390
1185 1571
681 1399
297 1481
1402 1534
12 840
1120 1358
799 1428
66 940
1032 1256
840 1357
326 1020
201 1139
1055 1291
100 997
409 1128
139 622
92 1008
250 1105
181 1412
1316 1568
252 320
958 986
1175 1487
164 399
1126 1474
152 584
1067 1224
336 1569
1243 1375
118 993
511 1085
242 1241
528 836
960 1233
984 1469
975 1263
297 834
746 856
597 1458
72 1006
21 757
431 1074
1102 1104
312 949
221 416
318 706
273 1198
1513 1565
316 591
16 1276
219 391
254 876
662 1437
1273 1597
808 1374
497 871
538 1483
400 1446
1137 1461
324 628
1220 1288
209 240
519 923
1317 1429
794 1129
1192 1549
915 1435
686 1363
1105 1521
634 1180
91 109
659 1595
1181 1500
251 1260
791 934
727 1000
556 959
40 780
943 1272
941 1061
392 858
508 919
215 1569
233 376
620 1186
189 591
1175 1213
218 1006
814 829
183 1277
325 722
60 828
600 657
180 418
312 457
167 1389
787 1525
203 1363
1273 1360
753 929
1045 1319
233 663
580 1482
554 1012
640 771
138 1436
758 1117
677 815
280 433
738 1103
323 1273
404 1368
272 988
1303 1404
907 1503
1205 1423
1100 1458
1127 1458
176 538
298 987
1203 1589
9 742
74 1176
859 909
770 1536
221 961
352 1160
207 1491
170 882
1262 1304
196 749
184 1247
368 448
355 671
883 1265
248 466
176 1069
835 1354
323 1193
104 886
124 469
1414 1527
346 745
252 1287
657 1173
1083 1091
913 1153
28 1468
35 573
705 1371
214 812
779 1278
663 1109
81 1528
33 1469
253 325
316 776
863 1207
157 342
92 1593
734 1356
433 823
259 1596
907 1136
780 915
718 1340
6 1379
43 442
516 932
703 1333
222 1585
879 1102
5 671
985 1576
765 1170
976 1069
1479 1550
728 1413
644 1062
310 871
347 434
1139 1244
919 1586
912 1088
201 980
80 1376
551 1411
274 1244
1291 1565
60 1169
663 1311
503 633
1217 1297
243 643
1272 1444
646 1212
1025 1294
983 1584
1242 1511
457 1364
166 1299
605 819
1092 1277
77 1114
290 750
348 1119
119 862
488 880
513 1482
1540 1597
121 1365
931 1264
194 266
23 942
1151 1496
751 910
75 812
282 419
117 219
884 1173
203 1315
174 1396
616 950
1420 1594
621 1306
903 1147
452 948
408 1243
805 1048
839 850
95 1325
70 130
1108 1160
331 430
557 783
342 1298
1033 1588
510 986
487 669
274 1251
110 1331
75 769
660 942
510 1393
287 1575
698 1195
218 797
780 1309
250 882
430 1022
270 645
126 518
748 929
1265 1470
278 456
49 970
306 1159
23 1141
156 524
1155 1409
921 1165
1512 1557
1058 1394
159 875
205 1534
449 1500
529 554
803 1397
624 1441
1080 1493
926 1534
36 635
1408 1516
52 1322
432 471
592 1001
231 362
967 1167
1174 1483
187 1539
417 1236
1220 1256
3 1521
770 937
34 286
378 1098
1021 1128
1498 1595
775 917
102 546
296 1197
519 562
161 1544
185 1582
947 982
735 1051
376 1503
200 1385
45 437
511 721
1406 1502
459 1148
83 300
388 909
758 1587
326 767
104 1275
170 1583
101 1525
510 1579
942 1166
359 987
87 528
502 1132
347 1046
935 1220
601 638
162 866
329 383
780 1030
462 613
187 1244
778 965
1111 1327
569 748
892 998
400 1516
790 1002
1010 1200
655 1254
806 1173
503 1221
1058 1075
1365 1548
1406 1578
232 1132
393 1371
287 581
227 934
729 966
143 826
784 1071
1262 1407
981 1564
511 902
403 1140
54 338
249 1272
1024 1513
46 632
300 1418
386 1110
805 1181
839 1248
581 649
351 573
112 834
1140 1414
1202 1426
925 941
979 1258
123 1206
821 1512
670 1434
695 720
406 1179
827 1319
449 1404
440 567
184 628
855 1004
536 1325
244 816
758 911
1073 1443
319 958
1091 1385
302 1163
694 1045
765 1475
1188 1211
268 1122
173 396
94 786
8 1440
502 1125
62 423
660 1088
722 928
360 1172
307 742
308 767
991 992
325 338
405 1169
522 870
292 1036
527 648
45 1092
354 1005
380 1589
828 1081
901 1306
198 1247
798 1151
832 842
73 1303
198 826
54 1472
790 1016
638 681
247 481
89 1133
592 988
1294 1398
265 1426
1255 1347
147 614
217 609
236 1451
426 1532
876 896
93 229
113 853
101 1577
290 1159
478 998
909 985
228 579
24 878
685 1230
191 1491
688 1227
453 1508
638 1196
698 1159
180 1102
789 1421
502 934
162 305
464 689
488 1192
1464 1564
423 1077
1391 1473
872 894
859 1291
130 979
32 1390
62 806
664 1560
691 1387
751 1072
108 1272
874 1169
687 1255
242 376
749 1590
453 1201
895 1362
167 245
249 483
105 546
1336 1475
521 893
640 764
733 1378
76 444
1144 1397
845 1544
1239 1293
262 1271
859 916
165 1248
405 1327
416 912
634 1086
459 871
552 1040
714 1192
71 1312
1134 1440
868 1284
732 1311
526 724
1171 1344
455 1217
210 258
1237 1417
304 1124
332 1295
1357 1422
87 119
223 269
934 1209
547 1031
785 1125
1097 1157
69 966
1021 1124
531 957
858 1134
683 1495
1043 1523
451 1508
662 1456
1052 1520
408 615
465 799
259 646
375 1259
735 1139
231 689
736 1156
115 433
97 1403
489 1289
730 1193
229 1516
867 1248
823 1324
225 312
534 1120
1210 1420
293 725
279 589
1154 1549
114 131
665 1186
178 522
1279 1338
584 1142
155 1532
719 1130
340 1196
77 1138
207 892
686 1515
615 697
4 496
459 620
1014 1116
319 602
209 1370
579 1373
556 1380
120 1146
390 1100
127 1168
869 1423
34 851
946 1591
915 979
985 1415
873 895
1166 1250
1039 1115
9 95
18 333
652 930
200 323
205 1522
1042 1592
636 875
248 497
295 1596
1299 1575
866 1194
24 1275
682 1267
367 1001
341 1485
482 1418
351 422
20 956
678 1485
692 896
900 967
369 1054
442 1165
471 894
466 1288
578 1398
208 520
534 1269
726 807
1129 1567
974 1219
305 1529
54 857
987 1564
425 1574
461 613
189 1048
633 890
1177 1237
1325 1542
460 672
524 1387
1159 1265
732 1304
357 1110
56 1192
1196 1494
626 923
781 876
401 1212
843 1033
446 734
1395 1556
129 823
94 791
1167 1202
1375 1379
579 1555
1058 1106
17 1343
1046 1436
1316 1318
271 284
234 1534
1431 1480
859 1087
71 519
63 1506
563 863
757 1027
1153 1546
75 1028
710 1271
89 276
724 1390
135 263
117 1505
701 1270
817 852
979 1586
584 1590
1115 1286
807 1055
778 1434
807 1335
296 1372
868 1208
334 910
817 862
1019 1495
297 1598
365 1178
313 611
172 970
378 1560
521 1360
1038 1324
1240 1492
1061 1380
65 1076
506 1558
1225 1515
638 957
760 1528
715 1124
221 606
319 363
317 1279
482 1044
175 330
335 684
927 1332
525 1362
703 1543
132 898
1052 1074
1229 1550
837 971
454 873
350 1449
1221 1305
400 1228
779 1000
800 1060
902 1032
494 615
324 1507
455 1200
600 1023
177 593
652 653
281 640
476 657
9 92
1104 1445
444 1585
1073 1576
63 1282
352 422
53 188
128 621
179 1582
946 1565
155 1486
707 1245
562 680
288 1147
173 1502
501 713
190 576
501 1085
260 986
410 1071
256 1008
513 847
612 841
59 826
108 1507
719 1302
272 836
421 617
306 1360
764 1289
243 303
603 676
492 784
658 1029
474 1502
436 438
130 1019
180 557
485 1425
196 507
37 283
706 1574
1191 1383
791 956
264 1380
472 1411
225 1514
1056 1268
136 1190
20 1287
389 1063
271 631
253 696
477 1286
281 1183
704 1115
112 840
353 913
917 953
111 454
999 1580
36 1290
121 463
279 1013
1065 1137
5 480
484 1235
317 450
776 1335
1306 1483
449 736
1165 1479
345 787
956 1048
341 1177
83 386
282 1123
48 691
341 1427
1442 1556
276 1014
670 1165
174 1025
1394 1523
299 1548
1418 1500
237 1426
728 734
193 239
129 678
59 365
49 840
195 587
31 1571
418 575
128 599
397 576
117 362
549 1143
167 479
1216 1438
821 1064
106 1069
285 1573
159 578
280 560
673 705
263 1154
337 908
1180 1272
170 816
264 441
5 1208
712 1335
486 766
63 1011
523 1554
944 1195
193 984
283 689
336 1123
1044 1475
773 988
478 1408
517 1470
668 1198
186 490
1112 1143
873 1207
268 1181
1065 1484
139 1419
7 429
808 1186
1357 1385
41 107
771 848
632 952
19 1455
103 552
1414 1505
504 1342
561 975
1260 1571
610 622
531 969
51 613
227 411
28 297
623 1424
630 991
222 1312
654 1101
910 1065
165 950
711 1120
539 1230
41 1497
452 883
916 1553
228 1158
359 1411
391 1175
108 1514
921 1016
494 1504
15 773
371 1222
1239 1586
375 1555
61 513
123 310
353 598
882 1001
412 1252
225 1494
148 854
827 1222
112 1262
294 1305
490 1193
674 1438
590 1264
443 455
559 1090
1339 1372
278 1359
320 1453
544 1251
1203 1357
1004 1007
636 1047
89 1586
785 1593
963 1367
538 651
188 559
84 977
182 463
79 529
297 530
350 413
1372 1470
1032 1313
1095 1510
1028 1194
463 1174
235 1029
334 1455
444 1086
142 468
1348 1448
1348 1417
145 639
492 1410
1014 1031
505 1059
861 1518
293 831
627 714
482 895
776 1450
172 1162
237 1466
505 688
364 847
1094 1521
741 881
1064 1562
740 747
192 809
1132 1374
856 1452
561 589
647 1278
63 195
471 1232
484 498
328 1406
546 1557
149 810
226 482
476 1388
120 889
1106 1189
722 1213
527 633
1383 1430
267 690
1002 1005
185 1024
1084 1121
62 1480
1021 1318
918 1109
157 301
786 1144
229 446
1105 1404
275 1255
134 1322
602 614
153 1301
300 1214
993 1474
1201 1348
1048 1444
99 236
348 656
106 995
1064 1453
174 470
372 1018
93 351
85 971
1085 1532
230 692
1050 1257
1094 1460
547 1035
37 96
813 961
431 679
137 1177
395 1358
406 1284
43 1471
852 1077
1125 1480
105 704
669 789
151 703
168 368
320 1378
836 1051
577 1252
1480 1579
646 1096
558 997
379 412
308 370
548 587
673 1026
1077 1250
11 67
846 1300
157 958
447 553
138 610
291 437
294 989
131 985
1131 1451
80 1560
84 784
1182 1466
85 99
1279 1316
720 1538
637 756
584 1457
1450 1468
75 445
848 1329
518 577
714 1517
1176 1236
158 1506
681 1097
1400 1412
1013 1203
15 348
583 1218
783 863
236 273
532 792
224 467
14 429
1043 1080
1036 1578
621 1347
1048 1592
597 966
311 835
161 583
1063 1387
683 1145
49 643
827 1453
513 1417
1061 1320
110 275
396 1386
150 1266
1006 1323
41 955
857 1352
460 1188
8 220
897 1037
709 1590
328 627
946 1056
429 710
926 1300
392 1392
189 1469
7 385
465 832
361 484
523 1140
416 1572
553 960
468 695
530 715
1292 1375
4 483
94 481
397 1104
632 968
206 1389
17 309
441 899
2 1210
1074 1246
518 1217
228 506
14 1057
848 1563
454 1552
97 886
606 1593
570 1446
110 452
64 1479
226 712
535 875
207 564
287 361
954 1038
150 1003
34 41
774 867
16 488
576 993
909 1099
676 1524
277 472
292 1302
968 1567
739 890
885 925
717 1175
1083 1230
344 518
853 1488
238 688
151 347
461 1452
384 1214
67 965
836 1201
612 775
773 1473
1227 1352
651 1301
1444 1589
603 1362
1244 1344
232 1416
772 1062
855 1370
279 978
62 1358
1337 1433
717 1178
253 1544
618 1423
57 1509
250 1321
387 794
235 1561
131 715
1168 1386
62 280
883 1240
39 281
884 1004
129 942
161 791
1 289
1064 1444
230 953
577 589
46 102
768 1079
730 1313
155 1569
1178 1282
377 601
545 740
829 1190
181 804
500 712
111 1008
889 1545
146 1226
1457 1600
370 1313
529 1178
672 788
304 1094
330 557
321 1162
90 1002
1003 1565
980 1291
239 1334
1390 1563
138 1579
881 1088
741 757
1321 1346
1198 1338
1269 1541
716 1011
145 406
73 1526
571 1393
112 915
493 986
697 729
264 609
586 886
413 624
25 237
1075 1244
677 1157
1398 1546
378 565
335 1072
2 1135
164 1432
1409 1439
548 1387
343 520
562 1250
1164 1340
655 743
247 1134
89 660
21 680
599 1090
1259 1300
943 992
730 1184
563 1431
165 340
118 1421
527 1321
437 1096
91 431
65 732
926 1440
232 1339
45 1371
1396 1591
327 549
57 690
242 524
1041 1319
121 1353
669 1321
50 708
582 721
41 387
23 480
617 1414
878 1028
307 588
525 756
257 772
45 881
72 1160
133 730
364 1240
143 1317
832 977
568 1234
558 790
1360 1541
336 403
922 1471
331 747
289 534
98 1267
692 926
1419 1537
933 1574
701 1533
749 1454
195 1408
416 1158
262 952
208 930
654 1056
810 1337
24 1187
485 530
232 1315
664 1367
177 1189
1363 1377
283 1039
455 609
1310 1520
402 442
1182 1187
215 282
9 277
755 1050
494 1322
642 1129
961 978
606 990
426 1385
57 202
155 1152
842 1427
449 469
306 361
128 731
160 900
113 213
143 158
696 822
1121 1561
1046 1176
539 969
908 1236
1338 1342
814 972
1214 1428
339 357
806 974
1445 1487
668 1513
692 960
141 707
114 1386
1137 1401
382 727
78 401
943 1571
92 396
895 1408
783 838
13 183
662 828
649 1009
508 595
596 1172
288 1464
648 955
28 311
969 1293
794 1000
313 1497
756 1278
54 309
691 1576
365 1170
213 770
356 970
290 459
192 848
71 563
710 877
321 499
604 812
191 1263
621 924
1369 1415
686 1566
96 343
854 1543
486 1524
769 1558
240 1007
84 1553
115 1382
16 977
94 168
856 1248
375 663
180 394
364 418
889 911
687 1138
1216 1355
395 1132
330 962
1082 1094
1242 1445
290 1116
551 1341
470 844
616 1118
206 382
723 955
360 1234
73 1600
602 860
159 774
55 1297
1121 1439
542 721
148 1148
491 935
467 867
1206 1509
457 829
566 818
862 1594
58 1065
863 1310
380 1249
564 1065
799 932
851 1349
534 960
58 160
763 980
219 1277
885 1384
940 1543
1462 1514
291 494
990 1164
285 1099
274 1352
849 925
219 1238
593 877
921 1484
1433 1462
748 1082
74 1205
119 961
941 987
122 1282
817 1493
404 563
285 755
484 634
309 620
395 948
492 670
187 1264
1133 1581
997 1089
349 1394
81 1314
216 743
717 843
66 620
533 571
496 1107
761 1071
637 949
318 1113
463 1306
240 1498
173 838
216 1157
44 707
485 1529
296 1418
369 973
1167 1169
57 963
29 544
547 1161
186 266
1026 1071
84 1266
1107 1346
1234 1466
242 671
167 241
18 1045
622 1067
210 933
386 843
257 1577
694 1306
763 1089
14 400
108 688
320 1062
40 1209
1229 1423
371 1254
273 1099
574 1396
941 1287
256 627
878 1070
597 1437
604 801
127 742
1503 1581
1530 1592
641 922
389 648
38 52
111 1129
387 1205
892 1377
1501 1580
254 539
572 897
37 1559
760 1118
265 1537
659 709
567 1165
566 1396
212 382
150 516
1308 1561
1402 1508
118 1040
305 924
247 1433
1104 1195
212 1017
1034 1040
993 1490
1390 1478
838 1273
1416 1500
672 785
479 766
396 906
3 1485
207 896
926 1260
905 1086
81 397
543 1268
504 1157
975 1572
821 1508
1082 1219
965 1505
953 1573
782 1443
793 1351
1307 1471
643 947
295 619
837 1092
1043 1258
577 1155
727 1163
776 1520
872 1084
287 1038
755 945
428 1315
1073 1528
603 836
808 959
403 1084
866 1059
1042 1310
282 1288
94 1493
436 1039
904 1450
34 1468
574 1323
1062 1166
261 347
1278 1361
504 929
217 1203
1001 1456
20 765
30 665
86 1114
97 1515
503 1089
480 1145
36 658
447 646
233 441
299 787
1349 1370
1218 1463
7 1404
1171 1339
556 871
51 1034
248 285
71 1062
87 1526
475 1127
693 1464
122 475
21 599
1194 1515
597 766
763 1585
209 1333
79 960
700 1264
348 1076
298 1497
648 1495
320 591
1131 1482
470 893
731 921
69 422
152 551
642 890
183 1525
55 462
289 1206
82 872
125 472
260 963
292 659
201 1545
440 572
115 1533
453 1511
708 811
465 1568
238 469
432 1047
288 644
899 973
337 1075
329 1421
555 1249
178 723
1288 1322
70 1420
175 1190
433 1209
78 438
1040 1407
159 1002
433 1422
1144 1243
1004 1341
368 1237
1253 1496
163 582
273 916
781 1527
384 1472
764 1195
149 982
366 735
333 1183
293 1468
412 1093
786 1341
793 915
695 1060
1232 1412
170 454
369 552
354 1336
135 984
279 649
368 796
227 705
876 1047
368 1509
1205 1594
209 298
213 986
945 1406
277 383
697 1587
72 1256
737 1026
399 1344
675 724
894 902
191 1093
29 1317
339 679
439 1055
1238 1472
7 1190
58 435
544 786
893 1298
392 1567
514 972
930 1266
290 370
561 698
18 1517
323 1476
434 562
34 1377
921 1447
833 1595
35 887
805 1367
608 1467
1047 1228
132 1136
874 1256
409 600
684 1548
1268 1563
588 1440
944 1383
214 1596
366 728
676 737
346 1154
6 1207
217 253
721 1349
114 1010
759 788
1296 1407
445 1566
865 1186
804 1208
725 912
151 247
164 1106
710 1501
125 1409
800 1181
517 720
399 1015
448 1438
744 763
701 1072
1211 1432
42 1078
389 1150
97 593
236 440
1184 1527
794 1362
147 1358
855 880
403 844
493 495
61 922
628 903
411 1032
434 436
26 1154
178 1405
217 805
1494 1522
43 184
404 1545
511 730
162 373
375 1420
999 1557
270 1465
696 1416
718 1375
1027 1292
483 1454
298 938
485 507
133 681
514 1393
315 857
1049 1120
486 997
1113 1438
746 1021
515 1505
113 981
1255 1520
693 715
610 1347
60 1146
1031 1127
1429 1575
427 1076
746 1460
440 852
587 1481
45 920
266 819
31 1458
517 754
1081 1448
629 1317
278 1215
369 598
184 798
936 1592
592 652
739 927
432 948
199 1210
1085 1111
831 1354
215 786
329 1442
30 558
120 762
1345 1500
598 693
296 1161
402 1025
10 489
739 1143
740 1078
1037 1581
996 1194
188 1482
19 527
496 509
123 842
841 1082
805 1566
983 1576
601 1533
201 1067
478 1538
726 1126
401 868
1154 1478
718 1526
16 428
364 381
223 801
574 855
1029 1170
1126 1371
98 920
188 406
437 931
543 1311
52 1409
259 490
360 615
1180 1599
680 1033
407 790
350 1100
199 974
976 1026
1095 1222
114 119
86 1475
862 1511
1245 1569
905 1369
365 1270
438 1467
1161 1403
367 1310
413 1230
1007 1250
199 1110
53 1267
22 892
456 1101
421 1245
228 788
294 595
151 269
372 700
345 1364
309 1399
478 1558
1018 1299
135 1316
488 513
450 1359
533 821
998 1568
702 830
316 1477
674 902
802 1478
445 1152
907 947
251 508
219 739
1163 1258
363 1010
474 1567
774 1436
38 760
214 1223
1158 1281
338 1397
224 685
244 950
1180 1269
549 947
411 804
543 1583
408 825
1395 1522
107 930
314 1147
560 750
414 1307
14 1183
1401 1570
199 1488
44 1216
115 285
673 839
731 1422
118 1258
572 803
1308 1320
858 1143
567 778
1415 1510
660 968
1299 1435
70 260
1066 1262
974 1571
85 229
116 972
1307 1518
214 1537
294 740
350 1599
349 802
1459 1504
505 935
564 910
809 1489
169 961
834 1438
90 1351
307 367
13 210
100 1522
61 63
762 1587
798 1471
618 624
248 1504
1015 1109
341 385
630 1290
222 529
1467 1503
789 1364
51 294
564 614
661 1439
422 1084
959 1331
536 1552
1235 1513
141 1430
1252 1412
315 573
1000 1499
1249 1563
149 567
46 358
381 499
744 1441
324 467
608 909
955 1512
1210 1494
1388 1491
25 1176
1080 1451
576 1095
185 1465
401 673
48 218
1261 1562
806 874
1305 1323
963 1049
858 1560
98 264
505 1556
553 1240
253 1213
565 887
647 1510
451 612
426 1308
600 1531
1139 1590
15 720
545 1383
257 801
477 1009
171 1276
578 1145
13 1389
782 1066
670 700
799 857
928 1008
1376 1397
384 601
322 447
150 1281
337 515
989 1128
385 994
48 815
540 1125
101 839
1180 1534
407 561
276 886
837 1076
10 817
810 1282
925 1131
609 917
1074 1188
421 1544
835 1597
10 1455
298 667
249 428
27 937
27 660
149 857
67 864
854 1493
96 892
701 1036
969 1078
126 613
417 1239
38 668
353 829
749 1496
56 1124
676 1447
1044 1189
5 734
40 776
1007 1257
450 1361
713 1587
393 555
541 1398
607 1572
532 911
286 778
939 1198
1119 1312
8 137
52 1160
313 1309
841 1584
42 487
6 404
11 1432
1247 1439
374 1078
1057 1588
841 1194
361 588
384 1566
769 822
487 608
758 814
132 295
173 998
197 648
883 1114
487 1236
226 1481
347 438
708 1515
76 1347
169 1314
375 1041
333 1227
208 1546
1204 1536
191 636
288 811
97 1077
503 792
565 1294
800 849
36 1461
85 170
154 1105
777 1444
125 551
147 1549
216 1520
1257 1328
1025 1283
279 425
65 520
186 461
307 904
1051 1384
101 999
194 999
607 1071
33 1087
951 1005
435 1242
95 332
532 1295
420 1580
33 595
976 1382
498 1334
26 674
86 389
517 1259
3 101
134 815
83 1027
849 1330
811 891
39 1031
682 1405
346 1291
136 1160
945 1359
353 562
64 1017
123 395
331 1484
579 908
471 683
712 1530
125 1382
93 330
382 1013
222 408
246 1053
526 888
243 755
373 1518
17 953
1425 1461
203 521
177 1263
419 1209
367 1572
240 1557
504 1554
528 1145
607 1049
49 1487
691 1350
1248 1488
450 1020
519 1591
429 1497
302 490
578 1281
322 674
411 1359
68 1578
1230 1451
1198 1393
213 1258
104 752
133 1229
318 1349
302 1039
76 1600
278 1548
196 1296
781 1121
86 1103
473 887
878 1238
132 783
215 1063
147 1392
586 900
434 704
78 1435
74 708
187 1485
277 702
787 1183
460 587
151 1149
246 1442
466 1057
44 757
329 1314
1309 1550
303 975
1221 1249
820 906
1100 1436
88 142
52 630
907 1529
351 1117
1061 1356
802 1570
113 983
241 895
544 978
228 773
116 844
476 505
1432 1481
111 336
845 1499
431 1275
328 1082
489 752
190 1449
60 981
266 1042
951 1320
66 327
1098 1484
951 1598
677 914
169 339
284 1147
59 728
1226 1341
76 313
407 1442
867 1011
770 1467
1073 1316
514 910
931 1031
1188 1510
109 623
142 686
33 476
374 650
901 1060
620 967
533 1200
303 968
825 1309
931 1326
977 1286
67 350
108 344
819 868
255 815
1121 1212
374 863
152 1337
657 1531
659 856
349 425
256 1403
512 1211
288 526
1219 1473
1368 1422
1169 1302
362 525
145 759
880 1596
69 1535
272 1402
154 754
275 689
775 1156
1292 1454
729 1381
481 1495
125 864
736 1468
1142 1215
760 1235
736 905
872 1111
913 1255
200 1206
11 1283
469 1313
643 865
269 1092
936 1519
198 646
778 1410
527 833
619 1453
284 864
153 818
215 1070
196 795
427 1181
171 1341
1329 1410
138 1197
639 718
118 183
272 467
877 1330
761 1182
1070 1155
8 1379
258 363
1366 1465
769 930
504 846
1055 1373
267 1151
335 343
653 1456
49 146
42 695
60 82
22 1374
211 1046
576 1280
225 1399
854 1344
234 1279
677 1462
881 1010
596 1517
22 1088
835 929
1081 1298
43 332
870 1354
134 1365
166 959
751 1040
726 870
56 845
1045 1128
1327 1378
1176 1231
813 1269
1130 1324
9 457
379 569
425 674
251 1052
763 1362
1352 1561
126 692
524 888
956 1027
607 991
103 1116
716 1027
918 1111
129 995
1541 1593
1228 1429
1179 1474
533 633
302 1083
721 938
456 828
1053 1419
70 127
6 200
1024 1259
803 1315
678 1573
710 1183
631 949
796 1103
343 1532
417 1213
1052 1345
1348 1509
864 994
158 1020
785 1405
124 1490
7 726
1338 1521
51 491
314 354
1 1562
20 1211
932 1113
443 1149
656 894
446 707
312 387
419 1555
1050 1313
205 1133
687 1130
140 446
458 602
84 156
1369 1591
1441 1576
1068 1197
497 1530
677 1457
245 818
117 768
1259 1283
704 830
550 1146
725 1472
558 907
463 1365
193 1102
1136 1354
143 337
74 1475
372 1443
114 793
560 1187
214 302
1343 1465
716 1511
146 1059
781 1079
762 1118
379 1164
972 1483
359 570
1139 1381
398 1148
262 357
204 825
541 815
250 782
408 457
943 1554
106 743
822 1375
38 1138
1060 1405
224 537
269 1460
301 567
362 1551
750 1220
431 1207
136 988
817 886
2 1309
566 1064
21 536
870 919
345 1380
209 1539
27 373
144 1098
788 1011
176 1577
752 1328
905 1295
324 1570
1217 1428
19 1015
267 1196
580 1299
332 1107
702 1463
1086 1355
1030 1274
938 1292
802 1335
499 816
415 714
36 675
998 1104
1047 1523
1318 1355
897 1599
439 1207
537 705
238 649
468 1247
105 366
813 1280
377 903
1110 1130
405 493
44 330
873 1470
79 985
359 723
500 1004
137 1496
775 1509
237 1449
358 1382
443 737
711 1158
20 888
116 1277
292 751
193 218
724 1245
515 1502
629 877
1146 1235
395 1056
127 897
507 869
499 981
419 1119
1247 1424
1294 1530
430 827
771 1379
379 1546
416 1483
1305 1551
1079 1434
380 756
398 482
1394 1599
618 1377
315 1089
47 1252
712 890
278 962
221 1372
599 1476
124 976
466 924
606 820
107 630
471 1330
295 625
166 1019
163 650
167 1285
1201 1514
543 811
171 259
682 1135
1009 1584
102 1297
289 528
666 1150
187 1092
605 1013
407 918
509 975
55 866
37 163
459 1498
1136 1486
608 719
638 1057
928 1274
508 1187
334 1526
801 1097
488 1102
196 1466
537 699
1044 1404
543 1105
286 794
95 436
970 1526
152 1540
394 575
1340 1547
154 555
231 1407
100 1490
1337 1351
349 1163
516 824
268 1389
109 1268
824 1174
848 1150
759 1395
652 944
745 1210
676 882
414 861
594 683
687 1346
220 772
26 1437
376 804
391 1276
338 1400
640 1099
92 545
73 1469
885 1550
503 574
11 869
239 888
392 1003
4 1537
508 709
177 1551
831 1376
423 1334
239 1201
1219 1285
12 1389
693 1411
