1 2
1 9
1 16
1 23
1 30
1 37
1 44
1 51
1 58
1 65
1 72
1 79
1 86
1 93
4 2
4 9
4 16
4 23
4 30
4 37
4 44
4 51
4 58
4 65
4 72
4 79
4 86
4 93
7 2
7 9
7 16
7 23
7 30
7 37
7 44
7 51
7 58
7 65
7 72
7 79
7 86
7 93
10 2
10 9
10 16
10 23
10 30
10 37
10 44
10 51
10 58
10 65
10 72
10 79
10 86
10 93
13 2
13 9
13 16
13 23
13 30
13 37
13 44
13 51
13 58
13 65
13 72
13 79
13 86
13 93
16 2
16 9
16 16
16 23
16 30
16 37
16 44
16 51
16 58
16 65
16 72
16 79
16 86
16 93
19 2
19 9
19 16
19 23
19 30
19 37
19 44
19 51
19 58
19 65
19 72
19 79
19 86
19 93
22 2
22 9
22 16
22 23
22 30
22 37
22 44
22 51
22 58
22 65
22 72
22 79
22 86
22 93
25 2
25 9
25 16
25 23
25 30
25 37
25 44
25 51
25 58
25 65
25 72
25 79
25 86
25 93
28 2
28 9
28 16
28 23
28 30
28 37
28 44
28 51
28 58
28 65
28 72
28 79
28 86
28 93
31 2
31 9
31 16
31 23
31 30
31 37
31 44
31 51
31 58
31 65
31 72
31 79
31 86
31 93
34 2
34 9
34 16
34 23
34 30
34 37
34 44
34 51
34 58
34 65
34 72
34 79
34 86
34 93
37 2
37 9
37 16
37 23
37 30
37 37
37 44
37 51
37 58
37 65
37 72
37 79
37 86
37 93
40 2
40 9
40 16
40 23
40 30
40 37
40 44
40 51
40 58
40 65
40 72
40 79
40 86
40 93
43 2
43 9
43 16
43 23
43 30
43 37
43 44
43 51
43 58
43 65
43 72
43 79
43 86
43 93
46 2
46 9
46 16
46 23
46 30
46 37
46 44
46 51
46 58
46 65
46 72
46 79
46 86
46 93
49 2
49 9
49 16
49 23
49 30
49 37
49 44
49 51
49 58
49 65
49 72
49 79
49 86
49 93
52 2
52 9
52 16
52 23
52 30
52 37
52 44
52 51
52 58
52 65
52 72
52 79
52 86
52 93
55 2
55 9
55 16
55 23
55 30
55 37
55 44
55 51
55 58
55 65
55 72
55 79
55 86
55 93
58 2
58 9
58 16
58 23
58 30
58 37
58 44
58 51
58 58
58 65
58 72
58 79
58 86
58 93
61 2
61 9
61 16
61 23
61 30
61 37
61 44
61 51
61 58
61 65
61 72
61 79
61 86
61 93
64 2
64 9
64 16
64 23
64 30
64 37
64 44
64 51
64 58
64 65
64 72
64 79
64 86
64 93
67 2
67 9
67 16
67 23
67 30
67 37
67 44
67 51
67 58
67 65
67 72
67 79
67 86
67 93
70 2
70 9
70 16
70 23
70 30
70 37
70 44
70 51
70 58
70 65
70 72
70 79
70 86
70 93
73 2
73 9
73 16
73 23
73 30
73 37
73 44
73 51
73 58
73 65
73 72
73 79
73 86
73 93
76 2
76 9
76 16
76 23
76 30
76 37
76 44
76 51
76 58
76 65
76 72
76 79
76 86
76 93
79 2
79 9
79 16
79 23
79 30
79 37
79 44
79 51
79 58
79 65
79 72
79 79
79 86
79 93
82 2
82 9
82 16
82 23
82 30
82 37
82 44
82 51
82 58
82 65
82 72
82 79
82 86
82 93
85 2
85 9
85 16
85 23
85 30
85 37
85 44
85 51
85 58
85 65
85 72
85 79
85 86
85 93
88 2
88 9
88 16
88 23
88 30
88 37
88 44
88 51
88 58
88 65
88 72
88 79
88 86
88 93
91 2
91 9
91 16
91 23
91 30
91 37
91 44
91 51
91 58
91 65
91 72
91 79
91 86
91 93
94 2
94 9
94 16
94 23
94 30
94 37
94 44
94 51
94 58
94 65
94 72
94 79
94 86
94 93
97 2
97 9
97 16
97 23
97 30
97 37
97 44
97 51
97 58
97 65
97 72
97 79
97 86
97 93
100 2
100 9
100 16
100 23
100 30
100 37
100 44
100 51
100 58
100 65
100 72
100 79
100 86
100 93
103 2
103 9
103 16
103 23
103 30
103 37
103 44
103 51
103 58
103 65
103 72
103 79
103 86
103 93
106 2
106 9
106 16
106 23
106 30
106 37
106 44
106 51
106 58
106 65
106 72
106 79
106 86
106 93
109 2
109 9
109 16
109 23
109 30
109 37
109 44
109 51
109 58
109 65
109 72
109 79
109 86
109 93
112 2
112 9
112 16
112 23
112 30
112 37
112 44
112 51
112 58
112 65
112 72
112 79
112 86
112 93
115 2
115 9
115 16
115 23
115 30
115 37
115 44
115 51
115 58
115 65
115 72
115 79
115 86
115 93
118 2
118 9
118 16
118 23
118 30
118 37
118 44
118 51
118 58
118 65
118 72
118 79
118 86
118 93
121 2
121 9
121 16
121 23
121 30
121 37
121 44
121 51
121 58
121 65
121 72
121 79
121 86
121 93
124 2
124 9
124 16
124 23
124 30
124 37
124 44
124 51
124 58
124 65
124 72
124 79
124 86
124 93
127 2
127 9
127 16
127 23
127 30
127 37
127 44
127 51
127 58
127 65
127 72
127 79
127 86
127 93
130 2
130 9
130 16
130 23
130 30
130 37
130 44
130 51
130 58
130 65
130 72
130 79
130 86
130 93
133 2
133 9
133 16
133 23
133 30
133 37
133 44
133 51
133 58
133 65
133 72
133 79
133 86
133 93
136 2
136 9
136 16
136 23
136 30
136 37
136 44
136 51
136 58
136 65
136 72
136 79
136 86
136 93
139 2
139 9
139 16
139 23
139 30
139 37
139 44
139 51
139 58
139 65
139 72
139 79
139 86
139 93
142 2
142 9
142 16
142 23
142 30
142 37
142 44
142 51
142 58
142 65
142 72
142 79
142 86
142 93
145 2
145 9
145 16
145 23
145 30
145 37
145 44
145 51
145 58
145 65
145 72
145 79
145 86
145 93
148 2
148 9
148 16
148 23
148 30
148 37
148 44
148 51
148 58
148 65
148 72
148 79
148 86
148 93
151 2
151 9
151 16
151 23
151 30
151 37
151 44
151 51
151 58
151 65
151 72
151 79
151 86
151 93
154 2
154 9
154 16
154 23
154 30
154 37
154 44
154 51
154 58
154 65
154 72
154 79
154 86
154 93
157 2
157 9
157 16
157 23
157 30
157 37
157 44
157 51
157 58
157 65
157 72
157 79
157 86
157 93
160 2
160 9
160 16
160 23
160 30
160 37
160 44
160 51
160 58
160 65
160 72
160 79
160 86
160 93
163 2
163 9
163 16
163 23
163 30
163 37
163 44
163 51
163 58
163 65
163 72
163 79
163 86
163 93
166 2
166 9
166 16
166 23
166 30
166 37
166 44
166 51
166 58
166 65
166 72
166 79
166 86
166 93
169 2
169 9
169 16
169 23
169 30
169 37
169 44
169 51
169 58
169 65
169 72
169 79
169 86
169 93
172 2
172 9
172 16
172 23
172 30
172 37
172 44
172 51
172 58
172 65
172 72
172 79
172 86
172 93
175 2
175 9
175 16
175 23
175 30
175 37
175 44
175 51
175 58
175 65
175 72
175 79
175 86
175 93
178 2
178 9
178 16
178 23
178 30
178 37
178 44
178 51
178 58
178 65
178 72
178 79
178 86
178 93
181 2
181 9
181 16
181 23
181 30
181 37
181 44
181 51
181 58
181 65
181 72
181 79
181 86
181 93
184 2
184 9
184 16
184 23
184 30
184 37
184 44
184 51
184 58
184 65
184 72
184 79
184 86
184 93
187 2
187 9
187 16
187 23
187 30
187 37
187 44
187 51
187 58
187 65
187 72
187 79
187 86
187 93
190 2
190 9
190 16
190 23
190 30
190 37
190 44
190 51
190 58
190 65
190 72
190 79
190 86
190 93
193 2
193 9
193 16
193 23
193 30
193 37
193 44
193 51
193 58
193 65
193 72
193 79
193 86
193 93
196 2
196 9
196 16
196 23
196 30
196 37
196 44
196 51
196 58
196 65
196 72
196 79
196 86
196 93
199 2
199 9
199 16
199 23
199 30
199 37
199 44
199 51
199 58
199 65
199 72
199 79
199 86
199 93
202 2
202 9
202 16
202 23
202 30
202 37
202 44
202 51
202 58
202 65
202 72
202 79
202 86
202 93
205 2
205 9
205 16
205 23
205 30
205 37
205 44
205 51
205 58
205 65
205 72
205 79
205 86
205 93
208 2
208 9
208 16
208 23
208 30
208 37
208 44
208 51
208 58
208 65
208 72
208 79
208 86
208 93
211 2
211 9
211 16
211 23
211 30
211 37
211 44
211 51
211 58
211 65
211 72
211 79
211 86
211 93
214 2
214 9
214 16
214 23
214 30
214 37
214 44
214 51
214 58
214 65
214 72
214 79
214 86
214 93
217 2
217 9
217 16
217 23
217 30
217 37
217 44
217 51
217 58
217 65
217 72
217 79
217 86
217 93
220 2
220 9
220 16
220 23
220 30
220 37
220 44
220 51
220 58
220 65
220 72
220 79
220 86
220 93
223 2
223 9
223 16
223 23
223 30
223 37
223 44
223 51
223 58
223 65
223 72
223 79
223 86
223 93
226 2
226 9
226 16
226 23
226 30
226 37
226 44
226 51
226 58
226 65
226 72
226 79
226 86
226 93
229 2
229 9
229 16
229 23
229 30
229 37
229 44
229 51
229 58
229 65
229 72
229 79
229 86
229 93
232 2
232 9
232 16
232 23
232 30
232 37
232 44
232 51
232 58
232 65
232 72
232 79
232 86
232 93
235 2
235 9
235 16
235 23
235 30
235 37
235 44
235 51
235 58
235 65
235 72
235 79
235 86
235 93
238 2
238 9
238 16
238 23
238 30
238 37
238 44
238 51
238 58
238 65
238 72
238 79
238 86
238 93
241 2
241 9
241 16
241 23
241 30
241 37
241 44
241 51
241 58
241 65
241 72
241 79
241 86
241 93
244 2
244 9
244 16
244 23
244 30
244 37
244 44
244 51
244 58
244 65
244 72
244 79
244 86
244 93
247 2
247 9
247 16
247 23
247 30
247 37
247 44
247 51
247 58
247 65
247 72
247 79
247 86
247 93
250 2
250 9
250 16
250 23
250 30
250 37
250 44
250 51
250 58
250 65
250 72
250 79
250 86
250 93
253 2
253 9
253 16
253 23
253 30
253 37
253 44
253 51
253 58
253 65
253 72
253 79
253 86
253 93
256 2
256 9
256 16
256 23
256 30
256 37
256 44
256 51
256 58
256 65
256 72
256 79
256 86
256 93
259 2
259 9
259 16
259 23
259 30
259 37
259 44
259 51
259 58
259 65
259 72
259 79
259 86
259 93
262 2
262 9
262 16
262 23
262 30
262 37
262 44
262 51
262 58
262 65
262 72
262 79
262 86
262 93
265 2
265 9
265 16
265 23
265 30
265 37
265 44
265 51
265 58
265 65
265 72
265 79
265 86
265 93
268 2
268 9
268 16
268 23
268 30
268 37
268 44
268 51
268 58
268 65
268 72
268 79
268 86
268 93
271 2
271 9
271 16
271 23
271 30
271 37
271 44
271 51
271 58
271 65
271 72
271 79
271 86
271 93
274 2
274 9
274 16
274 23
274 30
274 37
274 44
274 51
274 58
274 65
274 72
274 79
274 86
274 93
277 2
277 9
277 16
277 23
277 30
277 37
277 44
277 51
277 58
277 65
277 72
277 79
277 86
277 93
280 2
280 9
280 16
280 23
280 30
280 37
280 44
280 51
280 58
280 65
280 72
280 79
280 86
280 93
283 2
283 9
283 16
283 23
283 30
283 37
283 44
283 51
283 58
283 65
283 72
283 79
283 86
283 93
286 2
286 9
286 16
286 23
286 30
286 37
286 44
286 51
286 58
286 65
286 72
286 79
286 86
286 93
289 2
289 9
289 16
289 23
289 30
289 37
289 44
289 51
289 58
289 65
289 72
289 79
289 86
289 93
292 2
292 9
292 16
292 23
292 30
292 37
292 44
292 51
292 58
292 65
292 72
292 79
292 86
292 93
295 2
295 9
295 16
295 23
295 30
295 37
295 44
295 51
295 58
295 65
295 72
295 79
295 86
295 93
298 2
298 9
298 16
298 23
298 30
298 37
298 44
298 51
298 58
298 65
298 72
298 79
298 86
298 93
301 2
301 9
301 16
301 23
301 30
301 37
301 44
301 51
301 58
301 65
301 72
301 79
301 86
301 93
304 2
304 9
304 16
304 23
304 30
304 37
304 44
304 51
304 58
304 65
304 72
304 79
304 86
304 93
307 2
307 9
307 16
307 23
307 30
307 37
307 44
307 51
307 58
307 65
307 72
307 79
307 86
307 93
310 2
310 9
310 16
310 23
310 30
310 37
310 44
310 51
310 58
310 65
310 72
310 79
310 86
310 93
313 2
313 9
313 16
313 23
313 30
313 37
313 44
313 51
313 58
313 65
313 72
313 79
313 86
313 93
316 2
316 9
316 16
316 23
316 30
316 37
316 44
316 51
316 58
316 65
316 72
316 79
316 86
316 93
319 2
319 9
319 16
319 23
319 30
319 37
319 44
319 51
319 58
319 65
319 72
319 79
319 86
319 93
322 2
322 9
322 16
322 23
322 30
322 37
322 44
322 51
322 58
322 65
322 72
322 79
322 86
322 93
325 2
325 9
325 16
325 23
325 30
325 37
325 44
325 51
325 58
325 65
325 72
325 79
325 86
325 93
328 2
328 9
328 16
328 23
328 30
328 37
328 44
328 51
328 58
328 65
328 72
328 79
328 86
328 93
331 2
331 9
331 16
331 23
331 30
331 37
331 44
331 51
331 58
331 65
331 72
331 79
331 86
331 93
334 2
334 9
334 16
334 23
334 30
334 37
334 44
334 51
334 58
334 65
334 72
334 79
334 86
334 93
337 2
337 9
337 16
337 23
337 30
337 37
337 44
337 51
337 58
337 65
337 72
337 79
337 86
337 93
340 2
340 9
340 16
340 23
340 30
340 37
340 44
340 51
340 58
340 65
340 72
340 79
340 86
340 93
343 2
343 9
343 16
343 23
12 217 44 0 217 44 1 217 44 2 216 44 2 216 99 2 216 99 3 309 99 3 309 99 2 309 51 2 310 51 2 310 51 1 310 51 0
