1365 589
1160 1304
591 738
661 672
920 932
109 177
839 1096
384 790
209 282
502 684
605 1194
308 1078
240 516
763 1222
684 840
204 441
49 1232
307 1347
641 1134
551 1317
783 809
463 1204
765 886
868 871
180 205
479 928
587 610
293 667
61 680
83 1193
78 342
416 508
565 964
85 903
295 874
496 864
686 1281
446 616
59 1268
131 241
365 389
63 1256
121 294
172 754
486 828
212 588
833 1173
162 578
138 1142
675 852
722 1171
140 913
19 803
36 456
41 153
52 958
527 959
935 1180
28 637
274 778
322 437
714 1050
387 417
724 1271
816 841
251 920
905 1017
1108 1126
259 1171
404 506
115 888
137 1074
455 1311
527 1089
115 1135
746 1285
612 1303
200 959
430 1174
789 945
380 508
94 1197
793 817
600 938
1152 1262
429 1056
145 1297
105 843
201 1216
96 1032
54 1026
57 784
296 401
478 679
489 954
55 1089
197 288
174 1189
680 1168
922 1348
518 590
281 525
353 782
59 323
587 1098
1198 1261
927 1292
960 1060
445 1032
847 1201
586 1017
191 478
397 1239
315 1011
232 1153
804 1095
485 552
182 276
425 937
189 828
1037 1065
670 1262
243 1055
607 932
126 241
1091 1292
49 506
803 834
799 1358
75 1345
422 486
300 1027
306 958
282 335
445 1036
213 888
1035 1076
420 543
400 1141
396 869
131 324
447 700
8 64
971 1096
104 1093
336 1250
859 864
973 1124
7 1160
278 342
196 1194
171 225
1090 1169
589 887
226 408
394 1304
75 257
301 1085
245 1333
588 1187
800 1317
1164 1203
392 476
935 1151
595 646
1092 1214
350 488
512 648
814 1117
461 859
1057 1360
123 1339
1 1112
637 1084
626 755
861 1085
157 712
613 1230
165 1201
896 1042
189 274
999 1302
280 392
740 1298
381 1356
379 770
15 1131
9 163
387 1259
191 301
315 596
792 917
994 1061
469 529
612 1224
152 327
423 1245
858 898
73 1086
658 1111
104 1101
421 1284
737 846
157 271
816 1148
219 1167
353 591
618 684
414 1281
228 1252
976 984
94 1181
151 251
380 739
206 294
503 809
876 902
808 1274
426 1358
235 1022
79 100
285 870
604 986
1045 1223
242 481
23 177
25 1288
296 1126
8 1235
42 730
477 1314
119 675
413 893
186 415
285 1238
71 900
784 903
441 829
898 1190
295 613
23 599
755 881
645 1018
132 344
520 1234
130 1076
129 455
722 731
836 1247
210 1050
345 1018
596 838
17 515
256 1044
995 1365
133 964
43 680
128 202
424 1027
773 1181
84 937
143 1032
334 572
503 1158
685 906
179 707
649 983
441 1192
1029 1133
10 1280
672 990
572 1150
488 998
513 1329
933 1039
473 655
531 1252
93 770
224 826
223 870
1252 1259
548 914
133 1062
73 266
409 1155
87 1104
570 834
39 1073
173 460
756 1217
247 1349
106 1221
65 527
96 115
99 449
514 637
832 1221
903 1272
1071 1237
538 1250
518 765
681 1317
140 157
88 632
59 507
737 1050
862 1221
505 1100
337 442
107 892
352 1016
19 132
159 1195
526 741
373 648
172 1323
772 793
664 711
18 1094
848 1057
1005 1022
237 1141
258 428
140 1208
635 760
890 1068
1006 1090
398 960
349 820
922 1356
605 1173
256 638
871 1283
305 661
349 420
67 1107
729 1217
215 1005
127 1130
428 969
474 1363
302 1275
79 681
1003 1066
894 1159
875 880
674 899
47 478
340 1121
246 687
752 1093
797 817
591 721
433 1178
579 994
448 1176
286 512
377 478
984 1079
197 291
815 969
1025 1080
555 902
75 176
580 1224
743 1358
525 659
14 1096
164 397
692 745
962 1033
371 1086
943 1001
957 1192
422 777
492 1241
28 868
1087 1307
140 542
573 1333
985 1268
813 1183
625 1361
1049 1289
632 1028
502 1327
231 931
35 629
129 407
703 899
95 494
389 474
136 931
438 735
329 828
388 1152
1120 1196
625 997
1093 1102
516 663
670 1148
72 385
570 643
596 781
299 1321
620 1138
524 801
1231 1328
175 644
878 881
340 702
22 649
201 791
85 369
238 938
842 976
301 347
687 1029
173 664
34 515
52 941
117 540
293 1022
818 1234
723 1271
127 1218
220 372
1105 1165
605 1364
279 696
171 605
311 1155
784 957
1106 1166
419 465
91 105
492 1114
654 847
200 915
210 718
553 953
562 1020
134 1006
44 1341
559 1140
19 1028
1013 1221
9 1002
793 818
78 427
276 946
643 730
185 1173
327 619
235 1039
979 1200
7 21
825 980
225 1092
227 555
261 529
506 1120
33 1336
312 342
164 1118
1028 1034
1036 1047
158 549
133 474
345 1040
572 948
16 730
1214 1327
27 312
170 1044
918 1203
218 572
85 686
402 1058
448 1025
422 469
420 926
1116 1313
508 1295
437 597
225 705
583 1078
55 797
675 1179
715 745
11 1019
280 1153
744 879
617 1314
1052 1242
74 648
1078 1151
98 349
283 1316
1015 1360
68 354
626 752
1013 1170
20 286
1253 1268
502 713
85 1346
663 828
1175 1196
55 509
548 936
465 691
427 1064
53 984
869 1189
390 1182
608 977
716 928
243 1001
1146 1326
1005 1058
1105 1145
116 1305
326 370
425 501
619 870
785 893
1143 1266
25 796
282 1355
917 1210
62 1172
748 1011
571 811
765 1180
90 358
663 1034
770 877
888 1152
326 900
218 1047
307 859
305 1362
517 1114
55 513
1124 1145
967 1152
655 904
792 1318
546 768
500 899
940 1082
827 1123
437 1355
791 1223
340 622
1043 1295
409 511
240 553
495 1188
862 1112
37 1124
238 885
705 756
662 785
6 907
480 656
222 370
59 1148
230 1137
360 847
285 435
1075 1359
97 393
413 611
752 989
753 1192
692 947
442 674
195 388
602 1139
140 1355
93 1042
1072 1335
543 833
483 702
685 1182
986 1259
325 610
1186 1195
