1298 3245
187 1242
160 1246
759 1152
982 1078
734 1192
676 711
253 255
1020 1183
154 545
97 678
292 644
953 1288
147 1048
556 1235
369 1278
321 527
52 1140
189 444
206 683
552 791
240 333
1049 1129
1191 1233
373 654
104 1258
196 341
667 1104
160 754
745 1240
346 612
594 826
1005 1077
368 1251
874 927
164 266
78 219
931 1102
245 1254
176 755
315 624
522 566
177 772
670 1207
99 1127
653 1135
105 384
251 271
613 1280
583 923
957 1001
436 787
52 458
445 727
826 1005
58 885
34 835
964 1022
847 864
874 1208
658 797
724 1064
551 984
265 1289
544 734
308 1216
936 1234
737 1009
191 566
696 1213
1077 1264
285 796
773 807
376 995
74 126
777 1190
607 877
325 802
482 742
192 491
28 415
60 704
695 960
317 517
545 880
197 1079
1165 1202
296 852
801 1285
684 1069
194 1120
132 539
18 769
839 1019
806 913
441 1166
284 858
1134 1236
662 1189
651 1155
680 823
673 1254
1060 1094
442 1224
648 667
1133 1259
159 566
938 1246
48 1096
564 1248
795 880
350 959
667 751
211 829
210 880
82 919
215 784
503 653
586 1217
51 838
819 1263
634 1091
819 1130
498 1029
622 836
68 1022
145 1059
398 1183
29 390
730 1283
316 783
154 805
802 961
392 884
368 811
304 409
292 1085
50 64
420 807
544 815
800 1007
145 1092
999 1089
321 812
190 780
702 1188
459 1239
618 812
273 712
129 706
609 856
718 1047
349 514
656 833
140 388
40 767
95 935
98 541
331 819
306 1102
460 1145
347 1189
379 1009
112 543
239 1044
573 1096
13 896
643 1035
227 411
746 1254
508 1218
208 957
83 457
330 869
125 779
485 1271
155 1127
920 977
179 533
347 747
512 631
188 1262
1093 1204
534 970
427 949
109 826
402 897
621 679
539 843
414 1002
757 1268
104 1162
182 536
220 1234
359 647
232 1269
549 1185
137 370
251 1186
214 616
146 283
822 1191
730 1217
34 643
335 637
64 248
466 697
83 1000
374 744
1234 1293
696 786
494 846
26 1193
606 847
920 948
727 759
221 710
533 1267
639 1179
334 1186
428 935
275 520
116 166
875 994
176 850
252 444
875 1205
13 1013
857 1248
142 981
703 974
94 973
851 1237
124 695
537 645
123 394
470 1026
688 1190
739 1294
592 893
235 1199
511 828
626 932
1 549
66 1214
544 1194
1081 1215
470 966
676 888
884 1170
1206 1252
128 383
385 760
5 154
270 1147
524 1099
510 1180
832 1250
512 697
120 425
376 1067
233 633
108 1253
614 780
53 595
1191 1200
22 387
568 983
293 1032
1182 1233
259 744
12 857
614 838
72 939
1020 1128
831 921
147 758
429 898
1106 1211
237 670
552 869
367 1104
668 918
53 235
448 864
665 1164
204 946
194 1245
5 62
734 879
37 573
158 745
1065 1147
720 836
73 333
264 504
100 121
272 1217
497 989
267 854
596 1289
164 714
9 393
899 1026
896 900
471 603
552 772
991 1274
29 1023
696 1166
370 385
175 519
636 1122
312 649
57 1283
455 608
50 1179
266 318
525 1254
119 695
225 405
537 1023
137 1030
282 435
219 307
331 469
329 1101
195 930
364 646
363 504
168 851
419 938
610 1135
685 1193
175 289
129 675
432 1238
69 838
377 1178
400 1066
445 1286
459 510
276 372
123 1272
505 1180
457 1222
585 876
1051 1148
161 705
632 665
224 302
182 490
184 561
830 1034
454 729
286 959
589 1256
928 950
716 957
153 673
447 789
59 317
60 649
272 529
33 1039
397 448
712 1220
497 971
236 584
658 853
377 1126
596 850
556 621
958 1093
14 1053
1095 1239
125 772
195 724
224 1251
735 885
66 557
4 374
370 1101
840 1284
410 1051
396 517
707 1158
922 1161
693 1128
145 885
526 1271
719 1268
1021 1130
100 450
820 1219
762 1000
314 985
736 891
616 1110
914 1298
343 961
810 943
415 1192
163 725
291 938
187 1024
1050 1181
163 1003
439 770
274 1028
76 1027
28 629
99 168
126 502
783 790
326 895
841 1053
3 416
23 838
528 618
1094 1210
637 1047
608 1119
242 1095
240 831
612 890
452 821
80 591
220 450
422 945
459 699
89 241
620 922
520 958
276 732
538 773
698 871
257 546
378 944
807 870
451 1256
493 496
158 180
846 949
460 469
148 558
60 115
59 152
219 480
1 845
357 733
302 995
1095 1286
685 1046
231 317
1073 1161
817 854
846 1122
1081 1159
794 1070
390 883
494 551
280 824
104 778
715 1155
68 1155
623 1154
219 1089
569 843
45 422
15 127
337 731
313 1143
189 911
122 849
246 611
47 1110
149 546
401 926
112 1209
200 412
131 469
1192 1296
779 962
365 1051
237 793
510 854
39 432
138 371
65 396
1122 1145
210 1067
1116 1131
1164 1245
374 537
380 1232
112 418
354 1038
508 740
117 1011
203 707
1153 1293
477 629
105 289
381 790
261 475
1004 1223
903 996
387 924
1021 1103
960 973
148 1081
757 1161
92 212
111 1257
256 581
251 1243
431 949
72 1240
789 852
127 745
492 546
775 899
36 795
247 1156
85 176
744 1149
947 974
179 404
23 735
155 178
466 849
372 763
54 1260
59 1174
515 857
612 1150
528 951
604 1191
861 1024
592 787
883 953
4 481
54 749
875 972
681 722
767 1068
1013 1113
122 1100
377 411
596 1103
804 1097
411 1170
282 476
611 660
108 336
1202 1239
358 1282
993 1135
21 1229
229 722
506 1207
228 838
749 1121
603 837
735 967
628 886
665 668
521 820
794 1138
862 1270
8 932
511 1214
37 434
364 858
467 795
302 989
373 952
353 584
89 1078
706 1227
227 681
180 225
27 761
25 775
670 796
234 495
601 901
583 1067
636 996
167 946
782 919
824 1208
580 766
155 1171
42 718
126 181
397 594
332 681
597 1013
1057 1202
263 1159
565 1266
438 673
46 365
485 639
230 768
623 711
164 351
977 1152
1014 1227
437 837
22 776
648 1099
1111 1215
1158 1265
404 829
439 1183
323 646
860 1119
118 458
426 1052
601 912
836 933
670 913
487 911
686 842
462 767
1112 1156
96 496
473 931
76 556
29 1269
624 1050
788 1090
28 1228
259 943
202 335
430 758
15 1121
138 469
274 482
444 771
714 916
310 1173
314 853
216 324
65 1231
31 1040
105 112
186 811
281 961
1222 1256
444 559
347 587
553 1184
182 915
132 1277
476 904
309 478
285 731
362 1120
346 657
394 1251
378 481
280 984
1096 1270
300 1126
395 737
1 787
925 1059
473 868
356 1132
63 975
81 107
369 433
425 1139
523 995
234 778
55 655
500 943
32 451
519 639
529 737
23 1119
611 941
3 905
1230 1295
138 262
51 574
282 306
625 861
687 735
747 916
472 1062
665 691
286 983
415 452
806 896
179 301
979 1176
749 991
44 852
22 76
762 1271
6 456
58 284
103 293
588 814
16 1121
929 1277
406 1147
243 401
842 1124
512 1016
822 1142
949 1093
664 1060
909 972
690 1012
817 1006
402 1294
163 682
136 440
10 1039
351 1250
830 1047
51 972
62 485
936 1231
318 593
834 992
1157 1284
488 994
687 763
7 537
676 1105
43 1180
726 1279
150 1146
67 1151
996 1203
1122 1167
262 822
252 300
691 1213
739 1181
141 307
865 1043
1157 1166
519 548
509 535
93 388
702 761
802 900
166 400
407 1251
321 325
121 1279
716 733
507 857
279 446
815 816
312 1171
592 861
10 185
246 937
228 344
847 1105
403 1027
486 725
101 552
534 1281
200 560
91 851
184 388
716 1225
432 1023
394 1247
391 945
67 309
102 130
600 1068
17 980
359 721
369 1025
336 544
411 980
687 1200
783 976
83 944
757 1150
827 941
809 892
108 160
555 1031
96 907
720 1113
863 1156
507 649
220 349
705 1204
490 586
263 442
71 929
443 499
275 642
329 600
667 799
769 1298
389 578
391 755
247 458
427 735
115 478
421 543
999 1088
513 1167
245 327
95 381
528 764
126 1210
841 1241
475 1189
136 833
169 489
106 399
206 1063
445 459
942 1258
76 543
385 1260
297 588
764 1120
45 95
605 1172
906 1037
592 1295
210 359
137 1146
18 1238
572 834
749 1016
149 519
156 180
360 950
885 1293
248 298
120 612
300 858
530 1175
574 1219
1058 1260
613 799
657 903
520 716
496 1179
426 509
258 1081
797 864
767 1117
453 939
907 981
753 1042
624 954
596 614
709 1154
156 191
410 941
947 1163
213 902
415 803
586 1141
50 110
169 662
616 966
368 582
311 638
310 1287
188 965
375 636
479 1035
162 1054
4 328
744 1016
405 811
198 774
1238 1281
108 771
1011 1137
617 718
930 1136
957 1058
471 516
507 942
529 1123
753 903
164 710
230 243
932 934
143 975
477 1256
945 977
761 1206
464 1006
159 894
226 380
140 582
565 827
694 1098
255 1084
732 1177
7 268
598 987
431 1086
88 868
505 591
362 1152
682 825
306 760
436 677
851 1203
609 1218
502 635
279 745
879 898
375 1106
412 514
162 577
42 881
260 997
75 1081
537 953
1052 1207
194 315
115 310
38 595
440 1274
684 825
186 1137
128 500
611 882
333 867
870 1060
485 1292
77 1042
1030 1087
84 278
532 930
1 457
30 445
75 617
386 603
384 726
106 585
631 1265
53 393
456 557
1063 1173
243 308
462 532
250 390
248 261
346 715
21 1156
254 1256
624 1277
232 562
718 721
661 1255
91 918
301 686
477 951
324 666
169 901
44 1012
149 931
379 988
136 1105
419 776
393 1229
408 926
94 904
83 103
1212 1265
422 1165
80 1219
458 915
897 1195
516 1217
702 1054
452 930
392 984
268 854
802 1033
40 684
129 575
628 644
183 1216
481 1240
613 809
836 1028
966 1288
604 1137
645 954
111 177
453 1114
1062 1086
323 890
620 1188
299 997
863 1255
1068 1275
443 1100
417 815
146 600
984 1105
749 1288
343 401
177 762
728 1218
57 77
800 1148
726 912
952 1257
371 773
71 656
346 472
174 434
303 694
349 588
303 677
438 1008
284 606
135 162
441 546
1005 1245
148 314
81 1231
488 1219
619 722
6 322
671 724
99 250
137 883
291 744
56 195
330 870
621 1061
428 741
415 448
438 1010
318 678
801 873
628 1201
409 690
669 842
750 881
69 124
111 178
26 348
493 1078
517 760
249 269
380 572
214 1133
1070 1142
609 1154
206 282
194 598
471 1057
324 982
498 913
185 422
267 524
804 945
916 1226
367 933
489 1143
1018 1025
215 653
538 1222
855 1272
51 54
67 1015
601 664
98 644
730 1297
1050 1136
251 900
634 955
61 1040
501 1223
109 161
56 276
428 1137
220 1263
280 1283
240 431
134 1129
685 834
471 1298
288 1258
124 874
459 1178
364 1136
24 158
351 1235
607 889
569 1284
173 526
86 174
290 551
625 1010
671 1228
903 1008
9 111
420 478
216 1059
555 898
64 1058
651 1151
1041 1181
315 1182
976 1117
104 309
1167 1224
324 1150
779 1233
338 676
222 350
633 753
508 550
620 978
258 759
96 290
674 1176
686 788
74 629
143 682
713 1001
191 601
65 964
660 740
216 1086
1031 1108
580 1154
673 886
161 207
1209 1286
564 1243
287 900
484 818
384 1024
967 1127
180 609
309 1184
464 633
13 774
228 261
85 211
382 799
632 647
146 1227
605 1168
406 941
509 1014
259 395
570 757
453 711
794 959
1135 1249
277 910
332 414
1115 1160
913 918
1198 1263
361 568
244 577
256 656
1113 1169
355 1140
864 1069
183 1098
547 603
101 711
482 486
1065 1279
181 383
173 1241
446 717
450 1146
742 1030
319 997
1120 1288
940 1094
108 425
77 559
131 418
1154 1246
435 723
561 1280
264 863
576 986
304 1287
271 805
299 580
797 1237
748 1231
578 1237
391 558
652 914
742 894
139 539
1173 1194
584 1064
627 646
118 273
177 630
361 979
590 1216
619 1199
260 268
804 835
995 1036
311 787
304 798
151 956
719 1293
407 1161
132 622
112 1108
516 928
496 1119
389 1022
961 1109
622 1190
25 335
946 1144
350 840
860 963
170 502
331 917
304 1216
393 1108
12 332
844 1229
171 680
1058 1155
985 1168
276 512
704 1201
226 371
267 771
565 1033
272 916
701 1140
754 1075
492 515
355 1125
463 1034
1287 1294
1139 1259
385 1031
5 381
116 509
3 168
613 717
486 729
202 455
578 866
289 793
82 347
671 1297
119 721
439 828
358 1044
968 1162
1007 1114
222 868
89 1000
279 1137
37 1015
184 1101
38 1265
728 738
957 1179
561 569
77 663
156 576
84 460
366 908
153 899
663 674
269 468
634 1074
668 1294
510 741
84 212
234 725
483 1173
794 1125
561 1165
414 518
328 419
1055 1118
154 1111
752 1259
156 821
437 1018
20 269
803 1266
94 284
691 864
219 518
568 1276
581 701
52 279
647 1172
237 413
986 1065
908 1170
125 150
823 1174
90 1253
1076 1145
874 1078
141 492
323 419
281 772
719 1241
461 1119
578 699
368 378
502 1291
314 403
288 547
615 1038
285 1070
449 1224
1041 1248
451 1271
338 934
511 835
300 647
970 1007
801 953
117 256
935 1098
31 222
145 952
153 688
974 1252
412 570
534 1267
19 612
33 1229
516 589
375 1121
363 503
440 494
398 974
633 847
392 1109
897 1146
290 765
179 316
530 1064
55 373
994 1064
210 453
295 1208
881 1091
209 397
424 980
78 1165
332 1249
331 489
41 1240
759 1002
475 825
1072 1079
770 1180
507 1100
124 206
483 1243
119 970
24 1201
200 209
509 615
1029 1037
119 528
483 951
166 999
733 865
182 650
821 1103
761 1187
610 1057
265 542
271 1207
966 1189
386 1230
743 971
232 945
227 1287
82 90
258 1278
58 1019
289 408
548 567
274 1080
515 1088
6 522
377 882
56 585
579 981
395 829
27 1232
948 1284
800 1144
170 340
197 1169
420 1291
400 595
110 1227
175 554
333 448
275 1072
866 1068
28 254
367 540
513 1097
713 1080
388 829
186 464
68 971
334 710
614 1082
397 621
816 939
712 1115
327 766
467 650
278 474
356 872
279 550
99 1290
871 1222
490 813
114 555
301 938
803 1205
13 876
658 856
937 1084
423 776
454 1190
48 549
488 495
121 1011
281 732
176 964
736 831
144 241
62 774
66 723
48 380
797 805
47 439
38 298
793 1035
729 1112
754 1062
989 1032
142 1227
907 1167
217 305
97 598
956 1117
421 542
271 936
678 843
992 1046
547 993
1118 1221
490 1106
742 789
87 400
487 695
35 133
36 302
247 559
40 899
497 1106
426 506
884 1144
171 608
666 1040
665 1195
325 503
586 1020
321 892
755 923
1018 1241
292 326
204 563
447 480
244 423
844 1044
664 732
673 762
210 421
388 780
84 811
819 873
703 999
585 618
519 1211
949 1295
435 794
574 1139
466 654
436 1193
741 1194
495 814
280 996
268 772
698 960
573 923
262 530
110 328
741 1259
209 746
385 923
462 1097
54 202
306 1012
1007 1196
521 944
249 501
433 526
1252 1269
348 873
733 803
961 1182
330 560
62 435
631 865
158 783
465 1107
362 862
191 922
745 1226
818 992
646 1211
97 1250
97 438
172 1279
157 437
747 831
865 1006
446 578
1000 1085
547 748
357 849
174 474
937 1208
675 688
305 879
93 921
1075 1191
213 532
1117 1184
571 1289
835 925
8 1195
229 476
287 1029
558 569
135 401
982 1077
193 198
921 1105
571 988
443 845
316 865
7 1262
140 270
1072 1106
827 971
353 1039
296 303
738 1282
508 979
661 1088
252 721
424 881
534 979
850 1199
684 693
1082 1260
63 554
11 533
590 896
5 893
43 518
316 817
754 1110
564 643
687 958
1197 1273
105 589
291 789
233 1115
115 1176
934 1282
61 806
136 161
410 1290
906 933
91 947
1132 1176
17 853
35 138
195 1144
545 1143
426 641
1038 1048
359 404
102 481
297 1131
128 303
265 980
562 910
532 1097
275 934
299 609
276 671
371 782
717 1007
518 927
484 638
35 498
342 792
1001 1215
442 1190
150 546
800 1169
823 1090
379 418
213 308
389 581
172 383
796 1172
574 962
832 1123
132 429
502 901
428 1243
432 1069
712 984
747 960
1084 1226
848 850
205 1187
199 906
389 424
86 441
683 1163
937 1015
283 619
80 566
130 981
16 866
236 286
427 1289
651 1264
171 251
147 455
177 369
366 1283
936 1123
257 630
575 804
258 887
31 203
563 1186
19 207
907 1127
1066 1159
461 792
292 1278
550 1276
316 1029
577 901
295 1263
946 1034
775 1110
146 275
527 892
296 692
157 1021
642 1076
756 978
26 897
402 446
348 1201
477 925
968 1025
98 978
424 736
398 727
430 471
1109 1255
204 1043
395 1244
642 1041
133 899
133 534
697 698
909 1210
561 616
113 577
666 1049
170 848
257 1111
37 1129
257 430
513 640
606 1019
84 672
413 640
479 1010
9 36
919 1157
539 954
1055 1264
188 417
942 1280
659 793
308 875
1092 1153
294 303
726 1230
484 1164
430 567
10 915
64 113
501 1044
66 954
215 322
776 813
2 1014
238 816
32 142
369 563
28 1235
386 1185
387 743
156 555
166 1195
217 1116
33 1060
577 998
1012 1038
322 324
830 1288
617 1285
380 927
1128 1249
484 919
895 1060
572 672
342 1118
187 190
731 891
499 1247
230 973
950 1074
218 1130
417 550
64 718
137 1290
5 650
342 663
633 728
152 1198
638 978
78 587
296 553
456 1126
259 635
376 792
813 1052
11 179
294 924
245 588
1169 1292
699 717
1075 1290
168 955
930 1046
845 1150
562 1025
399 447
269 592
47 554
227 520
57 1001
407 581
48 877
234 417
101 812
73 1038
731 1056
119 474
287 685
61 79
610 632
923 1185
78 627
155 494
191 683
294 812
756 1202
318 1253
972 1087
506 1065
352 679
840 1104
49 110
640 1192
218 452
167 312
1030 1253
109 809
39 102
360 786
504 1141
575 636
146 1002
147 334
531 990
305 1235
221 963
297 1128
330 345
450 472
283 498
557 1141
579 983
1080 1246
165 1158
1148 1164
47 313
232 1070
599 806
842 1030
49 1010
152 836
36 260
585 1187
124 538
880 1023
197 708
363 548
211 571
366 679
348 734
497 936
41 657
747 1056
714 1021
641 1264
6 1181
396 468
623 992
1205 1254
955 1291
161 243
782 1009
1057 1142
343 1272
42 1109
659 1148
201 737
44 1220
458 1066
354 798
266 758
154 1102
756 861
51 810
128 414
107 1233
305 407
825 1080
602 679
635 720
399 655
538 1019
463 675
654 1243
614 1128
376 1220
491 714
392 1027
194 701
659 1090
231 1057
160 1103
245 1249
381 914
73 1242
202 990
14 116
841 1162
992 1238
871 1198
185 306
669 1188
250 1196
8 1019
545 1053
206 693
353 710
813 1194
359 547
326 506
848 1228
1142 1171
54 932
1063 1217
63 1048
792 987
255 956
912 1036
299 434
1101 1148
30 835
797 1247
337 788
919 1237
462 1036
7 1140
499 878
619 1284
1073 1111
185 777
508 820
367 701
256 638
270 721
42 627
637 778
463 476
893 1261
387 876
132 872
2 821
235 370
169 859
856 1064
86 472
29 302
787 1043
812 846
101 1282
567 1269
233 504
209 640
617 1118
521 822
315 1197
427 997
463 740
250 337
187 429
632 786
244 1071
290 362
21 626
199 1244
10 453
708 728
228 1204
810 1028
905 1277
37 511
326 1269
237 976
730 1143
409 1046
218 948
39 437
954 1094
785 908
120 942
222 1133
495 1082
774 855
114 962
91 689
1051 1112
133 1207
286 1043
965 1127
378 503
418 607
591 1162
109 372
300 883
338 1092
1131 1236
114 1012
266 1020
349 874
788 837
106 1261
660 1286
72 900
26 1126
299 332
16 807
205 1073
32 765
473 1263
910 1049
572 926
1052 1282
479 1262
165 499
913 1108
349 469
478 1083
1017 1186
599 1021
720 969
139 1197
597 1287
159 1045
273 862
591 740
270 1053
49 764
244 1172
762 902
971 983
784 1033
341 467
229 361
61 470
341 524
32 449
31 341
157 968
208 1202
1 798
602 990
234 319
1015 1158
190 1059
311 977
676 1074
259 480
729 795
790 867
139 337
695 1206
239 689
14 677
575 940
48 863
604 774
189 1268
558 844
80 1239
680 785
763 855
59 935
922 1083
708 1228
451 644
46 428
58 555
889 1168
11 1226
285 751
239 1223
736 1055
569 987
370 1216
75 215
877 1224
19 166
1026 1187
114 384
167 628
403 826
18 675
1198 1279
540 1071
11 1194
927 1061
602 877
122 355
249 1024
611 703
92 1004
689 785
507 843
663 1138
130 163
383 582
872 1150
1225 1266
189 1076
15 780
408 413
466 1281
220 891
73 991
159 1290
93 96
201 1089
871 987
79 104
354 467
288 1182
116 896
442 660
420 610
201 233
117 244
675 1159
55 1132
105 814
360 723
437 524
382 817
882 1054
655 1013
811 861
34 227
708 832
362 1183
190 1022
295 386
325 1053
187 350
311 541
722 1167
652 1257
593 625
777 833
620 1160
413 894
533 965
1017 1099
662 1276
256 998
368 523
1181 1195
232 532
823 842
203 465
98 181
288 1291
1017 1042
278 795
704 1285
479 1226
225 725
623 703
357 646
19 336
113 784
781 1069
515 769
1218 1252
360 818
357 1035
17 1293
628 810
317 736
686 1178
92 870
456 921
250 467
4 994
85 371
43 152
319 891
527 1061
632 854
1067 1075
1162 1280
394 827
648 1149
102 1174
542 824
268 485
898 937
22 33
981 1061
93 768
1280 1295
792 1298
129 969
323 543
141 162
526 536
988 1022
340 1139
70 559
351 1002
434 1218
455 1045
734 738
55 690
581 931
703 1283
391 1048
483 1273
780 1273
338 746
723 1050
27 343
107 875
185 1063
170 946
69 327
363 493
361 753
252 1229
196 637
373 514
162 1177
254 505
181 208
69 1026
504 553
535 1258
70 94
190 1092
739 993
878 1196
654 1107
338 1262
514 880
291 475
395 694
521 1003
656 791
301 320
631 737
343 748
595 1240
442 933
1078 1134
886 1011
879 1225
460 965
444 705
213 943
732 830
601 871
781 972
16 404
760 1003
242 839
151 671
225 1059
123 169
211 924
148 282
907 1008
143 260
687 771
214 867
46 77
494 1117
574 883
157 662
171 188
700 815
513 952
889 1122
63 1079
254 844
70 143
487 1278
196 217
615 993
172 1147
330 1008
658 895
769 773
123 1152
32 223
140 465
310 482
435 778
337 416
172 1188
94 1116
127 674
351 456
118 516
89 809
457 571
853 989
145 429
90 257
273 328
867 1251
1016 1037
618 781
142 1270
50 451
956 1244
531 637
866 1130
273 1074
837 922
334 1174
17 1036
134 375
323 1276
393 849
49 1274
198 236
553 1213
295 1083
68 886
682 759
629 960
473 1168
69 658
125 832
602 644
743 1126
526 1221
955 1258
319 820
634 1045
182 1107
224 998
236 713
149 1027
269 631
549 1272
418 846
464 958
649 1268
728 754
1079 1133
599 1113
319 353
381 801
404 641
446 518
100 967
816 1004
449 1089
768 1152
2 294
140 1142
950 1008
3 1160
31 223
344 421
235 970
327 1242
888 1139
160 1129
76 151
641 808
201 209
1125 1274
872 1153
423 889
879 1136
396 769
12 488
473 941
1132 1228
38 411
53 454
486 852
791 1276
493 1076
706 998
228 350
199 1062
183 333
468 1026
86 296
61 558
704 1223
47 965
765 1004
239 661
180 218
271 837
184 920
382 1036
517 975
35 1159
41 525
8 699
928 947
217 751
541 1125
402 1134
461 616
336 1112
126 681
903 1143
358 1156
55 605
893 1090
666 677
278 419
595 782
311 505
472 544
153 1131
672 1188
1056 1189
423 500
682 1028
683 1068
810 982
733 1270
34 977
357 1163
16 1248
25 1065
602 1166
88 925
439 963
743 1169
56 758
520 645
221 1003
1095 1100
226 623
678 1197
344 928
309 607
46 130
823 1234
477 1032
329 1115
713 758
175 1193
679 1124
131 389
205 845
491 556
748 1172
803 970
1076 1266
830 1246
422 763
297 559
165 1270
531 626
1231 1298
1091 1260
277 403
966 1222
387 693
59 531
650 1055
433 790
436 1134
2 641
131 470
133 401
582 948
313 398
440 750
621 1158
339 1209
307 869
9 249
30 431
20 143
694 893
183 416
367 1203
46 65
1111 1160
265 1205
525 1196
320 1164
117 711
109 560
562 619
4 110
1171 1210
781 1176
956 1058
223 339
493 523
751 766
796 1140
597 1004
579 845
566 1289
648 997
92 600
86 630
397 1041
597 1224
253 599
366 739
174 258
24 192
807 888
441 985
480 1153
98 840
746 1062
262 1003
707 1213
738 859
43 1144
272 790
372 808
655 866
542 1116
78 329
96 587
376 1017
626 765
890 1067
277 1285
88 1163
1037 1085
909 975
491 935
293 1134
498 591
335 825
230 476
696 1247
885 917
274 606
775 1175
567 1232
833 1236
373 500
141 770
568 776
139 906
173 579
783 969
173 990
727 1116
241 1079
967 1175
729 1175
531 1138
297 1205
72 719
406 964
684 808
208 1149
45 352
153 1230
580 726
1085 1090
653 982
261 382
60 1099
461 876
669 1039
3 1124
1247 1286
339 661
890 1096
423 1099
553 564
212 667
365 596
470 1011
563 932
482 1294
58 197
196 536
199 860
1123 1214
22 1027
691 770
829 1208
21 659
434 1278
307 771
340 523
327 738
584 1274
374 1020
488 1138
1005 1074
158 238
239 931
786 952
693 926
117 926
756 1089
25 690
218 533
1009 1129
669 1209
440 1275
29 1077
286 831
773 892
14 895
814 917
722 751
465 873
489 645
843 1000
238 670
82 1179
181 688
111 331
356 796
118 925
702 953
246 263
11 785
624 905
150 155
274 700
320 448
406 1168
121 897
878 1018
292 1014
44 198
674 839
102 114
557 1108
261 1183
568 1281
345 535
1199 1203
33 692
988 1196
455 986
1073 1273
424 1056
554 1033
409 750
378 917
523 1204
1082 1268
466 1145
755 1123
809 862
62 193
87 565
858 914
654 915
1220 1237
834 1125
565 848
620 752
410 1031
272 484
850 912
249 1262
24 805
491 779
510 750
216 989
263 593
586 659
72 207
1017 1272
986 1291
253 452
225 1213
706 798
819 1029
521 974
904 1107
122 649
826 1131
198 869
298 1025
524 660
339 512
312 700
81 1006
530 540
543 767
91 255
409 920
345 1023
192 438
340 724
597 618
195 940
88 1069
626 1267
449 1071
262 653
1032 1084
605 1214
360 454
552 1163
223 980
715 832
522 976
656 1186
68 450
186 1087
135 293
139 1178
487 898
238 549
416 1161
408 908
828 1200
426 1075
1184 1236
81 304
172 639
44 443
844 1124
1072 1215
902 1120
342 560
174 529
720 1102
849 1275
67 944
344 433
88 1096
757 959
267 625
770 1255
355 1253
976 1149
501 570
116 998
833 890
248 358
53 1271
691 901
242 535
178 987
20 554
853 943
650 1132
692 710
263 1212
527 1267
445 876
18 878
580 1066
600 785
6 743
66 779
240 760
285 1098
668 672
8 347
408 929
1212 1232
12 948
778 860
57 431
295 908
211 598
348 635
548 583
192 640
834 1138
1133 1212
75 252
959 988
36 214
83 607
405 536
346 1072
14 669
514 1103
613 1056
121 768
465 678
377 652
79 855
527 1151
345 1185
590 1146
247 468
310 405
171 433
1085 1259
1157 1173
27 1070
100 253
2 539
97 877
71 763
740 1209
515 1071
207 443
638 788
852 1248
87 449
1051 1170
808 909
318 1088
462 1016
341 1083
67 730
103 652
289 1275
888 1035
27 862
571 986
26 326
7 390
70 345
1043 1098
147 1080
724 863
540 939
617 821
42 1010
495 756
1219 1296
933 1049
118 294
57 463
284 394
804 1063
496 1281
20 170
840 884
264 1104
447 928
23 101
127 474
604 748
221 929
608 1245
199 686
246 860
639 1047
615 1264
425 1094
9 991
283 287
95 103
663 1175
245 529
564 1193
556 983
399 1249
278 902
594 1093
690 964
127 816
700 709
888 924
255 1285
260 847
859 887
951 1257
265 697
208 894
134 468
594 752
23 573
130 1040
827 1210
634 1261
200 1203
911 1297
204 230
817 1199
340 906
314 391
630 1261
1084 1235
622 1114
590 777
107 1149
365 761
184 189
65 1178
188 884
664 1055
911 1177
305 392
967 1177
224 1121
291 1297
801 1073
52 741
21 1215
709 750
39 144
336 363
828 1212
522 1198
375 765
106 702
342 643
288 500
497 1024
593 739
74 793
681 1005
410 1061
668 985
851 1211
70 320
1040 1100
587 887
238 1083
374 822
17 457
81 167
642 818
1145 1230
204 1047
178 1239
406 962
968 1165
135 802
594 867
231 1206
301 416
551 1155
40 1135
570 963
766 999
335 420
148 412
168 939
197 688
226 1044
87 685
1014 1214
383 1233
43 1242
940 944
193 582
973 1028
136 1174
201 768
421 535
505 1097
317 570
399 536
583 1112
159 203
705 841
717 752
212 643
791 918
329 1221
60 1225
123 994
183 731
985 1102
815 975
226 479
247 1013
506 891
608 1101
562 1151
149 216
674 1045
115 242
196 576
1091 1095
917 1187
264 528
480 1082
699 786
352 1147
315 940
353 828
229 655
413 715
56 878
606 1118
366 1266
221 328
134 254
1086 1265
352 1255
233 1232
487 648
74 615
545 579
696 1206
79 1136
243 689
483 818
35 1091
75 193
492 912
20 144
365 1201
904 918
589 927
707 1244
857 887
622 1088
38 85
80 1221
417 1275
501 905
39 1170
103 680
321 672
1109 1110
19 1115
90 689
13 492
240 698
237 1006
267 1252
135 164
73 627
45 322
425 1041
63 361
889 894
277 1034
203 242
71 1124
680 1292
924 1037
742 1177
542 630
178 236
125 144
82 379
120 1104
339 1113
49 766
910 962
165 205
89 882
165 212
141 248
513 1160
808 839
525 708
30 298
217 839
241 645
134 625
405 1200
10 530
610 1242
192 914
90 551
904 1050
231 598
213 1086
910 1045
384 1042
379 1054
1087 1245
176 215
52 478
635 709
313 436
627 1184
270 344
753 1052
563 950
605 868
848 1054
902 1182
666 1211
320 604
1034 1273
713 915
784 911
281 886
929 1297
460 752
30 791
583 1077
522 799
475 1223
207 235
40 1042
572 683
266 576
41 441
224 820
205 1180
557 1292
334 714
647 1277
122 412
163 175
560 701
202 870
841 1221
454 993
958 995
490 662
99 1238
588 642
93 1257
398 859
584 782
24 489
100 414
79 95
692 856
92 651
200 1033
991 1197
129 1114
677 781
789 1236
430 1250
396 1049
293 746
307 892
511 858
193 706
106 352
461 824
85 996
241 921
322 814
74 356
71 1244
464 700
652 1296
325 661
541 1071
355 657
113 882
692 1032
354 486
390 698
277 951
45 799
18 1107
287 313
280 1292
223 942
50 969
599 1225
723 1046
1031 1241
727 963
34 403
356 1141
15 87
12 1048
474 775
481 969
499 715
603 1157
868 1296
712 784
629 1018
1185 1250
152 651
1039 1114
824 905
283 1234
144 550
593 1009
107 214
704 1130
120 764
290 855
246 856
813 1267
151 402
1092 1204
719 909
364 859
432 755
253 916
372 798
382 503
25 1151
573 1220
113 881
805 873
281 934
358 548
575 694
1001 1192
538 869
128 1093
541 1295
229 664
400 1141
978 1261
231 777
657 938
157 576
427 968
947 1296
222 354
517 806
41 590
15 636
589 973
151 587
264 1200
407 1087
705 1002
386 990
895 1015
697 716
872 1066
142 764
131 447
429 540
138 525
150 955
800 1166
308 887
173 567
725 1171
979 1153
298 707
186 312
709 920
167 364
