1 2
1 9
1 16
1 23
1 30
1 37
1 44
1 51
1 58
1 65
1 72
1 79
1 86
1 93
4 2
4 9
4 16
4 23
4 30
4 37
4 44
4 51
4 58
4 65
4 72
4 79
4 86
4 93
7 2
7 9
7 16
7 23
7 30
7 37
7 44
7 51
7 58
7 65
7 72
7 79
7 86
7 93
10 2
10 9
10 16
10 23
10 30
10 37
10 44
10 51
10 58
10 65
10 72
10 79
10 86
10 93
13 2
13 9
13 16
13 23
13 30
13 37
13 44
13 51
13 58
13 65
13 72
13 79
13 86
13 93
16 2
16 9
16 16
16 23
16 30
16 37
16 44
16 51
16 58
16 65
16 72
16 79
16 86
16 93
19 2
19 9
19 16
19 23
19 30
19 37
19 44
19 51
19 58
19 65
19 72
19 79
19 86
19 93
22 2
22 9
22 16
22 23
22 30
22 37
22 44
22 51
22 58
22 65
22 72
22 79
22 86
22 93
25 2
25 9
25 16
25 23
25 30
25 37
25 44
25 51
25 58
25 65
25 72
25 79
25 86
25 93
28 2
28 9
28 16
28 23
28 30
28 37
28 44
28 51
28 58
28 65
28 72
28 79
28 86
28 93
31 2
31 9
31 16
31 23
31 30
31 37
31 44
31 51
31 58
31 65
31 72
31 79
31 86
31 93
34 2
34 9
34 16
34 23
34 30
34 37
34 44
34 51
34 58
34 65
34 72
34 79
34 86
34 93
37 2
37 9
37 16
37 23
37 30
37 37
37 44
37 51
37 58
37 65
37 72
37 79
37 86
37 93
40 2
40 9
40 16
40 23
40 30
40 37
40 44
40 51
40 58
40 65
40 72
40 79
40 86
40 93
43 2
43 9
43 16
43 23
43 30
43 37
43 44
43 51
43 58
43 65
43 72
43 79
43 86
43 93
46 2
46 9
46 16
46 23
46 30
46 37
46 44
46 51
46 58
46 65
46 72
46 79
46 86
46 93
49 2
49 9
49 16
49 23
49 30
49 37
49 44
49 51
49 58
49 65
49 72
49 79
49 86
49 93
52 2
52 9
52 16
52 23
52 30
52 37
52 44
52 51
52 58
52 65
52 72
52 79
52 86
52 93
55 2
55 9
55 16
55 23
55 30
55 37
55 44
55 51
55 58
55 65
55 72
55 79
55 86
55 93
58 2
58 9
58 16
58 23
58 30
58 37
58 44
58 51
58 58
58 65
58 72
58 79
58 86
58 93
61 2
61 9
61 16
61 23
61 30
61 37
61 44
61 51
61 58
61 65
61 72
61 79
61 86
61 93
64 2
64 9
64 16
64 23
64 30
64 37
64 44
64 51
64 58
64 65
64 72
64 79
64 86
64 93
67 2
67 9
67 16
67 23
67 30
67 37
67 44
67 51
67 58
67 65
67 72
67 79
67 86
67 93
70 2
70 9
70 16
70 23
70 30
70 37
70 44
70 51
70 58
70 65
70 72
70 79
70 86
70 93
73 2
73 9
73 16
73 23
73 30
73 37
73 44
73 51
73 58
73 65
73 72
73 79
73 86
73 93
76 2
76 9
76 16
76 23
76 30
76 37
76 44
76 51
76 58
76 65
76 72
76 79
76 86
76 93
79 2
79 9
79 16
79 23
79 30
79 37
79 44
79 51
79 58
79 65
79 72
79 79
79 86
79 93
82 2
82 9
82 16
82 23
82 30
82 37
82 44
82 51
82 58
82 65
82 72
82 79
82 86
82 93
85 2
85 9
85 16
85 23
85 30
85 37
85 44
85 51
85 58
85 65
85 72
85 79
85 86
85 93
88 2
88 9
88 16
88 23
88 30
88 37
88 44
88 51
88 58
88 65
88 72
88 79
88 86
88 93
91 2
91 9
91 16
91 23
91 30
91 37
91 44
91 51
91 58
91 65
91 72
91 79
91 86
91 93
94 2
94 9
94 16
94 23
94 30
94 37
94 44
94 51
94 58
94 65
94 72
94 79
94 86
94 93
97 2
97 9
97 16
97 23
97 30
97 37
97 44
97 51
97 58
97 65
97 72
97 79
97 86
97 93
100 2
100 9
100 16
100 23
100 30
100 37
100 44
100 51
100 58
100 65
100 72
100 79
100 86
100 93
103 2
103 9
103 16
103 23
103 30
103 37
103 44
103 51
103 58
103 65
103 72
103 79
103 86
103 93
106 2
106 9
106 16
106 23
106 30
106 37
106 44
106 51
106 58
106 65
106 72
106 79
106 86
106 93
109 2
109 9
109 16
109 23
109 30
109 37
109 44
109 51
109 58
109 65
109 72
109 79
109 86
109 93
112 2
112 9
112 16
112 23
112 30
112 37
112 44
112 51
112 58
112 65
112 72
112 79
112 86
112 93
115 2
115 9
115 16
115 23
115 30
115 37
115 44
115 51
115 58
115 65
115 72
115 79
115 86
115 93
118 2
118 9
118 16
118 23
118 30
118 37
118 44
118 51
118 58
118 65
118 72
118 79
118 86
118 93
121 2
121 9
121 16
121 23
121 30
121 37
121 44
121 51
121 58
121 65
121 72
121 79
121 86
121 93
124 2
124 9
124 16
124 23
124 30
124 37
124 44
124 51
124 58
124 65
124 72
124 79
124 86
124 93
127 2
127 9
127 16
127 23
127 30
127 37
127 44
127 51
127 58
127 65
127 72
127 79
127 86
127 93
130 2
130 9
130 16
130 23
130 30
130 37
130 44
130 51
130 58
130 65
130 72
130 79
130 86
130 93
133 2
133 9
133 16
133 23
133 30
133 37
133 44
133 51
133 58
133 65
133 72
133 79
133 86
133 93
136 2
136 9
136 16
136 23
136 30
136 37
136 44
136 51
136 58
136 65
136 72
136 79
136 86
136 93
139 2
139 9
139 16
139 23
139 30
139 37
139 44
139 51
139 58
139 65
139 72
139 79
139 86
139 93
142 2
142 9
142 16
142 23
142 30
142 37
142 44
142 51
142 58
142 65
142 72
142 79
142 86
142 93
145 2
145 9
145 16
145 23
145 30
145 37
145 44
145 51
145 58
145 65
145 72
145 79
145 86
145 93
148 2
148 9
148 16
148 23
148 30
148 37
148 44
148 51
148 58
148 65
148 72
148 79
148 86
148 93
151 2
151 9
151 16
151 23
151 30
151 37
151 44
151 51
151 58
151 65
151 72
151 79
151 86
151 93
154 2
154 9
154 16
154 23
154 30
154 37
154 44
154 51
154 58
154 65
154 72
154 79
154 86
154 93
157 2
157 9
157 16
157 23
157 30
157 37
157 44
157 51
157 58
157 65
157 72
157 79
157 86
157 93
160 2
160 9
160 16
160 23
160 30
160 37
160 44
160 51
160 58
160 65
160 72
160 79
160 86
160 93
163 2
163 9
163 16
163 23
163 30
163 37
163 44
163 51
163 58
163 65
163 72
163 79
163 86
163 93
166 2
166 9
166 16
166 23
166 30
166 37
166 44
166 51
166 58
166 65
166 72
166 79
166 86
166 93
169 2
169 9
169 16
169 23
169 30
169 37
169 44
169 51
169 58
169 65
169 72
169 79
169 86
169 93
172 2
172 9
172 16
172 23
172 30
172 37
172 44
172 51
172 58
172 65
172 72
172 79
172 86
172 93
175 2
175 9
175 16
175 23
175 30
175 37
175 44
175 51
175 58
175 65
175 72
175 79
175 86
175 93
178 2
178 9
178 16
178 23
178 30
178 37
178 44
178 51
178 58
178 65
178 72
178 79
178 86
178 93
181 2
181 9
181 16
181 23
181 30
181 37
181 44
181 51
181 58
181 65
181 72
181 79
181 86
181 93
184 2
184 9
184 16
184 23
184 30
184 37
184 44
184 51
184 58
184 65
184 72
184 79
184 86
184 93
187 2
187 9
187 16
187 23
187 30
187 37
187 44
187 51
187 58
187 65
187 72
187 79
187 86
187 93
190 2
190 9
190 16
190 23
190 30
190 37
190 44
190 51
190 58
190 65
190 72
190 79
190 86
190 93
193 2
193 9
193 16
193 23
193 30
193 37
193 44
193 51
193 58
193 65
193 72
193 79
193 86
193 93
196 2
196 9
196 16
196 23
196 30
196 37
196 44
196 51
196 58
196 65
196 72
196 79
196 86
196 93
199 2
199 9
199 16
199 23
199 30
199 37
199 44
199 51
199 58
199 65
199 72
199 79
199 86
199 93
202 2
202 9
202 16
202 23
202 30
202 37
202 44
202 51
202 58
202 65
202 72
202 79
202 86
202 93
205 2
205 9
205 16
205 23
205 30
205 37
205 44
205 51
205 58
205 65
205 72
205 79
205 86
205 93
208 2
208 9
208 16
208 23
208 30
208 37
208 44
208 51
208 58
208 65
208 72
208 79
208 86
208 93
211 2
211 9
211 16
211 23
211 30
211 37
211 44
211 51
211 58
211 65
211 72
211 79
211 86
211 93
214 2
214 9
214 16
214 23
214 30
214 37
214 44
214 51
214 58
214 65
214 72
214 79
214 86
214 93
217 2
217 9
217 16
217 23
217 30
217 37
217 44
217 51
217 58
217 65
217 72
217 79
217 86
217 93
220 2
220 9
220 16
220 23
220 30
220 37
220 44
220 51
220 58
220 65
220 72
220 79
220 86
220 93
223 2
223 9
223 16
223 23
223 30
223 37
223 44
223 51
223 58
223 65
223 72
223 79
223 86
223 93
226 2
226 9
226 16
226 23
226 30
226 37
226 44
226 51
226 58
226 65
226 72
226 79
226 86
226 93
229 2
229 9
229 16
229 23
229 30
229 37
229 44
229 51
229 58
229 65
229 72
229 79
229 86
229 93
232 2
232 9
232 16
232 23
232 30
232 37
232 44
232 51
232 58
232 65
232 72
232 79
232 86
232 93
235 2
235 9
235 16
235 23
235 30
235 37
235 44
235 51
235 58
235 65
235 72
235 79
235 86
235 93
238 2
238 9
238 16
238 23
238 30
238 37
238 44
238 51
238 58
238 65
238 72
238 79
238 86
238 93
241 2
241 9
241 16
241 23
241 30
241 37
241 44
241 51
241 58
241 65
241 72
241 79
241 86
241 93
244 2
244 9
244 16
244 23
244 30
244 37
244 44
244 51
244 58
244 65
244 72
244 79
244 86
244 93
247 2
247 9
247 16
247 23
247 30
247 37
247 44
247 51
247 58
247 65
247 72
247 79
247 86
247 93
250 2
250 9
250 16
250 23
250 30
250 37
250 44
250 51
250 58
250 65
250 72
250 79
250 86
250 93
253 2
253 9
253 16
253 23
253 30
253 37
253 44
253 51
253 58
253 65
253 72
253 79
253 86
253 93
256 2
256 9
256 16
256 23
256 30
256 37
256 44
256 51
256 58
256 65
256 72
256 79
256 86
256 93
259 2
259 9
259 16
259 23
259 30
259 37
259 44
259 51
259 58
259 65
259 72
259 79
259 86
259 93
262 2
262 9
262 16
262 23
262 30
262 37
262 44
262 51
262 58
262 65
262 72
262 79
262 86
262 93
265 2
265 9
265 16
265 23
265 30
265 37
265 44
265 51
265 58
265 65
265 72
265 79
265 86
265 93
268 2
268 9
268 16
268 23
268 30
268 37
268 44
268 51
268 58
268 65
268 72
268 79
268 86
268 93
271 2
271 9
271 16
271 23
271 30
271 37
271 44
271 51
271 58
271 65
271 72
271 79
271 86
271 93
274 2
274 9
274 16
274 23
274 30
274 37
274 44
274 51
274 58
274 65
274 72
274 79
274 86
274 93
277 2
277 9
277 16
277 23
277 30
277 37
277 44
277 51
277 58
277 65
277 72
277 79
277 86
277 93
280 2
280 9
280 16
280 23
280 30
280 37
280 44
280 51
280 58
280 65
280 72
280 79
280 86
280 93
283 2
283 9
283 16
283 23
283 30
283 37
283 44
283 51
283 58
283 65
283 72
283 79
283 86
283 93
286 2
286 9
286 16
286 23
286 30
286 37
286 44
286 51
286 58
286 65
286 72
286 79
286 86
286 93
289 2
289 9
289 16
289 23
289 30
289 37
289 44
289 51
289 58
289 65
289 72
289 79
289 86
289 93
292 2
292 9
292 16
292 23
292 30
292 37
292 44
292 51
292 58
292 65
292 72
292 79
292 86
292 93
295 2
295 9
295 16
295 23
295 30
295 37
295 44
295 51
295 58
295 65
295 72
295 79
295 86
295 93
298 2
298 9
298 16
298 23
298 30
298 37
298 44
298 51
298 58
298 65
298 72
298 79
298 86
298 93
301 2
301 9
301 16
301 23
301 30
301 37
301 44
301 51
301 58
301 65
301 72
301 79
301 86
301 93
304 2
304 9
304 16
304 23
304 30
304 37
304 44
304 51
304 58
304 65
304 72
304 79
304 86
304 93
307 2
307 9
307 16
307 23
307 30
307 37
307 44
307 51
307 58
307 65
307 72
307 79
307 86
307 93
310 2
310 9
310 16
310 23
310 30
310 37
310 44
310 51
310 58
310 65
310 72
310 79
310 86
310 93
313 2
313 9
313 16
313 23
313 30
313 37
313 44
313 51
313 58
313 65
313 72
313 79
313 86
313 93
316 2
316 9
316 16
316 23
316 30
316 37
316 44
316 51
316 58
316 65
316 72
316 79
316 86
316 93
319 2
319 9
319 16
319 23
319 30
319 37
319 44
319 51
319 58
319 65
319 72
319 79
319 86
319 93
322 2
322 9
322 16
322 23
322 30
322 37
322 44
322 51
322 58
322 65
322 72
322 79
322 86
322 93
325 2
325 9
325 16
325 23
325 30
325 37
325 44
325 51
325 58
325 65
325 72
325 79
325 86
325 93
328 2
328 9
328 16
328 23
328 30
328 37
328 44
328 51
328 58
328 65
328 72
328 79
328 86
328 93
331 2
331 9
331 16
331 23
331 30
331 37
331 44
331 51
331 58
331 65
331 72
331 79
331 86
331 93
334 2
334 9
334 16
334 23
334 30
334 37
334 44
334 51
334 58
334 65
334 72
334 79
334 86
334 93
337 2
337 9
337 16
337 23
337 30
337 37
337 44
337 51
337 58
337 65
337 72
337 79
337 86
337 93
340 2
340 9
340 16
340 23
340 30
340 37
340 44
340 51
340 58
340 65
340 72
340 79
340 86
340 93
343 2
343 9
343 16
343 23
12 61 72 0 61 72 1 61 72 2 60 72 2 60 99 2 60 99 3 183 99 3 183 99 2 183 65 2 184 65 2 184 65 1 184 65 0
12 205 72 0 205 72 1 205 72 2 204 72 2 204 100 2 204 100 3 273 100 3 273 100 2 273 65 2 274 65 2 274 65 1 274 65 0
12 187 23 0 187 23 1 187 23 2 186 23 2 186 101 2 186 101 3 270 101 3 270 101 2 270 23 2 271 23 2 271 23 1 271 23 0
12 298 86 0 298 86 1 298 86 2 297 86 2 297 102 2 297 102 3 339 102 3 339 102 2 339 86 2 340 86 2 340 86 1 340 86 0
12 175 44 0 175 44 1 175 44 2 174 44 2 174 103 2 174 103 3 267 103 3 267 103 2 267 79 2 268 79 2 268 79 1 268 79 0
12 13 23 0 13 23 1 13 23 2 12 23 2 12 104 2 12 104 3 207 104 3 207 104 2 207 72 2 208 72 2 208 72 1 208 72 0
12 82 58 0 82 58 1 82 58 2 81 58 2 81 105 2 81 105 3 96 105 3 96 105 2 96 9 2 97 9 2 97 9 1 97 9 0
12 211 79 0 211 79 1 211 79 4 210 79 4 210 99 4 210 99 5 339 99 5 339 99 4 339 16 4 340 16 4 340 16 1 340 16 0
12 64 2 0 64 2 1 64 2 2 63 2 2 63 106 2 63 106 3 324 106 3 324 106 2 324 30 2 325 30 2 325 30 1 325 30 0
12 10 23 0 10 23 1 10 23 2 9 23 2 9 107 2 9 107 3 33 107 3 33 107 2 33 79 2 34 79 2 34 79 1 34 79 0
12 67 86 0 67 86 1 67 86 2 66 86 2 66 108 2 66 108 3 213 108 3 213 108 2 213 93 2 214 93 2 214 93 1 214 93 0
12 100 72 0 100 72 1 100 72 2 99 72 2 99 109 2 99 109 3 333 109 3 333 109 2 333 37 2 334 37 2 334 37 1 334 37 0
12 166 93 0 166 93 1 166 93 4 165 93 4 165 100 4 165 100 5 213 100 5 213 100 4 213 86 4 214 86 4 214 86 1 214 86 0
8 82 37 0 82 37 1 82 37 2 83 37 2 83 79 2 82 79 2 82 79 1 82 79 0
12 46 93 0 46 93 1 46 93 2 45 93 2 45 110 2 45 110 3 180 110 3 180 110 2 180 37 2 181 37 2 181 37 1 181 37 0
12 253 16 0 253 16 1 253 16 2 252 16 2 252 111 2 252 111 3 276 111 3 276 111 2 276 44 2 277 44 2 277 44 1 277 44 0
12 124 9 0 124 9 1 124 9 6 123 9 6 123 99 6 123 99 7 213 99 7 213 99 6 213 72 6 214 72 6 214 72 1 214 72 0
12 40 2 0 40 2 1 40 2 2 39 2 2 39 112 2 39 112 3 144 112 3 144 112 2 144 9 2 145 9 2 145 9 1 145 9 0
12 25 2 0 25 2 1 25 2 2 24 2 2 24 113 2 24 113 3 126 113 3 126 113 2 126 58 2 127 58 2 127 58 1 127 58 0
12 13 51 0 13 51 1 13 51 4 12 51 4 12 101 4 12 101 5 177 101 5 177 101 4 177 23 4 178 23 4 178 23 1 178 23 0
12 322 16 0 322 16 1 322 16 6 321 16 6 321 100 6 321 100 7 339 100 7 339 100 6 339 2 6 340 2 6 340 2 1 340 2 0
12 163 16 0 163 16 1 163 16 2 162 16 2 162 114 2 162 114 3 294 114 3 294 114 2 294 2 2 295 2 2 295 2 1 295 2 0
12 28 37 0 28 37 1 28 37 2 27 37 2 27 115 2 27 115 3 42 115 3 42 115 2 42 93 2 43 93 2 43 93 1 43 93 0
12 175 2 0 175 2 1 175 2 4 174 2 4 174 102 4 174 102 5 198 102 5 198 102 4 198 9 4 199 9 4 199 9 1 199 9 0
12 1 72 0 1 72 1 1 72 4 0 72 4 0 103 4 0 103 5 33 103 5 33 103 4 33 86 4 34 86 4 34 86 1 34 86 0
12 16 93 0 16 93 1 16 93 2 15 93 2 15 116 2 15 116 3 282 116 3 282 116 2 282 23 2 283 23 2 283 23 1 283 23 0
12 196 44 0 196 44 1 196 44 2 195 44 2 195 117 2 195 117 3 303 117 3 303 117 2 303 30 2 304 30 2 304 30 1 304 30 0
12 139 9 0 139 9 1 139 9 2 138 9 2 138 118 2 138 118 3 198 118 3 198 118 2 198 2 2 199 2 2 199 2 1 199 2 0
12 151 30 0 151 30 1 151 30 4 150 30 4 150 104 4 150 104 5 267 104 5 267 104 4 267 16 4 268 16 4 268 16 1 268 16 0
12 160 2 0 160 2 1 160 2 2 159 2 2 159 119 2 159 119 3 237 119 3 237 119 2 237 51 2 238 51 2 238 51 1 238 51 0
13 64 2 0 64 3 0 64 3 1 64 3 4 63 3 4 63 105 4 63 105 5 183 105 5 183 105 4 183 9 4 184 9 4 184 9 1 184 9 0
12 64 65 0 64 65 1 64 65 6 63 65 6 63 101 6 63 101 7 147 101 7 147 101 6 147 51 6 148 51 6 148 51 1 148 51 0
12 4 44 0 4 44 1 4 44 2 3 44 2 3 120 2 3 120 3 192 120 3 192 120 2 192 23 2 193 23 2 193 23 1 193 23 0
12 16 58 0 16 58 1 16 58 4 15 58 4 15 106 4 15 106 5 231 106 5 231 106 4 231 65 4 232 65 4 232 65 1 232 65 0
12 169 23 0 169 23 1 169 23 2 168 23 2 168 121 2 168 121 3 240 121 3 240 121 2 240 65 2 241 65 2 241 65 1 241 65 0
12 289 51 0 289 51 1 289 51 2 288 51 2 288 122 2 288 122 3 342 122 3 342 122 2 342 16 2 343 16 2 343 16 1 343 16 0
12 130 79 0 130 79 1 130 79 2 129 79 2 129 123 2 129 123 3 327 123 3 327 123 2 327 23 2 328 23 2 328 23 1 328 23 0
12 91 16 0 91 16 1 91 16 2 90 16 2 90 124 2 90 124 3 336 124 3 336 124 2 336 23 2 337 23 2 337 23 1 337 23 0
13 178 23 0 178 24 0 178 24 1 178 24 6 177 24 6 177 102 6 177 102 7 294 102 7 294 102 6 294 72 6 295 72 6 295 72 1 295 72 0
12 232 51 0 232 51 1 232 51 2 231 51 2 231 125 2 231 125 3 321 125 3 321 125 2 321 58 2 322 58 2 322 58 1 322 58 0
13 241 44 0 241 44 1 241 44 4 240 44 4 240 107 4 240 107 5 324 107 5 324 107 4 324 31 4 325 31 4 325 31 1 325 31 0 325 30 0
12 16 9 0 16 9 1 16 9 6 15 9 6 15 103 6 15 103 7 228 103 7 228 103 6 228 79 6 229 79 6 229 79 1 229 79 0
12 121 72 0 121 72 1 121 72 4 120 72 4 120 108 4 120 108 5 297 108 5 297 108 4 297 9 4 298 9 4 298 9 1 298 9 0
12 118 86 0 118 86 1 118 86 2 117 86 2 117 126 2 117 126 3 306 126 3 306 126 2 306 23 2 307 23 2 307 23 1 307 23 0
12 118 30 0 118 30 1 118 30 4 117 30 4 117 109 4 117 109 5 288 109 5 288 109 4 288 23 4 289 23 4 289 23 1 289 23 0
12 106 23 0 106 23 1 106 23 2 105 23 2 105 127 2 105 127 3 315 127 3 315 127 2 315 58 2 316 58 2 316 58 1 316 58 0
12 76 86 0 76 86 1 76 86 2 75 86 2 75 128 2 75 128 3 156 128 3 156 128 2 156 9 2 157 9 2 157 9 1 157 9 0
12 7 86 0 7 86 1 7 86 2 6 86 2 6 129 2 6 129 3 234 129 3 234 129 2 234 93 2 235 93 2 235 93 1 235 93 0
12 1 79 0 1 79 1 1 79 6 0 79 6 0 104 6 0 104 7 186 104 7 186 104 6 186 86 6 187 86 6 187 86 1 187 86 0
12 97 79 0 97 79 1 97 79 6 96 79 6 96 105 6 96 105 7 198 105 7 198 105 6 198 23 6 199 23 6 199 23 1 199 23 0
12 64 51 0 64 51 1 64 51 8 63 51 8 63 99 8 63 99 9 105 99 9 105 99 8 105 2 8 106 2 8 106 2 1 106 2 0
13 1 79 0 1 80 0 1 80 1 1 80 2 0 80 2 0 130 2 0 130 3 141 130 3 141 130 2 141 16 2 142 16 2 142 16 1 142 16 0
12 37 79 0 37 79 1 37 79 2 36 79 2 36 131 2 36 131 3 153 131 3 153 131 2 153 44 2 154 44 2 154 44 1 154 44 0
12 31 16 0 31 16 1 31 16 6 30 16 6 30 106 6 30 106 7 267 106 7 267 106 6 267 9 6 268 9 6 268 9 1 268 9 0
12 61 65 0 61 65 1 61 65 4 60 65 4 60 110 4 60 110 5 159 110 5 159 110 4 159 79 4 160 79 4 160 79 1 160 79 0
12 118 51 0 118 51 1 118 51 8 117 51 8 117 100 8 117 100 9 147 100 9 147 100 8 147 44 8 148 44 8 148 44 1 148 44 0
13 7 86 0 7 87 0 7 87 1 7 87 4 6 87 4 6 111 4 6 111 5 114 111 5 114 111 4 114 16 4 115 16 4 115 16 1 115 16 0
12 130 93 0 130 93 1 130 93 4 129 93 4 129 112 4 129 112 5 306 112 5 306 112 4 306 16 4 307 16 4 307 16 1 307 16 0
12 217 51 0 217 51 1 217 51 2 216 51 2 216 132 2 216 132 3 246 132 3 246 132 2 246 16 2 247 16 2 247 16 1 247 16 0
12 112 30 0 112 30 1 112 30 4 111 30 4 111 113 4 111 113 5 156 113 5 156 113 4 156 30 4 157 30 4 157 30 1 157 30 0
12 226 37 0 226 37 1 226 37 2 225 37 2 225 133 2 225 133 3 255 133 3 255 133 2 255 37 2 256 37 2 256 37 1 256 37 0
12 70 51 0 70 51 1 70 51 4 69 51 4 69 114 4 69 114 5 336 114 5 336 114 4 336 58 4 337 58 4 337 58 1 337 58 0
12 148 2 0 148 2 1 148 2 4 147 2 4 147 115 4 147 115 5 333 115 5 333 115 4 333 86 4 334 86 4 334 86 1 334 86 0
12 145 37 0 145 37 1 145 37 4 144 37 4 144 116 4 144 116 5 237 116 5 237 116 4 237 86 4 238 86 4 238 86 1 238 86 0
12 199 16 0 199 16 1 199 16 8 198 16 8 198 101 8 198 101 9 339 101 9 339 101 8 339 79 8 340 79 8 340 79 1 340 79 0
12 130 86 0 130 86 1 130 86 6 129 86 6 129 107 6 129 107 7 288 107 7 288 107 6 288 9 6 289 9 6 289 9 1 289 9 0
12 88 44 0 88 44 1 88 44 4 87 44 4 87 117 4 87 117 5 207 117 5 207 117 4 207 44 4 208 44 4 208 44 1 208 44 0
12 7 51 0 7 51 1 7 51 6 6 51 6 6 108 6 6 108 7 210 108 7 210 108 6 210 37 6 211 37 6 211 37 1 211 37 0
12 58 37 0 58 37 1 58 37 4 57 37 4 57 118 4 57 118 5 321 118 5 321 118 4 321 79 4 322 79 4 322 79 1 322 79 0
12 34 9 0 34 9 1 34 9 6 33 9 6 33 109 6 33 109 7 282 109 7 282 109 6 282 2 6 283 2 6 283 2 1 283 2 0
13 118 51 0 118 52 0 118 52 1 118 52 6 117 52 6 117 110 6 117 110 7 318 110 7 318 110 6 318 86 6 319 86 6 319 86 1 319 86 0
12 1 16 0 1 16 1 1 16 8 0 16 8 0 102 8 0 102 9 30 102 9 30 102 8 30 86 8 31 86 8 31 86 1 31 86 0
12 4 51 0 4 51 1 4 51 4 3 51 4 3 119 4 3 119 5 234 119 5 234 119 4 234 30 4 235 30 4 235 30 1 235 30 0
13 82 93 0 82 93 1 82 93 8 81 93 8 81 103 8 81 103 9 213 103 9 213 103 8 213 94 8 214 94 8 214 94 1 214 94 0 214 93 0
12 166 30 0 166 30 1 166 30 2 165 30 2 165 134 2 165 134 3 279 134 3 279 134 2 279 93 2 280 93 2 280 93 1 280 93 0
13 193 23 0 193 24 0 193 24 1 193 24 10 192 24 10 192 99 10 192 99 11 198 99 11 198 99 10 198 30 10 199 30 10 199 30 1 199 30 0
12 97 51 0 97 51 1 97 51 4 96 51 4 96 120 4 96 120 5 171 120 5 171 120 4 171 9 4 172 9 4 172 9 1 172 9 0
12 76 51 0 76 51 1 76 51 6 75 51 6 75 111 6 75 111 7 297 111 7 297 111 6 297 2 6 298 2 6 298 2 1 298 2 0
12 277 2 0 277 2 1 277 2 8 276 2 8 276 104 8 276 104 9 297 104 9 297 104 8 297 44 8 298 44 8 298 44 1 298 44 0
12 139 58 0 139 58 1 139 58 6 138 58 6 138 112 6 138 112 7 144 112 7 144 112 6 144 23 6 145 23 6 145 23 1 145 23 0
12 238 16 0 238 16 1 238 16 6 237 16 6 237 113 6 237 113 7 258 113 7 258 113 6 258 9 6 259 9 6 259 9 1 259 9 0
12 76 72 0 76 72 1 76 72 4 75 72 4 75 121 4 75 121 5 135 121 5 135 121 4 135 51 4 136 51 4 136 51 1 136 51 0
12 217 30 0 217 30 1 217 30 4 216 30 4 216 122 4 216 122 5 261 122 5 261 122 4 261 72 4 262 72 4 262 72 1 262 72 0
12 286 23 0 286 23 1 286 23 6 285 23 6 285 114 6 285 114 7 333 114 7 333 114 6 333 51 6 334 51 6 334 51 1 334 51 0
12 70 16 0 70 16 1 70 16 2 69 16 2 69 135 2 69 135 3 177 135 3 177 135 2 177 9 2 178 9 2 178 9 1 178 9 0
12 214 51 0 214 51 1 214 51 10 213 51 10 213 100 10 213 100 11 288 100 11 288 100 10 288 65 10 289 65 10 289 65 1 289 65 0
12 10 9 0 10 9 1 10 9 6 9 9 6 9 115 6 9 115 7 261 115 7 261 115 6 261 30 6 262 30 6 262 30 1 262 30 0
12 94 23 0 94 23 1 94 23 4 93 23 4 93 123 4 93 123 5 276 123 5 276 123 4 276 9 4 277 9 4 277 9 1 277 9 0
13 1 37 0 1 37 1 1 37 10 0 37 10 0 101 10 0 101 11 9 101 11 9 101 10 9 24 10 10 24 10 10 24 1 10 24 0 10 23 0
12 136 37 0 136 37 1 136 37 6 135 37 6 135 116 6 135 116 7 153 116 7 153 116 6 153 79 6 154 79 6 154 79 1 154 79 0
12 136 30 0 136 30 1 136 30 12 135 30 12 135 99 12 135 99 13 213 99 13 213 99 12 213 30 12 214 30 12 214 30 1 214 30 0
12 133 58 0 133 58 1 133 58 6 132 58 6 132 117 6 132 117 7 240 117 7 240 117 6 240 30 6 241 30 6 241 30 1 241 30 0
12 34 51 0 34 51 1 34 51 8 33 51 8 33 105 8 33 105 9 171 105 9 171 105 8 171 51 8 172 51 8 172 51 1 172 51 0
12 178 58 0 178 58 1 178 58 8 177 58 8 177 106 8 177 106 9 255 106 9 255 106 8 255 65 8 256 65 8 256 65 1 256 65 0
12 10 79 0 10 79 1 10 79 4 9 79 4 9 124 4 9 124 5 327 124 5 327 124 4 327 79 4 328 79 4 328 79 1 328 79 0
12 196 23 0 196 23 1 196 23 6 195 23 6 195 118 6 195 118 7 234 118 7 234 118 6 234 2 6 235 2 6 235 2 1 235 2 0
8 181 9 0 181 9 1 181 9 2 182 9 2 182 51 2 181 51 2 181 51 1 181 51 0
12 43 65 0 43 65 1 43 65 4 42 65 4 42 125 4 42 125 5 189 125 5 189 125 4 189 16 4 190 16 4 190 16 1 190 16 0
12 76 2 0 76 2 1 76 2 8 75 2 8 75 107 8 75 107 9 99 107 9 99 107 8 99 30 8 100 30 8 100 30 1 100 30 0
13 145 86 0 145 86 1 145 86 8 144 86 8 144 108 8 144 108 9 156 108 9 156 108 8 156 10 8 157 10 8 157 10 1 157 10 0 157 9 0
12 145 2 0 145 2 1 145 2 14 144 2 14 144 99 14 144 99 15 213 99 15 213 99 14 213 58 14 214 58 14 214 58 1 214 58 0
12 124 72 0 124 72 1 124 72 2 123 72 2 123 136 2 123 136 3 189 136 3 189 136 2 189 51 2 190 51 2 190 51 1 190 51 0
12 205 37 0 205 37 1 205 37 8 204 37 8 204 109 8 204 109 9 240 109 9 240 109 8 240 37 8 241 37 8 241 37 1 241 37 0
12 61 51 0 61 51 1 61 51 6 60 51 6 60 119 6 60 119 7 249 119 7 249 119 6 249 51 6 250 51 6 250 51 1 250 51 0
12 136 72 0 136 72 1 136 72 10 135 72 10 135 102 10 135 102 11 255 102 11 255 102 10 255 58 10 256 58 10 256 58 1 256 58 0
12 37 86 0 37 86 1 37 86 4 36 86 4 36 126 4 36 126 5 315 126 5 315 126 4 315 2 4 316 2 4 316 2 1 316 2 0
12 37 37 0 37 37 1 37 37 8 36 37 8 36 110 8 36 110 9 195 110 9 195 110 8 195 58 8 196 58 8 196 58 1 196 58 0
12 325 9 0 325 9 1 325 9 6 324 9 6 324 120 6 324 120 7 342 120 7 342 120 6 342 23 6 343 23 6 343 23 1 343 23 0
12 40 93 0 40 93 1 40 93 8 39 93 8 39 111 8 39 111 9 96 111 9 96 111 8 96 2 8 97 2 8 97 2 1 97 2 0
13 70 72 0 70 72 1 70 72 8 69 72 8 69 112 8 69 112 9 288 112 9 288 112 8 288 24 8 289 24 8 289 24 1 289 24 0 289 23 0
12 34 16 0 34 16 1 34 16 10 33 16 10 33 103 10 33 103 11 93 103 11 93 103 10 93 93 10 94 93 10 94 93 1 94 93 0
12 34 58 0 34 58 1 34 58 12 33 58 12 33 100 12 33 100 13 111 100 13 111 100 12 111 65 12 112 65 12 112 65 1 112 65 0
12 109 44 0 109 44 1 109 44 2 108 44 2 108 137 2 108 137 3 261 137 3 261 137 2 261 9 2 262 9 2 262 9 1 262 9 0
13 43 9 0 43 9 1 43 9 10 42 9 10 42 104 10 42 104 11 297 104 11 297 104 10 297 10 10 298 10 10 298 10 1 298 10 0 298 9 0
12 241 23 0 241 23 1 241 23 10 240 23 10 240 105 10 240 105 11 282 105 11 282 105 10 282 58 10 283 58 10 283 58 1 283 58 0
12 79 16 0 79 16 1 79 16 2 78 16 2 78 138 2 78 138 3 147 138 3 147 138 2 147 86 2 148 86 2 148 86 1 148 86 0
12 52 86 0 52 86 1 52 86 4 51 86 4 51 127 4 51 127 5 270 127 5 270 127 4 270 58 4 271 58 4 271 58 1 271 58 0
12 148 58 0 148 58 1 148 58 10 147 58 10 147 106 10 147 106 11 189 106 11 189 106 10 189 58 10 190 58 10 190 58 1 190 58 0
12 31 93 0 31 93 1 31 93 10 30 93 10 30 107 10 30 107 11 231 107 11 231 107 10 231 72 10 232 72 10 232 72 1 232 72 0
8 43 44 0 43 44 1 43 44 2 44 44 2 44 86 2 43 86 2 43 86 1 43 86 0
12 25 65 0 25 65 1 25 65 6 24 65 6 24 121 6 24 121 7 189 121 7 189 121 6 189 23 6 190 23 6 190 23 1 190 23 0
12 196 37 0 196 37 1 196 37 4 195 37 4 195 128 4 195 128 5 243 128 5 243 128 4 243 58 4 244 58 4 244 58 1 244 58 0
12 1 51 0 1 51 1 1 51 12 0 51 12 0 101 12 0 101 13 327 101 13 327 101 12 327 16 12 328 16 12 328 16 1 328 16 0
12 94 44 0 94 44 1 94 44 6 93 44 6 93 122 6 93 122 7 216 122 7 216 122 6 216 16 6 217 16 6 217 16 1 217 16 0
12 55 86 0 55 86 1 55 86 2 54 86 2 54 139 2 54 139 3 249 139 3 249 139 2 249 65 2 250 65 2 250 65 1 250 65 0
13 34 9 0 34 10 0 34 10 1 34 10 14 33 10 14 33 100 14 33 100 15 327 100 15 327 100 14 327 93 14 328 93 14 328 93 1 328 93 0
8 181 2 0 181 2 1 181 2 3 182 2 3 182 44 3 181 44 3 181 44 1 181 44 0
12 103 16 0 103 16 1 103 16 6 102 16 6 102 123 6 102 123 7 156 123 7 156 123 6 156 23 6 157 23 6 157 23 1 157 23 0
12 205 79 0 205 79 1 205 79 6 204 79 6 204 124 6 204 124 7 336 124 7 336 124 6 336 30 6 337 30 6 337 30 1 337 30 0
12 46 23 0 46 23 1 46 23 8 45 23 8 45 113 8 45 113 9 321 113 9 321 113 8 321 2 8 322 2 8 322 2 1 322 2 0
12 91 44 0 91 44 1 91 44 4 90 44 4 90 129 4 90 129 5 258 129 5 258 129 4 258 79 4 259 79 4 259 79 1 259 79 0
13 238 16 0 238 17 0 238 17 1 238 17 8 237 17 8 237 114 8 237 114 9 246 114 9 246 114 8 246 44 8 247 44 8 247 44 1 247 44 0
12 58 2 0 58 2 1 58 2 2 57 2 2 57 140 2 57 140 3 72 140 3 72 140 2 72 37 2 73 37 2 73 37 1 73 37 0
12 268 72 0 268 72 1 268 72 8 267 72 8 267 115 8 267 115 9 333 115 9 333 115 8 333 79 8 334 79 8 334 79 1 334 79 0
13 142 51 0 142 51 1 142 51 6 141 51 6 141 125 6 141 125 7 315 125 7 315 125 6 315 59 6 316 59 6 316 59 1 316 59 0 316 58 0
12 142 86 0 142 86 1 142 86 4 141 86 4 141 130 4 141 130 5 201 130 5 201 130 4 201 58 4 202 58 4 202 58 1 202 58 0
12 46 2 0 46 2 1 46 2 6 45 2 6 45 126 6 45 126 7 201 126 7 201 126 6 201 37 6 202 37 6 202 37 1 202 37 0
13 262 72 0 262 73 0 262 73 1 262 73 12 261 73 12 261 102 12 261 102 13 288 102 13 288 102 12 288 44 12 289 44 12 289 44 1 289 44 0
13 124 9 0 124 10 0 124 10 1 124 10 10 123 10 10 123 108 10 123 108 11 171 108 11 171 108 10 171 37 10 172 37 10 172 37 1 172 37 0
12 172 86 0 172 86 1 172 86 2 171 86 2 171 141 2 171 141 3 201 141 3 201 141 2 201 44 2 202 44 2 202 44 1 202 44 0
12 91 79 0 91 79 1 91 79 8 90 79 8 90 116 8 90 116 9 201 116 9 201 116 8 201 2 8 202 2 8 202 2 1 202 2 0
13 34 86 0 34 87 0 34 87 1 34 87 16 33 87 16 33 99 16 33 99 17 129 99 17 129 99 16 129 16 16 130 16 16 130 16 1 130 16 0
12 139 65 0 139 65 1 139 65 12 138 65 12 138 103 12 138 103 13 297 103 13 297 103 12 297 72 12 298 72 12 298 72 1 298 72 0
12 304 51 0 304 51 1 304 51 8 303 51 8 303 117 8 303 117 9 324 117 9 324 117 8 324 23 8 325 23 8 325 23 1 325 23 0
13 277 44 0 277 45 0 277 45 1 277 45 12 276 45 12 276 104 12 276 104 13 282 104 13 282 104 12 282 44 12 283 44 12 283 44 1 283 44 0
12 217 79 0 217 79 1 217 79 8 216 79 8 216 118 8 216 118 9 258 118 9 258 118 8 258 58 8 259 58 8 259 58 1 259 58 0
12 40 72 0 40 72 1 40 72 4 39 72 4 39 131 4 39 131 5 78 131 5 78 131 4 78 37 4 79 37 4 79 37 1 79 37 0
12 118 23 0 118 23 1 118 23 10 117 23 10 117 109 10 117 109 11 219 109 11 219 109 10 219 79 10 220 79 10 220 79 1 220 79 0
12 127 72 0 127 72 1 127 72 4 126 72 4 126 132 4 126 132 5 222 132 5 222 132 4 222 79 4 223 79 4 223 79 1 223 79 0
12 67 44 0 67 44 1 67 44 4 66 44 4 66 133 4 66 133 5 153 133 5 153 133 4 153 51 4 154 51 4 154 51 1 154 51 0
12 157 44 0 157 44 1 157 44 12 156 44 12 156 105 12 156 105 13 198 105 13 198 105 12 198 79 12 199 79 12 199 79 1 199 79 0
13 40 2 0 40 3 0 40 3 1 40 3 10 39 3 10 39 110 10 39 110 11 324 110 11 324 110 10 324 79 10 325 79 10 325 79 1 325 79 0
12 73 79 0 73 79 1 73 79 10 72 79 10 72 111 10 72 111 11 195 111 11 195 111 10 195 86 10 196 86 10 196 86 1 196 86 0
13 226 93 0 226 93 1 226 93 6 225 93 6 225 127 6 225 127 7 327 127 7 327 127 6 327 80 6 328 80 6 328 80 1 328 80 0 328 79 0
12 115 51 0 115 51 1 115 51 2 114 51 2 114 142 2 114 142 3 120 142 3 120 142 2 120 9 2 121 9 2 121 9 1 121 9 0
12 10 65 0 10 65 1 10 65 8 9 65 8 9 119 8 9 119 9 24 119 9 24 119 8 24 79 8 25 79 8 25 79 1 25 79 0
12 79 72 0 79 72 1 79 72 8 78 72 8 78 120 8 78 120 9 282 120 9 282 120 8 282 30 8 283 30 8 283 30 1 283 30 0
12 28 93 0 28 93 1 28 93 16 27 93 16 27 100 16 27 100 17 213 100 17 213 100 16 213 37 16 214 37 16 214 37 1 214 37 0
12 295 79 0 295 79 1 295 79 4 294 79 4 294 134 4 294 134 5 312 134 5 312 134 4 312 65 4 313 65 4 313 65 1 313 65 0
12 58 30 0 58 30 1 58 30 10 57 30 10 57 112 10 57 112 11 144 112 11 144 112 10 144 16 10 145 16 10 145 16 1 145 16 0
12 196 16 0 196 16 1 196 16 12 195 16 12 195 106 12 195 106 13 264 106 13 264 106 12 264 72 12 265 72 12 265 72 1 265 72 0
13 16 58 0 16 59 0 16 59 1 16 59 8 15 59 8 15 121 8 15 121 9 21 121 9 21 121 8 21 44 8 22 44 8 22 44 1 22 44 0
12 142 2 0 142 2 1 142 2 14 141 2 14 141 101 14 141 101 15 195 101 15 195 101 14 195 51 14 196 51 14 196 51 1 196 51 0
13 277 58 0 277 58 1 277 58 10 276 58 10 276 113 10 276 113 11 339 113 11 339 113 10 339 3 10 340 3 10 340 3 1 340 3 0 340 2 0
12 85 44 0 85 44 1 85 44 4 84 44 4 84 135 4 84 135 5 186 135 5 186 135 4 186 65 4 187 65 4 187 65 1 187 65 0
12 145 58 0 145 58 1 145 58 12 144 58 12 144 107 12 144 107 13 150 107 13 150 107 12 150 23 12 151 23 12 151 23 1 151 23 0
13 178 58 0 178 59 0 178 59 1 178 59 10 177 59 10 177 114 10 177 114 11 306 114 11 306 114 10 306 51 10 307 51 10 307 51 1 307 51 0
12 19 30 0 19 30 1 19 30 4 18 30 4 18 136 4 18 136 5 279 136 5 279 136 4 279 79 4 280 79 4 280 79 1 280 79 0
12 34 2 0 34 2 1 34 2 18 33 2 18 33 99 18 33 99 19 222 99 19 222 99 18 222 16 18 223 16 18 223 16 1 223 16 0
12 109 79 0 109 79 1 109 79 6 108 79 6 108 128 6 108 128 7 243 128 7 243 128 6 243 30 6 244 30 6 244 30 1 244 30 0
12 4 72 0 4 72 1 4 72 6 3 72 6 3 129 6 3 129 7 57 129 7 57 129 6 57 44 6 58 44 6 58 44 1 58 44 0
12 97 44 0 97 44 1 97 44 10 96 44 10 96 115 10 96 115 11 159 115 11 159 115 10 159 58 10 160 58 10 160 58 1 160 58 0
13 214 37 0 214 38 0 214 38 1 214 38 18 213 38 18 213 100 18 213 100 19 342 100 19 342 100 18 342 2 18 343 2 18 343 2 1 343 2 0
12 37 44 0 37 44 1 37 44 10 36 44 10 36 116 10 36 116 11 234 116 11 234 116 10 234 65 10 235 65 10 235 65 1 235 65 0
12 160 23 0 160 23 1 160 23 12 159 23 12 159 108 12 159 108 13 204 108 13 204 108 12 204 9 12 205 9 12 205 9 1 205 9 0
13 112 30 0 112 31 0 112 31 1 112 31 8 111 31 8 111 122 8 111 122 9 225 122 9 225 122 8 225 79 8 226 79 8 226 79 1 226 79 0
13 28 37 0 28 38 0 28 38 1 28 38 4 27 38 4 27 137 4 27 137 5 192 137 5 192 137 4 192 37 4 193 37 4 193 37 1 193 37 0
12 55 37 0 55 37 1 55 37 4 54 37 4 54 138 4 54 138 5 330 138 5 330 138 4 330 93 4 331 93 4 331 93 1 331 93 0
13 304 30 0 304 31 0 304 31 1 304 31 4 303 31 4 303 139 4 303 139 5 309 139 5 309 139 4 309 86 4 310 86 4 310 86 1 310 86 0
13 133 37 0 133 37 1 133 37 8 132 37 8 132 123 8 132 123 9 165 123 9 165 123 8 165 94 8 166 94 8 166 94 1 166 94 0 166 93 0
12 172 93 0 172 93 1 172 93 12 171 93 12 171 109 12 171 109 13 249 109 13 249 109 12 249 9 12 250 9 12 250 9 1 250 9 0
12 124 93 0 124 93 1 124 93 8 123 93 8 123 124 8 123 124 9 330 124 9 330 124 8 330 30 8 331 30 8 331 30 1 331 30 0
12 4 16 0 4 16 1 4 16 14 3 16 14 3 102 14 3 102 15 171 102 15 171 102 14 171 65 14 172 65 14 172 65 1 172 65 0
12 22 16 0 22 16 1 22 16 6 21 16 6 21 130 6 21 130 7 27 130 7 27 130 6 27 44 6 28 44 6 28 44 1 28 44 0
12 259 51 0 259 51 1 259 51 2 258 51 2 258 143 2 258 143 3 264 143 3 264 143 2 264 37 2 265 37 2 265 37 1 265 37 0
13 181 23 0 181 23 1 181 23 10 180 23 10 180 117 10 180 117 11 321 117 11 321 117 10 321 59 10 322 59 10 322 59 1 322 59 0 322 58 0
12 196 2 0 196 2 1 196 2 16 195 2 16 195 101 16 195 101 17 300 101 17 300 101 16 300 51 16 301 51 16 301 51 1 301 51 0
12 22 30 0 22 30 1 22 30 10 21 30 10 21 118 10 21 118 11 69 118 11 69 118 10 69 58 10 70 58 10 70 58 1 70 58 0
12 292 30 0 292 30 1 292 30 6 291 30 6 291 131 6 291 131 7 303 131 7 303 131 6 303 9 6 304 9 6 304 9 1 304 9 0
12 274 79 0 274 79 1 274 79 6 273 79 6 273 132 6 273 132 7 309 132 7 309 132 6 309 65 6 310 65 6 310 65 1 310 65 0
13 85 44 0 85 45 0 85 45 1 85 45 6 84 45 6 84 133 6 84 133 7 207 133 7 207 133 6 207 2 6 208 2 6 208 2 1 208 2 0
12 154 23 0 154 23 1 154 23 8 153 23 8 153 125 8 153 125 9 291 125 9 291 125 8 291 58 8 292 58 8 292 58 1 292 58 0
13 31 16 0 31 17 0 31 17 1 31 17 12 30 17 12 30 110 12 30 110 13 192 110 13 192 110 12 192 72 12 193 72 12 193 72 1 193 72 0
13 109 9 0 109 9 1 109 9 10 108 9 10 108 119 10 108 119 11 258 119 11 258 119 10 258 10 10 259 10 10 259 10 1 259 10 0 259 9 0
12 91 58 0 91 58 1 91 58 12 90 58 12 90 111 12 90 111 13 93 111 13 93 111 12 93 16 12 94 16 12 94 16 1 94 16 0
12 79 9 0 79 9 1 79 9 10 78 9 10 78 120 10 78 120 11 228 120 11 228 120 10 228 58 10 229 58 10 229 58 1 229 58 0
13 133 51 0 133 51 1 133 51 4 132 51 4 132 140 4 132 140 5 342 140 5 342 140 4 342 3 4 343 3 4 343 3 1 343 3 0 343 2 0
12 58 58 0 58 58 1 58 58 8 57 58 8 57 126 8 57 126 9 84 126 9 84 126 8 84 30 8 85 30 8 85 30 1 85 30 0
12 7 79 0 7 79 1 7 79 8 6 79 8 6 127 8 6 127 9 279 127 9 279 127 8 279 37 8 280 37 8 280 37 1 280 37 0
12 106 9 0 106 9 1 106 9 4 105 9 4 105 141 4 105 141 5 228 141 5 228 141 4 228 30 4 229 30 4 229 30 1 229 30 0
13 88 58 0 88 58 1 88 58 6 87 58 6 87 134 6 87 134 7 171 134 7 171 134 6 171 38 6 172 38 6 172 38 1 172 38 0 172 37 0
13 202 2 0 202 3 0 202 3 1 202 3 10 201 3 10 201 121 10 201 121 11 207 121 11 207 121 10 207 30 10 208 30 10 208 30 1 208 30 0
12 19 58 0 19 58 1 19 58 6 18 58 6 18 135 6 18 135 7 252 135 7 252 135 6 252 86 6 253 86 6 253 86 1 253 86 0
12 157 93 0 157 93 1 157 93 10 156 93 10 156 122 10 156 122 11 252 122 11 252 122 10 252 23 10 253 23 10 253 23 1 253 23 0
13 40 93 0 40 94 0 40 94 1 40 94 12 39 94 12 39 112 12 39 112 13 108 112 13 108 112 12 108 93 12 109 93 12 109 93 1 109 93 0
12 307 44 0 307 44 1 307 44 6 306 44 6 306 136 6 306 136 7 330 136 7 330 136 6 330 16 6 331 16 6 331 16 1 331 16 0
12 1 44 0 1 44 1 1 44 14 0 44 14 0 103 14 0 103 15 156 103 15 156 103 14 156 79 14 157 79 14 157 79 1 157 79 0
12 22 23 0 22 23 1 22 23 12 21 23 12 21 113 12 21 113 13 120 113 13 120 113 12 120 79 12 121 79 12 121 79 1 121 79 0
13 271 23 0 271 24 0 271 24 1 271 24 10 270 24 10 270 123 10 270 123 11 303 123 11 303 123 10 303 58 10 304 58 10 304 58 1 304 58 0
12 19 23 0 19 23 1 19 23 2 18 23 2 18 144 2 18 144 3 93 144 3 93 144 2 93 72 2 94 72 2 94 72 1 94 72 0
13 187 23 0 187 24 0 187 24 1 187 24 8 186 24 8 186 128 8 186 128 9 192 128 9 192 128 8 192 79 8 193 79 8 193 79 1 193 79 0
13 250 51 0 250 52 0 250 52 1 250 52 14 249 52 14 249 104 14 249 104 15 321 104 15 321 104 14 321 44 14 322 44 14 322 44 1 322 44 0
13 7 58 0 7 58 1 7 58 10 6 58 10 6 124 10 6 124 11 273 124 11 273 124 10 273 66 10 274 66 10 274 66 1 274 66 0 274 65 0
12 82 2 0 82 2 1 82 2 10 81 2 10 81 125 10 81 125 11 210 125 11 210 125 10 210 23 10 211 23 10 211 23 1 211 23 0
12 22 86 0 22 86 1 22 86 14 21 86 14 21 105 14 21 105 15 174 105 15 174 105 14 174 16 14 175 16 14 175 16 1 175 16 0
12 130 37 0 130 37 1 130 37 10 129 37 10 129 126 10 129 126 11 204 126 11 204 126 10 204 23 10 205 23 10 205 23 1 205 23 0
13 52 58 0 52 58 1 52 58 12 51 58 12 51 114 12 51 114 13 96 114 13 96 114 12 96 52 12 97 52 12 97 52 1 97 52 0 97 51 0
13 112 65 0 112 66 0 112 66 1 112 66 14 111 66 14 111 106 14 111 106 15 234 106 15 234 106 14 234 72 14 235 72 14 235 72 1 235 72 0
12 154 30 0 154 30 1 154 30 10 153 30 10 153 127 10 153 127 11 285 127 11 285 127 10 285 37 10 286 37 10 286 37 1 286 37 0
15 7 86 0 6 86 0 6 88 0 7 88 0 7 88 1 7 88 14 6 88 14 6 107 14 6 107 15 39 107 15 39 107 14 39 44 14 40 44 14 40 44 1 40 44 0
13 142 30 0 142 30 1 142 30 18 141 30 18 141 101 18 141 101 19 195 101 19 195 101 18 195 59 18 196 59 18 196 59 1 196 59 0 196 58 0
12 58 79 0 58 79 1 58 79 12 57 79 12 57 115 12 57 115 13 60 115 13 60 115 12 60 2 12 61 2 12 61 2 1 61 2 0
13 208 44 0 208 45 0 208 45 1 208 45 8 207 45 8 207 129 8 207 129 9 231 129 9 231 129 8 231 16 8 232 16 8 232 16 1 232 16 0
13 253 72 0 253 72 1 253 72 14 252 72 14 252 108 14 252 108 15 276 108 15 276 108 14 276 59 14 277 59 14 277 59 1 277 59 0 277 58 0
12 106 44 0 106 44 1 106 44 12 105 44 12 105 116 12 105 116 13 303 116 13 303 116 12 303 16 12 304 16 12 304 16 1 304 16 0
12 43 79 0 43 79 1 43 79 8 42 79 8 42 130 8 42 130 9 102 130 9 102 130 8 102 9 8 103 9 8 103 9 1 103 9 0
12 154 65 0 154 65 1 154 65 12 153 65 12 153 117 12 153 117 13 333 117 13 333 117 12 333 58 12 334 58 12 334 58 1 334 58 0
13 19 2 0 19 2 1 19 2 10 18 2 10 18 128 10 18 128 11 333 128 11 333 128 10 333 87 10 334 87 10 334 87 1 334 87 0 334 86 0
13 271 44 0 271 44 1 271 44 12 270 44 12 270 118 12 270 118 13 330 118 13 330 118 12 330 31 12 331 31 12 331 31 1 331 31 0 331 30 0
12 139 37 0 139 37 1 139 37 14 138 37 14 138 109 14 138 109 15 339 109 15 339 109 14 339 23 14 340 23 14 340 23 1 340 23 0
13 37 44 0 37 45 0 37 45 1 37 45 14 36 45 14 36 110 14 36 110 15 204 110 15 204 110 14 204 93 14 205 93 14 205 93 1 205 93 0
13 79 37 0 79 38 0 79 38 1 79 38 6 78 38 6 78 137 6 78 137 7 279 137 7 279 137 6 279 65 6 280 65 6 280 65 1 280 65 0
12 136 65 0 136 65 1 136 65 2 135 65 2 135 145 2 135 145 3 300 145 3 300 145 2 300 72 2 301 72 2 301 72 1 301 72 0
12 115 30 0 115 30 1 115 30 6 114 30 6 114 138 6 114 138 7 276 138 7 276 138 6 276 79 6 277 79 6 277 79 1 277 79 0
13 31 30 0 31 30 1 31 30 14 30 30 14 30 111 14 30 111 15 258 111 15 258 111 14 258 52 14 259 52 14 259 52 1 259 52 0 259 51 0
12 76 44 0 76 44 1 76 44 14 75 44 14 75 112 14 75 112 15 93 112 15 93 112 14 93 30 14 94 30 14 94 30 1 94 30 0
12 298 93 0 298 93 1 298 93 14 297 93 14 297 113 14 297 113 15 324 113 15 324 113 14 324 93 14 325 93 14 325 93 1 325 93 0
14 1 51 0 1 52 0 1 52 1 1 52 16 0 52 16 0 102 16 0 102 17 141 102 17 141 102 16 141 31 16 142 31 16 142 31 1 142 31 0 142 30 0
13 7 86 0 7 85 0 7 85 1 7 85 16 6 85 16 6 103 16 6 103 17 39 103 17 39 103 16 39 9 16 40 9 16 40 9 1 40 9 0
15 1 58 0 1 58 1 1 58 18 0 58 18 0 102 18 0 102 19 84 102 19 84 102 18 84 46 18 85 46 18 85 46 1 85 46 0 84 46 0 84 44 0 85 44 0
13 31 79 0 31 79 1 31 79 2 30 79 2 30 146 2 30 146 3 291 146 3 291 146 2 291 31 2 292 31 2 292 31 1 292 31 0 292 30 0
13 22 72 0 22 72 1 22 72 20 21 72 20 21 99 20 21 99 21 213 99 21 213 99 20 213 52 20 214 52 20 214 52 1 214 52 0 214 51 0
15 253 37 0 253 37 1 253 37 16 252 37 16 252 104 16 252 104 17 288 104 17 288 104 16 288 25 16 289 25 16 289 25 1 289 25 0 288 25 0 288 23 0 289 23 0
13 109 79 0 109 80 0 109 80 1 109 80 16 108 80 16 108 105 16 108 105 17 297 105 17 297 105 16 297 79 16 298 79 16 298 79 1 298 79 0
13 7 9 0 7 9 1 7 9 18 6 9 18 6 103 18 6 103 19 96 103 19 96 103 18 96 3 18 97 3 18 97 3 1 97 3 0 97 2 0
13 64 30 0 64 30 1 64 30 18 63 30 18 63 104 18 63 104 19 297 104 19 297 104 18 297 94 18 298 94 18 298 94 1 298 94 0 298 93 0
12 55 65 0 55 65 1 55 65 6 54 65 6 54 139 6 54 139 7 231 139 7 231 139 6 231 86 6 232 86 6 232 86 1 232 86 0
13 52 58 0 52 59 0 52 59 1 52 59 16 51 59 16 51 106 16 51 106 17 171 106 17 171 106 16 171 16 16 172 16 16 172 16 1 172 16 0
13 58 16 0 58 16 1 58 16 14 57 16 14 57 114 14 57 114 15 153 114 15 153 114 14 153 45 14 154 45 14 154 45 1 154 45 0 154 44 0
12 154 37 0 154 37 1 154 37 16 153 37 16 153 107 16 153 107 17 303 107 17 303 107 16 303 37 16 304 37 16 304 37 1 304 37 0
12 148 72 0 148 72 1 148 72 14 147 72 14 147 115 14 147 115 15 270 115 15 270 115 14 270 37 14 271 37 14 271 37 1 271 37 0
16 28 37 0 27 37 0 27 39 0 28 39 0 28 39 1 28 39 12 27 39 12 27 119 12 27 119 13 69 119 13 69 119 12 69 17 12 70 17 12 70 17 1 70 17 0 70 16 0
12 187 9 0 187 9 1 187 9 12 186 9 12 186 120 12 186 120 13 255 120 13 255 120 12 255 23 12 256 23 12 256 23 1 256 23 0
13 235 65 0 235 66 0 235 66 1 235 66 12 234 66 12 234 121 12 234 121 13 339 121 13 339 121 12 339 44 12 340 44 12 340 44 1 340 44 0
12 187 37 0 187 37 1 187 37 14 186 37 14 186 116 14 186 116 15 288 116 15 288 116 14 288 58 14 289 58 14 289 58 1 289 58 0
12 271 93 0 271 93 1 271 93 8 270 93 8 270 131 8 270 131 9 309 131 9 309 131 8 309 79 8 310 79 8 310 79 1 310 79 0
13 7 79 0 7 80 0 7 80 1 7 80 12 6 80 12 6 122 12 6 122 13 300 122 13 300 122 12 300 2 12 301 2 12 301 2 1 301 2 0
15 163 93 0 163 93 1 163 93 4 162 93 4 162 142 4 162 142 5 291 142 5 291 142 4 291 32 4 292 32 4 292 32 1 292 32 0 291 32 0 291 30 0 292 30 0
12 124 65 0 124 65 1 124 65 12 123 65 12 123 123 12 123 123 13 126 123 13 126 123 12 126 2 12 127 2 12 127 2 1 127 2 0
13 1 37 0 1 38 0 1 38 1 1 38 20 0 38 20 0 100 20 0 100 21 129 100 21 129 100 20 129 65 20 130 65 20 130 65 1 130 65 0
12 217 23 0 217 23 1 217 23 10 216 23 10 216 129 10 216 129 11 330 129 11 330 129 10 330 79 10 331 79 10 331 79 1 331 79 0
14 196 44 0 196 45 0 196 45 1 196 45 20 195 45 20 195 101 20 195 101 21 330 101 21 330 101 20 330 17 20 331 17 20 331 17 1 331 17 0 331 16 0
12 154 16 0 154 16 1 154 16 18 153 16 18 153 105 18 153 105 19 327 105 19 327 105 18 327 2 18 328 2 18 328 2 1 328 2 0
13 112 16 0 112 16 1 112 16 10 111 16 10 111 130 10 111 130 11 279 130 11 279 130 10 279 80 10 280 80 10 280 80 1 280 80 0 280 79 0
14 118 23 0 118 24 0 118 24 1 118 24 12 117 24 12 117 124 12 117 124 13 147 124 13 147 124 12 147 52 12 148 52 12 148 52 1 148 52 0 148 51 0
13 49 37 0 49 37 1 49 37 2 48 37 2 48 147 2 48 147 3 132 147 3 132 147 2 132 38 2 133 38 2 133 38 1 133 38 0 133 37 0
13 82 30 0 82 30 1 82 30 6 81 30 6 81 140 6 81 140 7 183 140 7 183 140 6 183 66 6 184 66 6 184 66 1 184 66 0 184 65 0
13 70 58 0 70 59 0 70 59 1 70 59 22 69 59 22 69 99 22 69 99 23 195 99 23 195 99 22 195 72 22 196 72 22 196 72 1 196 72 0
13 220 16 0 220 16 1 220 16 12 219 16 12 219 125 12 219 125 13 321 125 13 321 125 12 321 3 12 322 3 12 322 3 1 322 3 0 322 2 0
12 121 58 0 121 58 1 121 58 8 120 58 8 120 132 8 120 132 9 318 132 9 318 132 8 318 65 8 319 65 8 319 65 1 319 65 0
12 217 9 0 217 9 1 217 9 12 216 9 12 216 126 12 216 126 13 258 126 13 258 126 12 258 93 12 259 93 12 259 93 1 259 93 0
12 226 30 0 226 30 1 226 30 10 225 30 10 225 131 10 225 131 11 294 131 11 294 131 10 294 37 10 295 37 10 295 37 1 295 37 0
12 211 2 0 211 2 1 211 2 8 210 2 8 210 133 8 210 133 9 306 133 9 306 133 8 306 65 8 307 65 8 307 65 1 307 65 0
12 1 93 0 1 93 1 1 93 22 0 93 22 0 100 22 0 100 23 78 100 23 78 100 22 78 2 22 79 2 22 79 2 1 79 2 0
13 22 16 0 22 17 0 22 17 1 22 17 16 21 17 16 21 108 16 21 108 17 162 108 17 162 108 16 162 23 16 163 23 16 163 23 1 163 23 0
12 10 2 0 10 2 1 10 2 14 9 2 14 9 117 14 9 117 15 105 117 15 105 117 14 105 58 14 106 58 14 106 58 1 106 58 0
13 7 30 0 7 30 1 7 30 22 6 30 22 6 101 22 6 101 23 129 101 23 129 101 22 129 94 22 130 94 22 130 94 1 130 94 0 130 93 0
14 106 58 0 106 59 0 106 59 1 106 59 18 105 59 18 105 106 18 105 106 19 303 106 19 303 106 18 303 10 18 304 10 18 304 10 1 304 10 0 304 9 0
13 211 86 0 211 86 1 211 86 22 210 86 22 210 102 22 210 102 23 213 102 23 213 102 22 213 59 22 214 59 22 214 59 1 214 59 0 214 58 0
14 154 23 0 154 24 0 154 24 1 154 24 20 153 24 20 153 102 20 153 102 21 228 102 21 228 102 20 228 59 20 229 59 20 229 59 1 229 59 0 229 58 0
12 220 37 0 220 37 1 220 37 4 219 37 4 219 143 4 219 143 5 300 143 5 300 143 4 300 37 4 301 37 4 301 37 1 301 37 0
15 259 9 0 258 9 0 258 11 0 259 11 0 259 11 1 259 11 20 258 11 20 258 103 20 258 103 21 297 103 21 297 103 20 297 51 20 298 51 20 298 51 1 298 51 0
12 1 86 0 1 86 1 1 86 24 0 86 24 0 99 24 0 99 25 246 99 25 246 99 24 246 9 24 247 9 24 247 9 1 247 9 0
13 61 2 0 61 3 0 61 3 1 61 3 8 60 3 8 60 134 8 60 134 9 312 134 9 312 134 8 312 79 8 313 79 8 313 79 1 313 79 0
16 229 30 0 229 31 0 229 31 1 229 31 14 228 31 14 228 118 14 228 118 15 303 118 15 303 118 14 303 11 14 304 11 14 304 11 1 304 11 0 303 11 0 303 9 0 304 9 0
13 106 44 0 106 45 0 106 45 1 106 45 6 105 45 6 105 141 6 105 141 7 180 141 7 180 141 6 180 93 6 181 93 6 181 93 1 181 93 0
12 223 44 0 223 44 1 223 44 12 222 44 12 222 127 12 222 127 13 324 127 13 324 127 12 324 86 12 325 86 12 325 86 1 325 86 0
14 85 44 0 85 43 0 85 43 1 85 43 12 84 43 12 84 128 12 84 128 13 201 128 13 201 128 12 201 59 12 202 59 12 202 59 1 202 59 0 202 58 0
15 118 23 0 117 23 0 117 25 0 118 25 0 118 25 1 118 25 18 117 25 18 117 107 18 117 107 19 288 107 19 288 107 18 288 2 18 289 2 18 289 2 1 289 2 0
13 250 9 0 250 10 0 250 10 1 250 10 4 249 10 4 249 144 4 249 144 5 252 144 5 252 144 4 252 2 4 253 2 4 253 2 1 253 2 0
12 169 58 0 169 58 1 169 58 6 168 58 6 168 142 6 168 142 7 270 142 7 270 142 6 270 2 6 271 2 6 271 2 1 271 2 0
13 274 51 0 274 51 1 274 51 22 273 51 22 273 103 22 273 103 23 297 103 23 297 103 22 297 80 22 298 80 22 298 80 1 298 80 0 298 79 0
15 37 44 0 36 44 0 36 46 0 37 46 0 37 46 1 37 46 16 36 46 16 36 109 16 36 109 17 84 109 17 84 109 16 84 72 16 85 72 16 85 72 1 85 72 0
14 22 86 0 22 87 0 22 87 1 22 87 18 21 87 18 21 108 18 21 108 19 135 108 19 135 108 18 135 52 18 136 52 18 136 52 1 136 52 0 136 51 0
13 322 44 0 322 45 0 322 45 1 322 45 16 321 45 16 321 110 16 321 110 17 336 110 17 336 110 16 336 37 16 337 37 16 337 37 1 337 37 0
13 211 65 0 211 65 1 211 65 24 210 65 24 210 100 24 210 100 25 297 100 25 297 100 24 297 73 24 298 73 24 298 73 1 298 73 0 298 72 0
13 112 93 0 112 93 1 112 93 16 111 93 16 111 111 16 111 111 17 231 111 17 231 111 16 231 52 16 232 52 16 232 52 1 232 52 0 232 51 0
12 1 9 0 1 9 1 1 9 26 0 9 26 0 99 26 0 99 27 105 99 27 105 99 26 105 16 26 106 16 26 106 16 1 106 16 0
13 43 30 0 43 30 1 43 30 12 42 30 12 42 129 12 42 129 13 210 129 13 210 129 12 210 38 12 211 38 12 211 38 1 211 38 0 211 37 0
12 40 30 0 40 30 1 40 30 18 39 30 18 39 109 18 39 109 19 276 109 19 276 109 18 276 65 18 277 65 18 277 65 1 277 65 0
13 175 37 0 175 37 1 175 37 16 174 37 16 174 112 16 174 112 17 276 112 17 276 112 16 276 10 16 277 10 16 277 10 1 277 10 0 277 9 0
12 184 16 0 184 16 1 184 16 14 183 16 14 183 119 14 183 119 15 330 119 15 330 119 14 330 44 14 331 44 14 331 44 1 331 44 0
13 148 16 0 148 16 1 148 16 16 147 16 16 147 113 16 147 113 17 330 113 17 330 113 16 330 94 16 331 94 16 331 94 1 331 94 0 331 93 0
14 121 72 0 121 73 0 121 73 1 121 73 6 120 73 6 120 143 6 120 143 7 165 143 7 165 143 6 165 31 6 166 31 6 166 31 1 166 31 0 166 30 0
14 106 2 0 106 3 0 106 3 1 106 3 16 105 3 16 105 114 16 105 114 17 333 114 17 333 114 16 333 38 16 334 38 16 334 38 1 334 38 0 334 37 0
13 31 51 0 31 51 1 31 51 20 30 51 20 30 104 20 30 104 21 84 104 21 84 104 20 84 73 20 85 73 20 85 73 1 85 73 0 85 72 0
13 166 2 0 166 2 1 166 2 14 165 2 14 165 120 14 165 120 15 255 120 15 255 120 14 255 38 14 256 38 14 256 38 1 256 38 0 256 37 0
12 37 72 0 37 72 1 37 72 18 36 72 18 36 110 18 36 110 19 138 110 19 138 110 18 138 79 18 139 79 18 139 79 1 139 79 0
13 85 65 0 85 65 1 85 65 14 84 65 14 84 121 14 84 121 15 180 121 15 180 121 14 180 3 14 181 3 14 181 3 1 181 3 0 181 2 0
12 235 86 0 235 86 1 235 86 8 234 86 8 234 135 8 234 135 9 261 135 9 261 135 8 261 79 8 262 79 8 262 79 1 262 79 0
13 217 79 0 217 80 0 217 80 1 217 80 16 216 80 16 216 115 16 216 115 17 324 115 17 324 115 16 324 44 16 325 44 16 325 44 1 325 44 0
12 34 65 0 34 65 1 34 65 20 33 65 20 33 105 20 33 105 21 273 105 21 273 105 20 273 86 20 274 86 20 274 86 1 274 86 0
13 19 58 0 19 59 0 19 59 1 19 59 8 18 59 8 18 136 8 18 136 9 126 136 9 126 136 8 126 65 8 127 65 8 127 65 1 127 65 0
13 118 86 0 118 87 0 118 87 1 118 87 24 117 87 24 117 101 24 117 101 25 195 101 25 195 101 24 195 79 24 196 79 24 196 79 1 196 79 0
12 163 51 0 163 51 1 163 51 12 162 51 12 162 130 12 162 130 13 306 130 13 306 130 12 306 79 12 307 79 12 307 79 1 307 79 0
13 295 79 0 295 80 0 295 80 1 295 80 8 294 80 8 294 137 8 294 137 9 300 137 9 300 137 8 300 23 8 301 23 8 301 23 1 301 23 0
12 139 51 0 139 51 1 139 51 16 138 51 16 138 116 16 138 116 17 207 116 17 207 116 16 207 86 16 208 86 16 208 86 1 208 86 0
12 250 30 0 250 30 1 250 30 18 249 30 18 249 111 18 249 111 19 330 111 19 330 111 18 330 37 18 331 37 18 331 37 1 331 37 0
13 157 44 0 157 45 0 157 45 1 157 45 18 156 45 18 156 112 18 156 112 19 162 112 19 162 112 18 162 2 18 163 2 18 163 2 1 163 2 0
15 166 93 0 165 93 0 165 95 0 166 95 0 166 95 1 166 95 10 165 95 10 165 132 10 165 132 11 186 132 11 186 132 10 186 2 10 187 2 10 187 2 1 187 2 0
12 7 93 0 7 93 1 7 93 20 6 93 20 6 106 20 6 106 21 222 106 21 222 106 20 222 2 20 223 2 20 223 2 1 223 2 0
16 271 37 0 271 38 0 271 38 1 271 38 16 270 38 16 270 117 16 270 117 17 279 117 17 279 117 16 279 81 16 280 81 16 280 81 1 280 81 0 279 81 0 279 79 0 280 79 0
12 46 9 0 46 9 1 46 9 4 45 9 4 45 145 4 45 145 5 264 145 5 264 145 4 264 30 4 265 30 4 265 30 1 265 30 0
13 157 86 0 157 86 1 157 86 16 156 86 16 156 118 16 156 118 17 282 118 17 282 118 16 282 31 16 283 31 16 283 31 1 283 31 0 283 30 0
13 7 30 0 7 31 0 7 31 1 7 31 24 6 31 24 6 102 24 6 102 25 318 102 25 318 102 24 318 44 24 319 44 24 319 44 1 319 44 0
15 154 23 0 153 23 0 153 25 0 154 25 0 154 25 1 154 25 22 153 25 22 153 104 22 153 104 23 219 104 23 219 104 22 219 93 22 220 93 22 220 93 1 220 93 0
13 268 86 0 268 86 1 268 86 18 267 86 18 267 113 18 267 113 19 270 113 19 270 113 18 270 94 18 271 94 18 271 94 1 271 94 0 271 93 0
13 145 44 0 145 44 1 145 44 18 144 44 18 144 114 18 144 114 19 147 114 19 147 114 18 147 87 18 148 87 18 148 87 1 148 87 0 148 86 0
12 49 58 0 49 58 1 49 58 8 48 58 8 48 138 8 48 138 9 327 138 9 327 138 8 327 51 8 328 51 8 328 51 1 328 51 0
14 145 2 0 145 3 0 145 3 1 145 3 16 144 3 16 144 119 16 144 119 17 246 119 17 246 119 16 246 10 16 247 10 16 247 10 1 247 10 0 247 9 0
12 142 58 0 142 58 1 142 58 20 141 58 20 141 107 20 141 107 21 186 107 21 186 107 20 186 58 20 187 58 20 187 58 1 187 58 0
8 250 2 0 250 2 1 250 2 2 251 2 2 251 23 2 250 23 2 250 23 1 250 23 0
13 34 44 0 34 44 1 34 44 22 33 44 22 33 105 22 33 105 23 45 105 23 45 105 22 45 94 22 46 94 22 46 94 1 46 94 0 46 93 0
13 10 2 0 10 3 0 10 3 1 10 3 20 9 3 20 9 108 20 9 108 21 162 108 21 162 108 20 162 44 20 163 44 20 163 44 1 163 44 0
12 229 93 0 229 93 1 229 93 8 228 93 8 228 139 8 228 139 9 264 139 9 264 139 8 264 16 8 265 16 8 265 16 1 265 16 0
13 223 16 0 223 17 0 223 17 1 223 17 10 222 17 10 222 133 10 222 133 11 291 133 11 291 133 10 291 44 10 292 44 10 292 44 1 292 44 0
13 25 30 0 25 30 1 25 30 18 24 30 18 24 115 18 24 115 19 111 115 19 111 115 18 111 94 18 112 94 18 112 94 1 112 94 0 112 93 0
12 166 86 0 166 86 1 166 86 12 165 86 12 165 131 12 165 131 13 309 131 13 309 131 12 309 37 12 310 37 12 310 37 1 310 37 0
12 112 23 0 112 23 1 112 23 20 111 23 20 111 109 20 111 109 21 270 109 21 270 109 20 270 86 20 271 86 20 271 86 1 271 86 0
13 28 65 0 28 65 1 28 65 14 27 65 14 27 122 14 27 122 15 177 122 15 177 122 14 177 10 14 178 10 14 178 10 1 178 10 0 178 9 0
12 103 65 0 103 65 1 103 65 2 102 65 2 102 148 2 102 148 3 222 148 3 222 148 2 222 58 2 223 58 2 223 58 1 223 58 0
13 31 2 0 31 2 1 31 2 16 30 2 16 30 120 16 30 120 17 159 120 17 159 120 16 159 80 16 160 80 16 160 80 1 160 80 0 160 79 0
12 226 51 0 226 51 1 226 51 16 225 51 16 225 121 16 225 121 17 327 121 17 327 121 16 327 65 16 328 65 16 328 65 1 328 65 0
12 28 58 0 28 58 1 28 58 18 27 58 18 27 116 18 27 116 19 207 116 19 207 116 18 207 65 18 208 65 18 208 65 1 208 65 0
13 154 65 0 154 66 0 154 66 1 154 66 24 153 66 24 153 103 24 153 103 25 288 103 25 288 103 24 288 93 24 289 93 24 289 93 1 289 93 0
13 73 93 0 73 93 1 73 93 4 72 93 4 72 146 4 72 146 5 81 146 5 81 146 4 81 38 4 82 38 4 82 38 1 82 38 0 82 37 0
12 49 72 0 49 72 1 49 72 10 48 72 10 48 134 10 48 134 11 54 134 11 54 134 10 54 9 10 55 9 10 55 9 1 55 9 0
15 85 44 0 86 44 0 86 42 0 85 42 0 85 42 1 85 42 10 84 42 10 84 135 10 84 135 11 105 135 11 105 135 10 105 37 10 106 37 10 106 37 1 106 37 0
13 229 23 0 229 23 1 229 23 16 228 23 16 228 122 16 228 122 17 339 122 17 339 122 16 339 17 16 340 17 16 340 17 1 340 17 0 340 16 0
13 196 9 0 196 9 1 196 9 26 195 9 26 195 100 26 195 100 27 219 100 27 219 100 26 219 94 26 220 94 26 220 94 1 220 94 0 220 93 0
15 178 9 0 177 9 0 177 11 0 178 11 0 178 11 1 178 11 16 177 11 16 177 123 16 177 123 17 306 123 17 306 123 16 306 93 16 307 93 16 307 93 1 307 93 0
13 58 79 0 58 80 0 58 80 1 58 80 16 57 80 16 57 124 16 57 124 17 189 124 17 189 124 16 189 44 16 190 44 16 190 44 1 190 44 0
12 85 93 0 85 93 1 85 93 22 84 93 22 84 106 22 84 106 23 192 106 23 192 106 22 192 51 22 193 51 22 193 51 1 193 51 0
14 37 72 0 37 73 0 37 73 1 37 73 12 36 73 12 36 132 12 36 132 13 75 132 13 75 132 12 75 52 12 76 52 12 76 52 1 76 52 0 76 51 0
12 265 44 0 265 44 1 265 44 14 264 44 14 264 123 14 264 123 15 306 123 15 306 123 14 306 9 14 307 9 14 307 9 1 307 9 0
12 106 86 0 106 86 1 106 86 20 105 86 20 105 110 20 105 110 21 315 110 21 315 110 20 315 86 20 316 86 20 316 86 1 316 86 0
13 100 23 0 100 23 1 100 23 20 99 23 20 99 111 20 99 111 21 147 111 21 147 111 20 147 17 20 148 17 20 148 17 1 148 17 0 148 16 0
13 148 65 0 148 65 1 148 65 24 147 65 24 147 104 24 147 104 25 213 104 25 213 104 24 213 87 24 214 87 24 214 87 1 214 87 0 214 86 0
15 157 9 0 156 9 0 156 11 0 157 11 0 157 11 1 157 11 20 156 11 20 156 112 20 156 112 21 216 112 21 216 112 20 216 2 20 217 2 20 217 2 1 217 2 0
12 109 58 0 109 58 1 109 58 8 108 58 8 108 140 8 108 140 9 336 140 9 336 140 8 336 65 8 337 65 8 337 65 1 337 65 0
15 25 86 0 25 86 1 25 86 10 24 86 10 24 136 10 24 136 11 249 136 11 249 136 10 249 11 10 250 11 10 250 11 1 250 11 0 249 11 0 249 9 0 250 9 0
13 4 86 0 4 86 1 4 86 10 3 86 10 3 137 10 3 137 11 75 137 11 75 137 10 75 87 10 76 87 10 76 87 1 76 87 0 76 86 0
12 229 44 0 229 44 1 229 44 12 228 44 12 228 133 12 228 133 13 246 133 13 246 133 12 246 2 12 247 2 12 247 2 1 247 2 0
12 13 9 0 13 9 1 13 9 10 12 9 10 12 138 10 12 138 11 237 138 11 237 138 10 237 23 10 238 23 10 238 23 1 238 23 0
12 22 79 0 22 79 1 22 79 22 21 79 22 21 107 22 21 107 23 54 107 23 54 107 22 54 72 22 55 72 22 55 72 1 55 72 0
13 199 51 0 199 51 1 199 51 14 198 51 14 198 124 14 198 124 15 318 124 15 318 124 14 318 66 14 319 66 14 319 66 1 319 66 0 319 65 0
15 241 51 0 241 51 1 241 51 14 240 51 14 240 125 14 240 125 15 333 125 15 333 125 14 333 88 14 334 88 14 334 88 1 334 88 0 333 88 0 333 86 0 334 86 0
12 118 44 0 118 44 1 118 44 22 117 44 22 117 108 22 117 108 23 228 108 23 228 108 22 228 37 22 229 37 22 229 37 1 229 37 0
13 76 65 0 76 65 1 76 65 16 75 65 16 75 125 16 75 125 17 273 125 17 273 125 16 273 80 16 274 80 16 274 80 1 274 80 0 274 79 0
12 133 44 0 133 44 1 133 44 14 132 44 14 132 126 14 132 126 15 216 126 15 216 126 14 216 93 14 217 93 14 217 93 1 217 93 0
12 124 86 0 124 86 1 124 86 4 123 86 4 123 147 4 123 147 5 318 147 5 318 147 4 318 9 4 319 9 4 319 9 1 319 9 0
13 28 16 0 28 16 1 28 16 8 27 16 8 27 141 8 27 141 9 273 141 9 273 141 8 273 52 8 274 52 8 274 52 1 274 52 0 274 51 0
15 208 44 0 207 44 0 207 46 0 208 46 0 208 46 1 208 46 20 207 46 20 207 113 20 207 113 21 333 113 21 333 113 20 333 23 20 334 23 20 334 23 1 334 23 0
12 43 16 0 43 16 1 43 16 14 42 16 14 42 127 14 42 127 15 60 127 15 60 127 14 60 30 14 61 30 14 61 30 1 61 30 0
12 241 93 0 241 93 1 241 93 16 240 93 16 240 126 16 240 126 17 264 126 17 264 126 16 264 93 16 265 93 16 265 93 1 265 93 0
15 25 44 0 25 44 1 25 44 4 24 44 4 24 148 4 24 148 5 180 148 5 180 148 4 180 4 4 181 4 4 181 4 1 181 4 0 180 4 0 180 2 0 181 2 0
14 109 9 0 109 10 0 109 10 1 109 10 4 108 10 4 108 149 4 108 149 5 273 149 5 273 149 4 273 87 4 274 87 4 274 87 1 274 87 0 274 86 0
12 28 23 0 28 23 1 28 23 20 27 23 20 27 114 20 27 114 21 219 114 21 219 114 20 219 30 20 220 30 20 220 30 1 220 30 0
13 1 58 0 1 59 0 1 59 1 1 59 28 0 59 28 0 99 28 0 99 29 153 99 29 153 99 28 153 93 28 154 93 28 154 93 1 154 93 0
13 193 16 0 193 16 1 193 16 14 192 16 14 192 128 14 192 128 15 207 128 15 207 128 14 207 31 14 208 31 14 208 31 1 208 31 0 208 30 0
13 244 23 0 244 23 1 244 23 16 243 23 16 243 127 16 243 127 17 258 127 17 258 127 16 258 80 16 259 80 16 259 80 1 259 80 0 259 79 0
13 166 58 0 166 58 1 166 58 16 165 58 16 165 128 16 165 128 17 219 128 17 219 128 16 219 31 16 220 31 16 220 31 1 220 31 0 220 30 0
12 4 58 0 4 58 1 4 58 16 3 58 16 3 129 16 3 129 17 186 129 17 186 129 16 186 30 16 187 30 16 187 30 1 187 30 0
15 22 2 0 22 2 1 22 2 24 21 2 24 21 105 24 21 105 25 222 105 25 222 105 24 222 18 24 223 18 24 223 18 1 223 18 0 222 18 0 222 16 0 223 16 0
12 202 65 0 202 65 1 202 65 14 201 65 14 201 129 14 201 129 15 282 129 15 282 129 14 282 93 14 283 93 14 283 93 1 283 93 0
13 259 16 0 259 16 1 259 16 22 258 16 22 258 109 22 258 109 23 288 109 23 288 109 22 288 52 22 289 52 22 289 52 1 289 52 0 289 51 0
12 136 79 0 136 79 1 136 79 14 135 79 14 135 130 14 135 130 15 300 130 15 300 130 14 300 16 14 301 16 14 301 16 1 301 16 0
13 22 30 0 22 31 0 22 31 1 22 31 26 21 31 26 21 101 26 21 101 27 267 101 27 267 101 26 267 65 26 268 65 26 268 65 1 268 65 0
12 112 79 0 112 79 1 112 79 22 111 79 22 111 110 22 111 110 23 180 110 23 180 110 22 180 86 22 181 86 22 181 86 1 181 86 0
13 265 9 0 265 9 1 265 9 10 264 9 10 264 139 10 264 139 11 327 139 11 327 139 10 327 52 10 328 52 10 328 52 1 328 52 0 328 51 0
14 1 86 0 1 87 0 1 87 1 1 87 30 0 87 30 0 99 30 0 99 31 264 99 31 264 99 30 264 31 30 265 31 30 265 31 1 265 31 0 265 30 0
12 154 86 0 154 86 1 154 86 26 153 86 26 153 102 26 153 102 27 156 102 27 156 102 26 156 2 26 157 2 26 157 2 1 157 2 0
13 58 65 0 58 65 1 58 65 18 57 65 18 57 117 18 57 117 19 168 117 19 168 117 18 168 59 18 169 59 18 169 59 1 169 59 0 169 58 0
16 124 9 0 123 9 0 123 11 0 124 11 0 124 11 1 124 11 22 123 11 22 123 111 22 123 111 23 141 111 23 141 111 22 141 59 22 142 59 22 142 59 1 142 59 0 142 58 0
12 58 93 0 58 93 1 58 93 24 57 93 24 57 106 24 57 106 25 111 106 25 111 106 24 111 44 24 112 44 24 112 44 1 112 44 0
14 34 2 0 34 3 0 34 3 1 34 3 24 33 3 24 33 107 24 33 107 25 105 107 25 105 107 24 105 87 24 106 87 24 106 87 1 106 87 0 106 86 0
12 250 93 0 250 93 1 250 93 8 249 93 8 249 142 8 249 142 9 315 142 9 315 142 8 315 37 8 316 37 8 316 37 1 316 37 0
15 67 37 0 67 37 1 67 37 8 66 37 8 66 143 8 66 143 9 342 143 9 342 143 8 342 4 8 343 4 8 343 4 1 343 4 0 342 4 0 342 2 0 343 2 0
13 100 44 0 100 44 1 100 44 6 99 44 6 99 144 6 99 144 7 174 144 7 174 144 6 174 17 6 175 17 6 175 17 1 175 17 0 175 16 0
15 211 37 0 210 37 0 210 39 0 211 39 0 211 39 1 211 39 18 210 39 18 210 118 18 210 118 19 339 118 19 339 118 18 339 51 18 340 51 18 340 51 1 340 51 0
14 196 86 0 196 87 0 196 87 1 196 87 28 195 87 28 195 100 28 195 100 29 279 100 29 279 100 28 279 78 28 280 78 28 280 78 1 280 78 0 280 79 0
13 124 93 0 124 94 0 124 94 1 124 94 30 123 94 30 123 100 30 123 100 31 195 100 31 195 100 30 195 30 30 196 30 30 196 30 1 196 30 0
13 256 16 0 256 16 1 256 16 26 255 16 26 255 103 26 255 103 27 297 103 27 297 103 26 297 52 26 298 52 26 298 52 1 298 52 0 298 51 0
12 70 30 0 70 30 1 70 30 6 69 30 6 69 145 6 69 145 7 300 145 7 300 145 6 300 30 6 301 30 6 301 30 1 301 30 0
14 208 2 0 208 3 0 208 3 1 208 3 22 207 3 22 207 112 22 207 112 23 333 112 23 333 112 22 333 85 22 334 85 22 334 85 1 334 85 0 334 86 0
12 151 86 0 151 86 1 151 86 6 150 86 6 150 146 6 150 146 7 162 146 7 162 146 6 162 65 6 163 65 6 163 65 1 163 65 0
13 22 51 0 22 51 1 22 51 2 21 51 2 21 149 2 21 149 3 111 149 3 111 149 2 111 17 2 112 17 2 112 17 1 112 17 0 112 16 0
14 115 30 0 115 31 0 115 31 1 115 31 20 114 31 20 114 115 20 114 115 21 288 115 21 288 115 20 288 66 20 289 66 20 289 66 1 289 66 0 289 65 0
12 130 23 0 130 23 1 130 23 18 129 23 18 129 119 18 129 119 19 171 119 19 171 119 18 171 58 18 172 58 18 172 58 1 172 58 0
13 184 86 0 184 86 1 184 86 12 183 86 12 183 134 12 183 134 13 231 134 13 231 134 12 231 73 12 232 73 12 232 73 1 232 73 0 232 72 0
12 10 30 0 10 30 1 10 30 22 9 30 22 9 113 22 9 113 23 147 113 23 147 113 22 147 30 22 148 30 22 148 30 1 148 30 0
13 85 58 0 85 58 1 85 58 2 84 58 2 84 150 2 84 150 3 309 150 3 309 150 2 309 38 2 310 38 2 310 38 1 310 38 0 310 37 0
12 133 2 0 133 2 1 133 2 12 132 2 12 132 135 12 132 135 13 177 135 13 177 135 12 177 51 12 178 51 12 178 51 1 178 51 0
13 73 65 0 73 65 1 73 65 8 72 65 8 72 144 8 72 144 9 183 144 9 183 144 8 183 10 8 184 10 8 184 10 1 184 10 0 184 9 0
13 205 23 0 205 24 0 205 24 1 205 24 4 204 24 4 204 150 4 204 150 5 255 150 5 255 150 4 255 86 4 256 86 4 256 86 1 256 86 0
16 1 51 0 0 51 0 0 53 0 1 53 0 1 53 1 1 53 32 0 53 32 0 99 32 0 99 33 240 99 33 240 99 32 240 38 32 241 38 32 241 38 1 241 38 0 241 37 0
13 133 44 0 133 45 0 133 45 1 133 45 18 132 45 18 132 120 18 132 120 19 321 120 19 321 120 18 321 51 18 322 51 18 322 51 1 322 51 0
13 34 93 0 34 93 1 34 93 26 33 93 26 33 104 26 33 104 27 327 104 27 327 104 26 327 17 26 328 17 26 328 17 1 328 17 0 328 16 0
14 118 44 0 118 45 0 118 45 1 118 45 26 117 45 26 117 105 26 117 105 27 147 105 27 147 105 26 147 3 26 148 3 26 148 3 1 148 3 0 148 2 0
13 199 23 0 199 24 0 199 24 1 199 24 16 198 24 16 198 130 16 198 130 17 261 130 17 261 130 16 261 51 16 262 51 16 262 51 1 262 51 0
13 100 23 0 100 24 0 100 24 1 100 24 10 99 24 10 99 140 10 99 140 11 309 140 11 309 140 10 309 58 10 310 58 10 310 58 1 310 58 0
13 97 30 0 97 30 1 97 30 20 96 30 20 96 116 20 96 116 21 144 116 21 144 116 20 144 87 20 145 87 20 145 87 1 145 87 0 145 86 0
13 64 30 0 64 31 0 64 31 1 64 31 12 63 31 12 63 136 12 63 136 13 225 136 13 225 136 12 225 23 12 226 23 12 226 23 1 226 23 0
12 118 79 0 118 79 1 118 79 14 117 79 14 117 131 14 117 131 15 279 131 15 279 131 14 279 16 14 280 16 14 280 16 1 280 16 0
12 64 23 0 64 23 1 64 23 20 63 23 20 63 117 20 63 117 21 282 117 21 282 117 20 282 51 20 283 51 20 283 51 1 283 51 0
14 43 9 0 43 10 0 43 10 1 43 10 6 42 10 6 42 147 6 42 147 7 66 147 7 66 147 6 66 45 6 67 45 6 67 45 1 67 45 0 67 44 0
12 103 72 0 103 72 1 103 72 16 102 72 16 102 131 16 102 131 17 234 131 17 234 131 16 234 58 16 235 58 16 235 58 1 235 58 0
13 10 65 0 10 66 0 10 66 1 10 66 26 9 66 26 9 106 26 9 106 27 111 106 27 111 106 26 111 51 26 112 51 26 112 51 1 112 51 0
13 121 23 0 121 23 1 121 23 32 120 23 32 120 100 32 120 100 33 195 100 33 195 100 32 195 10 32 196 10 32 196 10 1 196 10 0 196 9 0
15 145 2 0 144 2 0 144 4 0 145 4 0 145 4 1 145 4 22 144 4 22 144 114 22 144 114 23 318 114 23 318 114 22 318 58 22 319 58 22 319 58 1 319 58 0
14 190 16 0 190 17 0 190 17 1 190 17 18 189 17 18 189 121 18 189 121 19 300 121 19 300 121 18 300 17 18 301 17 18 301 17 1 301 17 0 301 16 0
12 7 37 0 7 37 1 7 37 26 6 37 26 6 107 26 6 107 27 183 107 27 183 107 26 183 30 26 184 30 26 184 30 1 184 30 0
13 13 30 0 13 30 1 13 30 12 12 30 12 12 137 12 12 137 13 99 137 13 99 137 12 99 31 12 100 31 12 100 31 1 100 31 0 100 30 0
12 61 86 0 61 86 1 61 86 10 60 86 10 60 141 10 60 141 11 150 141 11 150 141 10 150 2 10 151 2 10 151 2 1 151 2 0
13 31 2 0 31 3 0 31 3 1 31 3 18 30 3 18 30 122 18 30 122 19 72 122 19 72 122 18 72 72 18 73 72 18 73 72 1 73 72 0
12 151 44 0 151 44 1 151 44 16 150 44 16 150 132 16 150 132 17 183 132 17 183 132 16 183 51 16 184 51 16 184 51 1 184 51 0
15 7 2 0 7 2 1 7 2 28 6 2 28 6 101 28 6 101 29 270 101 29 270 101 28 270 95 28 271 95 28 271 95 1 271 95 0 270 95 0 270 93 0 271 93 0
12 70 2 0 70 2 1 70 2 16 69 2 16 69 133 16 69 133 17 318 133 17 318 133 16 318 51 16 319 51 16 319 51 1 319 51 0
13 64 93 0 64 93 1 64 93 14 63 93 14 63 132 14 63 132 15 291 132 15 291 132 14 291 29 14 292 29 14 292 29 1 292 29 0 292 30 0
12 4 9 0 4 9 1 4 9 18 3 9 18 3 123 18 3 123 19 231 123 19 231 123 18 231 37 18 232 37 18 232 37 1 232 37 0
13 190 44 0 190 45 0 190 45 1 190 45 22 189 45 22 189 115 22 189 115 23 270 115 23 270 115 22 270 30 22 271 30 22 271 30 1 271 30 0
13 70 30 0 70 31 0 70 31 1 70 31 18 69 31 18 69 124 18 69 124 19 264 124 19 264 124 18 264 65 18 265 65 18 265 65 1 265 65 0
14 190 51 0 190 52 0 190 52 1 190 52 20 189 52 20 189 118 20 189 118 21 264 118 21 264 118 20 264 45 20 265 45 20 265 45 1 265 45 0 265 44 0
14 28 65 0 28 66 0 28 66 1 28 66 10 27 66 10 27 142 10 27 142 11 267 142 11 267 142 10 267 66 10 268 66 10 268 66 1 268 66 0 268 65 0
12 43 2 0 43 2 1 43 2 18 42 2 18 42 125 18 42 125 19 240 125 19 240 125 18 240 79 18 241 79 18 241 79 1 241 79 0
12 67 23 0 67 23 1 67 23 20 66 23 20 66 119 20 66 119 21 321 119 21 321 119 20 321 72 20 322 72 20 322 72 1 322 72 0
13 91 79 0 91 80 0 91 80 1 91 80 18 90 80 18 90 126 18 90 126 19 165 126 19 165 126 18 165 51 18 166 51 18 166 51 1 166 51 0
13 1 23 0 1 23 1 1 23 34 0 23 34 0 99 34 0 99 35 210 99 35 210 99 34 210 87 34 211 87 34 211 87 1 211 87 0 211 86 0
13 22 44 0 22 45 0 22 45 1 22 45 28 21 45 28 21 102 28 21 102 29 51 102 29 51 102 28 51 9 28 52 9 28 52 9 1 52 9 0
14 160 2 0 160 3 0 160 3 1 160 3 22 159 3 22 159 116 22 159 116 23 330 116 23 330 116 22 330 80 22 331 80 22 331 80 1 331 80 0 331 79 0
15 46 65 0 46 65 1 46 65 20 45 65 20 45 120 20 45 120 21 327 120 21 327 120 20 327 81 20 328 81 20 328 81 1 328 81 0 327 81 0 327 79 0 328 79 0
13 103 16 0 103 17 0 103 17 1 103 17 10 102 17 10 102 143 10 102 143 11 120 143 11 120 143 10 120 37 10 121 37 10 121 37 1 121 37 0
12 40 23 0 40 23 1 40 23 24 39 23 24 39 108 24 39 108 25 207 108 25 207 108 24 207 79 24 208 79 24 208 79 1 208 79 0
12 166 79 0 166 79 1 166 79 20 165 79 20 165 121 20 165 121 21 180 121 21 180 121 20 180 72 20 181 72 20 181 72 1 181 72 0
13 208 44 0 208 43 0 208 43 1 208 43 12 207 43 12 207 138 12 207 138 13 294 138 13 294 138 12 294 86 12 295 86 12 295 86 1 295 86 0
13 88 44 0 88 45 0 88 45 1 88 45 2 87 45 2 87 151 2 87 151 3 330 151 3 330 151 2 330 9 2 331 9 2 331 9 1 331 9 0
12 4 23 0 4 23 1 4 23 8 3 23 8 3 145 8 3 145 9 222 145 9 222 145 8 222 23 8 223 23 8 223 23 1 223 23 0
12 85 9 0 85 9 1 85 9 24 84 9 24 84 109 24 84 109 25 186 109 25 186 109 24 186 93 24 187 93 24 187 93 1 187 93 0
13 136 9 0 136 9 1 136 9 26 135 9 26 135 108 26 135 108 27 288 108 27 288 108 26 288 22 26 289 22 26 289 22 1 289 22 0 289 23 0
12 67 93 0 67 93 1 67 93 24 66 93 24 66 110 24 66 110 25 270 110 25 270 110 24 270 9 24 271 9 24 271 9 1 271 9 0
12 157 16 0 157 16 1 157 16 22 156 16 22 156 117 22 156 117 23 225 117 23 225 117 22 225 9 22 226 9 22 226 9 1 226 9 0
14 301 51 0 301 52 0 301 52 1 301 52 10 300 52 10 300 144 10 300 144 11 336 144 11 336 144 10 336 66 10 337 66 10 337 66 1 337 66 0 337 65 0
16 46 9 0 46 10 0 46 10 1 46 10 14 45 10 14 45 133 14 45 133 15 159 133 15 159 133 14 159 4 14 160 4 14 160 4 1 160 4 0 159 4 0 159 2 0 160 2 0
16 58 79 0 57 79 0 57 81 0 58 81 0 58 81 1 58 81 20 57 81 20 57 122 20 57 122 21 198 122 21 198 122 20 198 10 20 199 10 20 199 10 1 199 10 0 199 9 0
12 166 16 0 166 16 1 166 16 24 165 16 24 165 111 24 165 111 25 333 111 25 333 111 24 333 44 24 334 44 24 334 44 1 334 44 0
13 151 79 0 151 79 1 151 79 20 150 79 20 150 123 20 150 123 21 171 123 21 171 123 20 171 10 20 172 10 20 172 10 1 172 10 0 172 9 0
12 244 79 0 244 79 1 244 79 18 243 79 18 243 127 18 243 127 19 333 127 19 333 127 18 333 93 18 334 93 18 334 93 1 334 93 0
13 4 65 0 4 65 1 4 65 22 3 65 22 3 118 22 3 118 23 171 118 23 171 118 22 171 66 22 172 66 22 172 66 1 172 66 0 172 65 0
14 67 93 0 67 94 0 67 94 1 67 94 16 66 94 16 66 134 16 66 134 17 192 134 17 192 134 16 192 73 16 193 73 16 193 73 1 193 73 0 193 72 0
15 46 30 0 46 30 1 46 30 18 45 30 18 45 128 18 45 128 19 108 128 19 108 128 18 108 11 18 109 11 18 109 11 1 109 11 0 108 11 0 108 9 0 109 9 0
13 211 65 0 211 66 0 211 66 1 211 66 20 210 66 20 210 124 20 210 124 21 324 124 21 324 124 20 324 65 20 325 65 20 325 65 1 325 65 0
16 154 44 0 153 44 0 153 46 0 154 46 0 154 46 1 154 46 30 153 46 30 153 101 30 153 101 31 156 101 31 156 101 30 156 24 30 157 24 30 157 24 1 157 24 0 157 23 0
13 58 44 0 58 45 0 58 45 1 58 45 22 57 45 22 57 119 22 57 119 23 66 119 23 66 119 22 66 30 22 67 30 22 67 30 1 67 30 0
14 118 79 0 118 80 0 118 80 1 118 80 20 117 80 20 117 125 20 117 125 21 234 125 21 234 125 20 234 59 20 235 59 20 235 59 1 235 59 0 235 58 0
16 40 30 0 40 31 0 40 31 1 40 31 20 39 31 20 39 126 20 39 126 21 204 126 21 204 126 20 204 25 20 205 25 20 205 25 1 205 25 0 204 25 0 204 23 0 205 23 0
14 112 44 0 112 45 0 112 45 1 112 45 28 111 45 28 111 103 28 111 103 29 150 103 29 150 103 28 150 24 28 151 24 28 151 24 1 151 24 0 151 23 0
14 271 30 0 271 31 0 271 31 1 271 31 26 270 31 26 270 109 26 270 109 27 321 109 27 321 109 26 321 52 26 322 52 26 322 52 1 322 52 0 322 51 0
14 40 72 0 40 73 0 40 73 1 40 73 22 39 73 22 39 120 22 39 120 23 102 120 23 102 120 22 102 73 22 103 73 22 103 73 1 103 73 0 103 72 0
15 31 16 0 30 16 0 30 18 0 31 18 0 31 18 1 31 18 4 30 18 4 30 151 4 30 151 5 99 151 5 99 151 4 99 37 4 100 37 4 100 37 1 100 37 0
12 118 2 0 118 2 1 118 2 16 117 2 16 117 135 16 117 135 17 294 135 17 294 135 16 294 16 16 295 16 16 295 16 1 295 16 0
12 10 16 0 10 16 1 10 16 16 9 16 16 9 136 16 9 136 17 210 136 17 210 136 16 210 51 16 211 51 16 211 51 1 211 51 0
12 88 86 0 88 86 1 88 86 24 87 86 24 87 112 24 87 112 25 171 112 25 171 112 24 171 2 24 172 2 24 172 2 1 172 2 0
14 4 23 0 4 24 0 4 24 1 4 24 26 3 24 26 3 110 26 3 110 27 186 110 27 186 110 26 186 94 26 187 94 26 187 94 1 187 94 0 187 93 0
18 70 30 0 69 30 0 69 32 0 70 32 0 70 32 1 70 32 14 69 32 14 69 134 14 69 134 15 315 134 15 315 134 14 315 60 14 316 60 14 316 60 1 316 60 0 315 60 0 315 58 0 316 58 0
15 88 30 0 88 30 1 88 30 16 87 30 16 87 137 16 87 137 17 201 137 17 201 137 16 201 60 16 202 60 16 202 60 1 202 60 0 201 60 0 201 58 0 202 58 0
13 241 44 0 241 45 0 241 45 1 241 45 22 240 45 22 240 121 22 240 121 23 327 121 23 327 121 22 327 37 22 328 37 22 328 37 1 328 37 0
13 31 16 0 31 15 0 31 15 1 31 15 22 30 15 22 30 122 22 30 122 23 246 122 23 246 122 22 246 79 22 247 79 22 247 79 1 247 79 0
14 22 51 0 22 52 0 22 52 1 22 52 30 21 52 30 21 102 30 21 102 31 270 102 31 270 102 30 270 59 30 271 59 30 271 59 1 271 59 0 271 58 0
13 121 79 0 121 80 0 121 80 1 121 80 24 120 80 24 120 113 24 120 113 25 156 113 25 156 113 24 156 72 24 157 72 24 157 72 1 157 72 0
12 169 30 0 169 30 1 169 30 12 168 30 12 168 139 12 168 139 13 273 139 13 273 139 12 273 37 12 274 37 12 274 37 1 274 37 0
12 199 93 0 199 93 1 199 93 18 198 93 18 198 129 18 198 129 19 312 129 19 312 129 18 312 93 18 313 93 18 313 93 1 313 93 0
14 139 58 0 139 59 0 139 59 1 139 59 32 138 59 32 138 101 32 138 101 33 270 101 33 270 101 32 270 45 32 271 45 32 271 45 1 271 45 0 271 44 0
13 55 65 0 55 66 0 55 66 1 55 66 8 54 66 8 54 146 8 54 146 9 93 146 9 93 146 8 93 51 8 94 51 8 94 51 1 94 51 0
12 52 79 0 52 79 1 52 79 14 51 79 14 51 135 14 51 135 15 294 135 15 294 135 14 294 51 14 295 51 14 295 51 1 295 51 0
14 37 86 0 37 87 0 37 87 1 37 87 20 36 87 20 36 127 20 36 127 21 237 127 21 237 127 20 237 87 20 238 87 20 238 87 1 238 87 0 238 86 0
13 133 72 0 133 72 1 133 72 32 132 72 32 132 102 32 132 102 33 153 102 33 153 102 32 153 38 32 154 38 32 154 38 1 154 38 0 154 37 0
14 94 16 0 94 17 0 94 17 1 94 17 18 93 17 18 93 130 18 93 130 19 258 130 19 258 130 18 258 8 18 259 8 18 259 8 1 259 8 0 259 9 0
13 13 65 0 13 65 1 13 65 18 12 65 18 12 131 18 12 131 19 279 131 19 279 131 18 279 38 18 280 38 18 280 38 1 280 38 0 280 37 0
18 34 2 0 33 2 0 33 4 0 34 4 0 34 4 1 34 4 28 33 4 28 33 104 28 33 104 29 36 104 29 36 104 28 36 88 28 37 88 28 37 88 1 37 88 0 36 88 0 36 86 0 37 86 0
13 178 93 0 178 93 1 178 93 18 177 93 18 177 132 18 177 132 19 309 132 19 309 132 18 309 66 18 310 66 18 310 66 1 310 66 0 310 65 0
