1 2
1 9
1 16
1 23
1 30
1 37
1 44
1 51
1 58
1 65
1 72
1 79
1 86
1 93
4 2
4 9
4 16
4 23
4 30
4 37
4 44
4 51
4 58
4 65
4 72
4 79
4 86
4 93
7 2
7 9
7 16
7 23
7 30
7 37
7 44
7 51
7 58
7 65
7 72
7 79
7 86
7 93
10 2
10 9
10 16
10 23
10 30
10 37
10 44
10 51
10 58
10 65
10 72
10 79
10 86
10 93
13 2
13 9
13 16
13 23
13 30
13 37
13 44
13 51
13 58
13 65
13 72
13 79
13 86
13 93
16 2
16 9
16 16
16 23
16 30
16 37
16 44
16 51
16 58
16 65
16 72
16 79
16 86
16 93
19 2
19 9
19 16
19 23
19 30
19 37
19 44
19 51
19 58
19 65
19 72
19 79
19 86
19 93
22 2
22 9
22 16
22 23
22 30
22 37
22 44
22 51
22 58
22 65
22 72
22 79
22 86
22 93
25 2
25 9
25 16
25 23
25 30
25 37
25 44
25 51
25 58
25 65
25 72
25 79
25 86
25 93
28 2
28 9
28 16
28 23
28 30
28 37
28 44
28 51
28 58
28 65
28 72
28 79
28 86
28 93
31 2
31 9
31 16
31 23
31 30
31 37
31 44
31 51
31 58
31 65
31 72
31 79
31 86
31 93
34 2
34 9
34 16
34 23
34 30
34 37
34 44
34 51
34 58
34 65
34 72
34 79
34 86
34 93
37 2
37 9
37 16
37 23
37 30
37 37
37 44
37 51
37 58
37 65
37 72
37 79
37 86
37 93
40 2
40 9
40 16
40 23
40 30
40 37
40 44
40 51
40 58
40 65
40 72
40 79
40 86
40 93
43 2
43 9
43 16
43 23
43 30
43 37
43 44
43 51
43 58
43 65
43 72
43 79
43 86
43 93
46 2
46 9
46 16
46 23
46 30
46 37
46 44
46 51
46 58
46 65
46 72
46 79
46 86
46 93
49 2
49 9
49 16
49 23
49 30
49 37
49 44
49 51
49 58
49 65
49 72
49 79
49 86
49 93
52 2
52 9
52 16
52 23
52 30
52 37
52 44
52 51
52 58
52 65
52 72
52 79
52 86
52 93
55 2
55 9
55 16
55 23
55 30
55 37
55 44
55 51
55 58
55 65
55 72
55 79
55 86
55 93
58 2
58 9
58 16
58 23
58 30
58 37
58 44
58 51
58 58
58 65
58 72
58 79
58 86
58 93
61 2
61 9
61 16
61 23
61 30
61 37
61 44
61 51
61 58
61 65
61 72
61 79
61 86
61 93
64 2
64 9
64 16
64 23
64 30
64 37
64 44
64 51
64 58
64 65
64 72
64 79
64 86
64 93
67 2
67 9
67 16
67 23
67 30
67 37
67 44
67 51
67 58
67 65
67 72
67 79
67 86
67 93
70 2
70 9
70 16
70 23
70 30
70 37
70 44
70 51
70 58
70 65
70 72
70 79
70 86
70 93
73 2
73 9
73 16
73 23
73 30
73 37
73 44
73 51
73 58
73 65
73 72
73 79
73 86
73 93
76 2
76 9
76 16
76 23
76 30
76 37
76 44
76 51
76 58
76 65
76 72
76 79
76 86
76 93
79 2
79 9
79 16
79 23
79 30
79 37
79 44
79 51
79 58
79 65
79 72
79 79
79 86
79 93
82 2
82 9
82 16
82 23
82 30
82 37
82 44
82 51
82 58
82 65
82 72
82 79
82 86
82 93
85 2
85 9
85 16
85 23
85 30
85 37
85 44
85 51
85 58
85 65
85 72
85 79
85 86
85 93
88 2
88 9
88 16
88 23
88 30
88 37
88 44
88 51
88 58
88 65
88 72
88 79
88 86
88 93
91 2
91 9
91 16
91 23
91 30
91 37
91 44
91 51
91 58
91 65
91 72
91 79
91 86
91 93
94 2
94 9
94 16
94 23
94 30
94 37
94 44
94 51
94 58
94 65
94 72
94 79
94 86
94 93
97 2
97 9
97 16
97 23
97 30
97 37
97 44
97 51
97 58
97 65
97 72
97 79
97 86
97 93
100 2
100 9
100 16
100 23
100 30
100 37
100 44
100 51
100 58
100 65
100 72
100 79
100 86
100 93
103 2
103 9
103 16
103 23
103 30
103 37
103 44
103 51
103 58
103 65
103 72
103 79
103 86
103 93
106 2
106 9
106 16
106 23
106 30
106 37
106 44
106 51
106 58
106 65
106 72
106 79
106 86
106 93
109 2
109 9
109 16
109 23
109 30
109 37
109 44
109 51
109 58
109 65
109 72
109 79
109 86
109 93
112 2
112 9
112 16
112 23
112 30
112 37
112 44
112 51
112 58
112 65
112 72
112 79
112 86
112 93
115 2
115 9
115 16
115 23
115 30
115 37
115 44
115 51
115 58
115 65
115 72
115 79
115 86
115 93
118 2
118 9
118 16
118 23
118 30
118 37
118 44
118 51
118 58
118 65
118 72
118 79
118 86
118 93
121 2
121 9
121 16
121 23
121 30
121 37
121 44
121 51
121 58
121 65
121 72
121 79
121 86
121 93
124 2
124 9
124 16
124 23
124 30
124 37
124 44
124 51
124 58
124 65
124 72
124 79
124 86
124 93
127 2
127 9
127 16
127 23
127 30
127 37
127 44
127 51
127 58
127 65
127 72
127 79
127 86
127 93
130 2
130 9
130 16
130 23
130 30
130 37
130 44
130 51
130 58
130 65
130 72
130 79
130 86
130 93
133 2
133 9
133 16
133 23
133 30
133 37
133 44
133 51
133 58
133 65
133 72
133 79
133 86
133 93
136 2
136 9
136 16
136 23
136 30
136 37
136 44
136 51
136 58
136 65
136 72
136 79
136 86
136 93
139 2
139 9
139 16
139 23
139 30
139 37
139 44
139 51
139 58
139 65
139 72
139 79
139 86
139 93
142 2
142 9
142 16
142 23
142 30
142 37
142 44
142 51
142 58
142 65
142 72
142 79
142 86
142 93
145 2
145 9
145 16
145 23
145 30
145 37
145 44
145 51
145 58
145 65
145 72
145 79
145 86
145 93
148 2
148 9
148 16
148 23
148 30
148 37
148 44
148 51
148 58
148 65
148 72
148 79
148 86
148 93
151 2
151 9
151 16
151 23
151 30
151 37
151 44
151 51
151 58
151 65
151 72
151 79
151 86
151 93
154 2
154 9
154 16
154 23
154 30
154 37
154 44
154 51
154 58
154 65
154 72
154 79
154 86
154 93
157 2
157 9
157 16
157 23
157 30
157 37
157 44
157 51
157 58
157 65
157 72
157 79
157 86
157 93
160 2
160 9
160 16
160 23
160 30
160 37
160 44
160 51
160 58
160 65
160 72
160 79
160 86
160 93
163 2
163 9
163 16
163 23
163 30
163 37
163 44
163 51
163 58
163 65
163 72
163 79
163 86
163 93
166 2
166 9
166 16
166 23
166 30
166 37
166 44
166 51
166 58
166 65
166 72
166 79
166 86
166 93
169 2
169 9
169 16
169 23
169 30
169 37
169 44
169 51
169 58
169 65
169 72
169 79
169 86
169 93
172 2
172 9
172 16
172 23
172 30
172 37
172 44
172 51
172 58
172 65
172 72
172 79
172 86
172 93
175 2
175 9
175 16
175 23
175 30
175 37
175 44
175 51
175 58
175 65
175 72
175 79
175 86
175 93
178 2
178 9
178 16
178 23
178 30
178 37
178 44
178 51
178 58
178 65
178 72
178 79
178 86
178 93
181 2
181 9
181 16
181 23
181 30
181 37
181 44
181 51
181 58
181 65
181 72
181 79
181 86
181 93
184 2
184 9
184 16
184 23
184 30
184 37
184 44
184 51
184 58
184 65
184 72
184 79
184 86
184 93
187 2
187 9
187 16
187 23
187 30
187 37
187 44
187 51
187 58
187 65
187 72
187 79
187 86
187 93
190 2
190 9
190 16
190 23
190 30
190 37
190 44
190 51
190 58
190 65
190 72
190 79
190 86
190 93
193 2
193 9
193 16
193 23
193 30
193 37
193 44
193 51
193 58
193 65
193 72
193 79
193 86
193 93
196 2
196 9
196 16
196 23
196 30
196 37
196 44
196 51
196 58
196 65
196 72
196 79
196 86
196 93
199 2
199 9
199 16
199 23
199 30
199 37
199 44
199 51
199 58
199 65
199 72
199 79
199 86
199 93
202 2
202 9
202 16
202 23
202 30
202 37
202 44
202 51
202 58
202 65
202 72
202 79
202 86
202 93
205 2
205 9
205 16
205 23
205 30
205 37
205 44
205 51
205 58
205 65
205 72
205 79
205 86
205 93
208 2
208 9
208 16
208 23
208 30
208 37
208 44
208 51
208 58
208 65
208 72
208 79
208 86
208 93
211 2
211 9
211 16
211 23
211 30
211 37
211 44
211 51
211 58
211 65
211 72
211 79
211 86
211 93
214 2
214 9
214 16
214 23
214 30
214 37
214 44
214 51
214 58
214 65
214 72
214 79
214 86
214 93
217 2
217 9
217 16
217 23
217 30
217 37
217 44
217 51
217 58
217 65
217 72
217 79
217 86
217 93
220 2
220 9
220 16
220 23
220 30
220 37
220 44
220 51
220 58
220 65
220 72
220 79
220 86
220 93
223 2
223 9
223 16
223 23
223 30
223 37
223 44
223 51
223 58
223 65
223 72
223 79
223 86
223 93
226 2
226 9
226 16
226 23
226 30
226 37
226 44
226 51
226 58
226 65
226 72
226 79
226 86
226 93
229 2
229 9
229 16
229 23
229 30
229 37
229 44
229 51
229 58
229 65
229 72
229 79
229 86
229 93
232 2
232 9
232 16
232 23
232 30
232 37
232 44
232 51
232 58
232 65
232 72
232 79
232 86
232 93
235 2
235 9
235 16
235 23
235 30
235 37
235 44
235 51
235 58
235 65
235 72
235 79
235 86
235 93
238 2
238 9
238 16
238 23
238 30
238 37
238 44
238 51
238 58
238 65
238 72
238 79
238 86
238 93
241 2
241 9
241 16
241 23
241 30
241 37
241 44
241 51
241 58
241 65
241 72
241 79
241 86
241 93
244 2
244 9
244 16
244 23
244 30
244 37
244 44
244 51
244 58
244 65
244 72
244 79
244 86
244 93
247 2
247 9
247 16
247 23
247 30
247 37
247 44
247 51
247 58
247 65
247 72
247 79
247 86
247 93
250 2
250 9
250 16
250 23
250 30
250 37
250 44
250 51
250 58
250 65
250 72
250 79
250 86
250 93
253 2
253 9
253 16
253 23
253 30
253 37
253 44
253 51
253 58
253 65
253 72
253 79
253 86
253 93
256 2
256 9
256 16
256 23
256 30
256 37
256 44
256 51
256 58
256 65
256 72
256 79
256 86
256 93
259 2
259 9
259 16
259 23
259 30
259 37
259 44
259 51
259 58
259 65
259 72
259 79
259 86
259 93
262 2
262 9
262 16
262 23
262 30
262 37
262 44
262 51
262 58
262 65
262 72
262 79
262 86
262 93
265 2
265 9
265 16
265 23
265 30
265 37
265 44
265 51
265 58
265 65
265 72
265 79
265 86
265 93
268 2
268 9
268 16
268 23
268 30
268 37
268 44
268 51
268 58
268 65
268 72
268 79
268 86
268 93
271 2
271 9
271 16
271 23
271 30
271 37
271 44
271 51
271 58
271 65
271 72
271 79
271 86
271 93
274 2
274 9
274 16
274 23
274 30
274 37
274 44
274 51
274 58
274 65
274 72
274 79
274 86
274 93
277 2
277 9
277 16
277 23
277 30
277 37
277 44
277 51
277 58
277 65
277 72
277 79
277 86
277 93
280 2
280 9
280 16
280 23
280 30
280 37
280 44
280 51
280 58
280 65
280 72
280 79
280 86
280 93
283 2
283 9
283 16
283 23
283 30
283 37
283 44
283 51
283 58
283 65
283 72
283 79
283 86
283 93
286 2
286 9
286 16
286 23
286 30
286 37
286 44
286 51
286 58
286 65
286 72
286 79
286 86
286 93
289 2
289 9
289 16
289 23
289 30
289 37
289 44
289 51
289 58
289 65
289 72
289 79
289 86
289 93
292 2
292 9
292 16
292 23
292 30
292 37
292 44
12 247 79 0 247 79 1 247 79 2 246 79 2 246 99 2 246 99 3 279 99 3 279 99 2 279 9 2 280 9 2 280 9 1 280 9 0
12 127 16 0 127 16 1 127 16 2 126 16 2 126 100 2 126 100 3 156 100 3 156 100 2 156 65 2 157 65 2 157 65 1 157 65 0
8 142 16 0 142 16 1 142 16 2 143 16 2 143 93 2 142 93 2 142 93 1 142 93 0
12 196 65 0 196 65 1 196 65 2 195 65 2 195 101 2 195 101 3 198 101 3 198 101 2 198 51 2 199 51 2 199 51 1 199 51 0
12 22 72 0 22 72 1 22 72 2 21 72 2 21 102 2 21 102 3 36 102 3 36 102 2 36 58 2 37 58 2 37 58 1 37 58 0
12 178 86 0 178 86 1 178 86 2 177 86 2 177 103 2 177 103 3 234 103 3 234 103 2 234 23 2 235 23 2 235 23 1 235 23 0
12 82 37 0 82 37 1 82 37 2 81 37 2 81 104 2 81 104 3 168 104 3 168 104 2 168 37 2 169 37 2 169 37 1 169 37 0
12 43 86 0 43 86 1 43 86 2 42 86 2 42 105 2 42 105 3 60 105 3 60 105 2 60 9 2 61 9 2 61 9 1 61 9 0
12 106 79 0 106 79 1 106 79 2 105 79 2 105 106 2 105 106 3 144 106 3 144 106 2 144 79 2 145 79 2 145 79 1 145 79 0
12 130 16 0 130 16 1 130 16 2 129 16 2 129 107 2 129 107 3 255 107 3 255 107 2 255 23 2 256 23 2 256 23 1 256 23 0
12 64 93 0 64 93 1 64 93 2 63 93 2 63 108 2 63 108 3 228 108 3 228 108 2 228 93 2 229 93 2 229 93 1 229 93 0
12 52 9 0 52 9 1 52 9 2 51 9 2 51 109 2 51 109 3 108 109 3 108 109 2 108 79 2 109 79 2 109 79 1 109 79 0
12 163 44 0 163 44 1 163 44 2 162 44 2 162 110 2 162 110 3 261 110 3 261 110 2 261 23 2 262 23 2 262 23 1 262 23 0
13 145 79 0 145 80 0 145 80 1 145 80 4 144 80 4 144 99 4 144 99 5 177 99 5 177 99 4 177 93 4 178 93 4 178 93 1 178 93 0
12 43 51 0 43 51 1 43 51 4 42 51 4 42 100 4 42 100 5 93 100 5 93 100 4 93 44 4 94 44 4 94 44 1 94 44 0
12 10 44 0 10 44 1 10 44 4 9 44 4 9 101 4 9 101 5 261 101 5 261 101 4 261 93 4 262 93 4 262 93 1 262 93 0
12 64 86 0 64 86 1 64 86 4 63 86 4 63 102 4 63 102 5 288 102 5 288 102 4 288 16 4 289 16 4 289 16 1 289 16 0
12 136 72 0 136 72 1 136 72 2 135 72 2 135 111 2 135 111 3 240 111 3 240 111 2 240 93 2 241 93 2 241 93 1 241 93 0
12 118 30 0 118 30 1 118 30 2 117 30 2 117 112 2 117 112 3 282 112 3 282 112 2 282 2 2 283 2 2 283 2 1 283 2 0
12 166 86 0 166 86 1 166 86 2 165 86 2 165 113 2 165 113 3 171 113 3 171 113 2 171 72 2 172 72 2 172 72 1 172 72 0
12 100 2 0 100 2 1 100 2 4 99 2 4 99 103 4 99 103 5 255 103 5 255 103 4 255 93 4 256 93 4 256 93 1 256 93 0
12 163 58 0 163 58 1 163 58 4 162 58 4 162 104 4 162 104 5 189 104 5 189 104 4 189 23 4 190 23 4 190 23 1 190 23 0
12 184 93 0 184 93 1 184 93 2 183 93 2 183 114 2 183 114 3 186 114 3 186 114 2 186 16 2 187 16 2 187 16 1 187 16 0
12 37 79 0 37 79 1 37 79 6 36 79 6 36 99 6 36 99 7 42 99 7 42 99 6 42 58 6 43 58 6 43 58 1 43 58 0
12 103 16 0 103 16 1 103 16 4 102 16 4 102 105 4 102 105 5 198 105 5 198 105 4 198 23 4 199 23 4 199 23 1 199 23 0
12 124 86 0 124 86 1 124 86 4 123 86 4 123 106 4 123 106 5 129 106 5 129 106 4 129 51 4 130 51 4 130 51 1 130 51 0
12 61 86 0 61 86 1 61 86 4 60 86 4 60 107 4 60 107 5 141 107 5 141 107 4 141 58 4 142 58 4 142 58 1 142 58 0
12 13 30 0 13 30 1 13 30 6 12 30 6 12 100 6 12 100 7 144 100 7 144 100 6 144 51 6 145 51 6 145 51 1 145 51 0
12 16 86 0 16 86 1 16 86 6 15 86 6 15 101 6 15 101 7 255 101 7 255 101 6 255 16 6 256 16 6 256 16 1 256 16 0
12 16 51 0 16 51 1 16 51 2 15 51 2 15 115 2 15 115 3 72 115 3 72 115 2 72 37 2 73 37 2 73 37 1 73 37 0
12 88 65 0 88 65 1 88 65 4 87 65 4 87 108 4 87 108 5 108 108 5 108 108 4 108 23 4 109 23 4 109 23 1 109 23 0
12 121 30 0 121 30 1 121 30 2 120 30 2 120 116 2 120 116 3 204 116 3 204 116 2 204 79 2 205 79 2 205 79 1 205 79 0
12 19 2 0 19 2 1 19 2 2 18 2 2 18 117 2 18 117 3 192 117 3 192 117 2 192 44 2 193 44 2 193 44 1 193 44 0
12 64 2 0 64 2 1 64 2 6 63 2 6 63 102 6 63 102 7 186 102 7 186 102 6 186 37 6 187 37 6 187 37 1 187 37 0
12 106 37 0 106 37 1 106 37 4 105 37 4 105 109 4 105 109 5 183 109 5 183 109 4 183 65 4 184 65 4 184 65 1 184 65 0
12 145 93 0 145 93 1 145 93 8 144 93 8 144 99 8 144 99 9 273 99 9 273 99 8 273 44 8 274 44 8 274 44 1 274 44 0
12 94 79 0 94 79 1 94 79 6 93 79 6 93 103 6 93 103 7 129 103 7 129 103 6 129 93 6 130 93 6 130 93 1 130 93 0
12 13 16 0 13 16 1 13 16 2 12 16 2 12 118 2 12 118 3 270 118 3 270 118 2 270 51 2 271 51 2 271 51 1 271 51 0
12 28 30 0 28 30 1 28 30 4 27 30 4 27 110 4 27 110 5 51 110 5 51 110 4 51 16 4 52 16 4 52 16 1 52 16 0
12 79 2 0 79 2 1 79 2 4 78 2 4 78 111 4 78 111 5 81 111 5 81 111 4 81 72 4 82 72 4 82 72 1 82 72 0
12 13 44 0 13 44 1 13 44 4 12 44 4 12 112 4 12 112 5 267 112 5 267 112 4 267 65 4 268 65 4 268 65 1 268 65 0
12 25 58 0 25 58 1 25 58 6 24 58 6 24 104 6 24 104 7 60 104 7 60 104 6 60 93 6 61 93 6 61 93 1 61 93 0
12 37 23 0 37 23 1 37 23 4 36 23 4 36 113 4 36 113 5 159 113 5 159 113 4 159 79 4 160 79 4 160 79 1 160 79 0
12 103 65 0 103 65 1 103 65 6 102 65 6 102 105 6 102 105 7 177 105 7 177 105 6 177 9 6 178 9 6 178 9 1 178 9 0
12 46 9 0 46 9 1 46 9 2 45 9 2 45 119 2 45 119 3 123 119 3 123 119 2 123 93 2 124 93 2 124 93 1 124 93 0
12 178 44 0 178 44 1 178 44 8 177 44 8 177 100 8 177 100 9 249 100 9 249 100 8 249 72 8 250 72 8 250 72 1 250 72 0
12 34 51 0 34 51 1 34 51 6 33 51 6 33 106 6 33 106 7 123 106 7 123 106 6 123 23 6 124 23 6 124 23 1 124 23 0
12 28 79 0 28 79 1 28 79 2 27 79 2 27 120 2 27 120 3 243 120 3 243 120 2 243 51 2 244 51 2 244 51 1 244 51 0
12 145 16 0 145 16 1 145 16 10 144 16 10 144 99 10 144 99 11 180 99 11 180 99 10 180 79 10 181 79 10 181 79 1 181 79 0
12 154 51 0 154 51 1 154 51 2 153 51 2 153 121 2 153 121 3 249 121 3 249 121 2 249 58 2 250 58 2 250 58 1 250 58 0
12 28 93 0 28 93 1 28 93 6 27 93 6 27 107 6 27 107 7 195 107 7 195 107 6 195 16 6 196 16 6 196 16 1 196 16 0
12 4 30 0 4 30 1 4 30 4 3 30 4 3 114 4 3 114 5 171 114 5 171 114 4 171 30 4 172 30 4 172 30 1 172 30 0
12 7 51 0 7 51 1 7 51 2 6 51 2 6 122 2 6 122 3 96 122 3 96 122 2 96 51 2 97 51 2 97 51 1 97 51 0
12 7 86 0 7 86 1 7 86 4 6 86 4 6 115 4 6 115 5 30 115 5 30 115 4 30 86 4 31 86 4 31 86 1 31 86 0
12 10 65 0 10 65 1 10 65 6 9 65 6 9 108 6 9 108 7 204 108 7 204 108 6 204 37 6 205 37 6 205 37 1 205 37 0
12 112 58 0 112 58 1 112 58 4 111 58 4 111 116 4 111 116 5 204 116 5 204 116 4 204 44 4 205 44 4 205 44 1 205 44 0
12 199 72 0 199 72 1 199 72 6 198 72 6 198 109 6 198 109 7 252 109 7 252 109 6 252 23 6 253 23 6 253 23 1 253 23 0
12 4 93 0 4 93 1 4 93 6 3 93 6 3 110 6 3 110 7 135 110 7 135 110 6 135 44 6 136 44 6 136 44 1 136 44 0
12 58 51 0 58 51 1 58 51 4 57 51 4 57 117 4 57 117 5 165 117 5 165 117 4 165 51 4 166 51 4 166 51 1 166 51 0
12 67 93 0 67 93 1 67 93 2 66 93 2 66 123 2 66 123 3 93 123 3 93 123 2 93 16 2 94 16 2 94 16 1 94 16 0
12 151 93 0 151 93 1 151 93 2 150 93 2 150 124 2 150 124 3 222 124 3 222 124 2 222 93 2 223 93 2 223 93 1 223 93 0
12 82 58 0 82 58 1 82 58 6 81 58 6 81 111 6 81 111 7 87 111 7 87 111 6 87 72 6 88 72 6 88 72 1 88 72 0
12 154 65 0 154 65 1 154 65 4 153 65 4 153 118 4 153 118 5 270 118 5 270 118 4 270 72 4 271 72 4 271 72 1 271 72 0
12 175 23 0 175 23 1 175 23 2 174 23 2 174 125 2 174 125 3 180 125 3 180 125 2 180 2 2 181 2 2 181 2 1 181 2 0
13 52 86 0 52 86 1 52 86 8 51 86 8 51 101 8 51 101 9 195 101 9 195 101 8 195 66 8 196 66 8 196 66 1 196 66 0 196 65 0
12 193 58 0 193 58 1 193 58 4 192 58 4 192 119 4 192 119 5 216 119 5 216 119 4 216 58 4 217 58 4 217 58 1 217 58 0
12 238 9 0 238 9 1 238 9 4 237 9 4 237 120 4 237 120 5 240 120 5 240 120 4 240 37 4 241 37 4 241 37 1 241 37 0
13 55 44 0 55 44 1 55 44 4 54 44 4 54 121 4 54 121 5 249 121 5 249 121 4 249 59 4 250 59 4 250 59 1 250 59 0 250 58 0
12 85 79 0 85 79 1 85 79 6 84 79 6 84 112 6 84 112 7 108 112 7 108 112 6 108 9 6 109 9 6 109 9 1 109 9 0
12 25 16 0 25 16 1 25 16 2 24 16 2 24 126 2 24 126 3 189 126 3 189 126 2 189 37 2 190 37 2 190 37 1 190 37 0
12 28 72 0 28 72 1 28 72 8 27 72 8 27 102 8 27 102 9 228 102 9 228 102 8 228 65 8 229 65 8 229 65 1 229 65 0
12 97 44 0 97 44 1 97 44 4 96 44 4 96 122 4 96 122 5 279 122 5 279 122 4 279 58 4 280 58 4 280 58 1 280 58 0
13 112 58 0 112 59 0 112 59 1 112 59 2 111 59 2 111 127 2 111 127 3 231 127 3 231 127 2 231 72 2 232 72 2 232 72 1 232 72 0
13 25 16 0 25 17 0 25 17 1 25 17 4 24 17 4 24 123 4 24 123 5 243 123 5 243 123 4 243 2 4 244 2 4 244 2 1 244 2 0
12 160 23 0 160 23 1 160 23 2 159 23 2 159 128 2 159 128 3 273 128 3 273 128 2 273 72 2 274 72 2 274 72 1 274 72 0
12 130 65 0 130 65 1 130 65 8 129 65 8 129 103 8 129 103 9 279 103 9 279 103 8 279 2 8 280 2 8 280 2 1 280 2 0
13 43 23 0 43 23 1 43 23 8 42 23 8 42 104 8 42 104 9 204 104 9 204 104 8 204 45 8 205 45 8 205 45 1 205 45 0 205 44 0
12 91 65 0 91 65 1 91 65 6 90 65 6 90 113 6 90 113 7 249 113 7 249 113 6 249 79 6 250 79 6 250 79 1 250 79 0
12 169 30 0 169 30 1 169 30 4 168 30 4 168 124 4 168 124 5 201 124 5 201 124 4 201 44 4 202 44 4 202 44 1 202 44 0
13 82 9 0 82 9 1 82 9 8 81 9 8 81 105 8 81 105 9 108 105 9 108 105 8 108 24 8 109 24 8 109 24 1 109 24 0 109 23 0
12 19 65 0 19 65 1 19 65 8 18 65 8 18 106 8 18 106 9 255 106 9 255 106 8 255 44 8 256 44 8 256 44 1 256 44 0
12 169 58 0 169 58 1 169 58 6 168 58 6 168 114 6 168 114 7 174 114 7 174 114 6 174 30 6 175 30 6 175 30 1 175 30 0
12 127 79 0 127 79 1 127 79 8 126 79 8 126 107 8 126 107 9 198 107 9 198 107 8 198 93 8 199 93 8 199 93 1 199 93 0
12 247 23 0 247 23 1 247 23 6 246 23 6 246 115 6 246 115 7 270 115 7 270 115 6 270 9 6 271 9 6 271 9 1 271 9 0
12 91 58 0 91 58 1 91 58 2 90 58 2 90 129 2 90 129 3 225 129 3 225 129 2 225 37 2 226 37 2 226 37 1 226 37 0
12 31 30 0 31 30 1 31 30 2 30 30 2 30 130 2 30 130 3 276 130 3 276 130 2 276 58 2 277 58 2 277 58 1 277 58 0
12 22 44 0 22 44 1 22 44 4 21 44 4 21 125 4 21 125 5 180 125 5 180 125 4 180 16 4 181 16 4 181 16 1 181 16 0
12 43 30 0 43 30 1 43 30 10 42 30 10 42 100 10 42 100 11 258 100 11 258 100 10 258 79 10 259 79 10 259 79 1 259 79 0
12 19 79 0 19 79 1 19 79 4 18 79 4 18 126 4 18 126 5 219 126 5 219 126 4 219 65 4 220 65 4 220 65 1 220 65 0
12 10 79 0 10 79 1 10 79 2 9 79 2 9 131 2 9 131 3 219 131 3 219 131 2 219 23 2 220 23 2 220 23 1 220 23 0
12 13 2 0 13 2 1 13 2 8 12 2 8 12 108 8 12 108 9 165 108 9 165 108 8 165 93 8 166 93 8 166 93 1 166 93 0
12 64 9 0 64 9 1 64 9 8 63 9 8 63 109 8 63 109 9 84 109 9 84 109 8 84 58 8 85 58 8 85 58 1 85 58 0
12 103 9 0 103 9 1 103 9 12 102 9 12 102 99 12 102 99 13 144 99 13 144 99 12 144 44 12 145 44 12 145 44 1 145 44 0
12 103 86 0 103 86 1 103 86 10 102 86 10 102 101 10 102 101 11 204 101 11 204 101 10 204 9 10 205 9 10 205 9 1 205 9 0
13 10 86 0 10 86 1 10 86 8 9 86 8 9 110 8 9 110 9 231 110 9 231 110 8 231 73 8 232 73 8 232 73 1 232 73 0 232 72 0
12 43 2 0 43 2 1 43 2 12 42 2 12 42 100 12 42 100 13 60 100 13 60 100 12 60 51 12 61 51 12 61 51 1 61 51 0
12 37 37 0 37 37 1 37 37 8 36 37 8 36 111 8 36 111 9 252 111 9 252 111 8 252 86 8 253 86 8 253 86 1 253 86 0
13 145 51 0 145 52 0 145 52 1 145 52 14 144 52 14 144 99 14 144 99 15 249 99 15 249 99 14 249 37 14 250 37 14 250 37 1 250 37 0
12 196 79 0 196 79 1 196 79 10 195 79 10 195 102 10 195 102 11 288 102 11 288 102 10 288 23 10 289 23 10 289 23 1 289 23 0
12 109 93 0 109 93 1 109 93 10 108 93 10 108 103 10 108 103 11 126 103 11 126 103 10 126 9 10 127 9 10 127 9 1 127 9 0
12 61 2 0 61 2 1 61 2 8 60 2 8 60 112 8 60 112 9 111 112 9 111 112 8 111 44 8 112 44 8 112 44 1 112 44 0
12 76 16 0 76 16 1 76 16 6 75 16 6 75 116 6 75 116 7 165 116 7 165 116 6 165 79 6 166 79 6 166 79 1 166 79 0
13 13 16 0 13 17 0 13 17 1 13 17 10 12 17 10 12 104 10 12 104 11 69 104 11 69 104 10 69 2 10 70 2 10 70 2 1 70 2 0
13 124 86 0 124 87 0 124 87 1 124 87 8 123 87 8 123 113 8 123 113 9 234 113 9 234 113 8 234 37 8 235 37 8 235 37 1 235 37 0
12 256 51 0 256 51 1 256 51 10 255 51 10 255 105 10 255 105 11 270 105 11 270 105 10 270 2 10 271 2 10 271 2 1 271 2 0
12 199 16 0 199 16 1 199 16 10 198 16 10 198 106 10 198 106 11 276 106 11 276 106 10 276 23 10 277 23 10 277 23 1 277 23 0
12 205 51 0 205 51 1 205 51 12 204 51 12 204 101 12 204 101 13 225 101 13 225 101 12 225 65 12 226 65 12 226 65 1 226 65 0
13 94 72 0 94 72 1 94 72 8 93 72 8 93 114 8 93 114 9 219 114 9 219 114 8 219 66 8 220 66 8 220 66 1 220 66 0 220 65 0
12 181 44 0 181 44 1 181 44 12 180 44 12 180 102 12 180 102 13 255 102 13 255 102 12 255 72 12 256 72 12 256 72 1 256 72 0
13 124 79 0 124 79 1 124 79 10 123 79 10 123 107 10 123 107 11 216 107 11 216 107 10 216 59 10 217 59 10 217 59 1 217 59 0 217 58 0
13 40 58 0 40 58 1 40 58 2 39 58 2 39 132 2 39 132 3 102 132 3 102 132 2 102 10 2 103 10 2 103 10 1 103 10 0 103 9 0
12 85 30 0 85 30 1 85 30 2 84 30 2 84 133 2 84 133 3 264 133 3 264 133 2 264 44 2 265 44 2 265 44 1 265 44 0
12 67 44 0 67 44 1 67 44 6 66 44 6 66 117 6 66 117 7 216 117 7 216 117 6 216 16 6 217 16 6 217 16 1 217 16 0
12 49 51 0 49 51 1 49 51 4 48 51 4 48 127 4 48 127 5 246 127 5 246 127 4 246 30 4 247 30 4 247 30 1 247 30 0
12 172 37 0 172 37 1 172 37 6 171 37 6 171 118 6 171 118 7 234 118 7 234 118 6 234 16 6 235 16 6 235 16 1 235 16 0
12 103 58 0 103 58 1 103 58 8 102 58 8 102 115 8 102 115 9 117 115 9 117 115 8 117 37 8 118 37 8 118 37 1 118 37 0
12 37 93 0 37 93 1 37 93 10 36 93 10 36 108 10 36 108 11 57 108 11 57 108 10 57 65 10 58 65 10 58 65 1 58 65 0
12 91 30 0 91 30 1 91 30 12 90 30 12 90 103 12 90 103 13 198 103 13 198 103 12 198 86 12 199 86 12 199 86 1 199 86 0
13 40 44 0 40 44 1 40 44 10 39 44 10 39 109 10 39 109 11 177 109 11 177 109 10 177 10 10 178 10 10 178 10 1 178 10 0 178 9 0
12 223 2 0 223 2 1 223 2 4 222 2 4 222 128 4 222 128 5 228 128 5 228 128 4 228 2 4 229 2 4 229 2 1 229 2 0
13 142 79 0 142 79 1 142 79 8 141 79 8 141 116 8 141 116 9 270 116 9 270 116 8 270 10 8 271 10 8 271 10 1 271 10 0 271 9 0
12 52 30 0 52 30 1 52 30 6 51 30 6 51 119 6 51 119 7 225 119 7 225 119 6 225 30 6 226 30 6 226 30 1 226 30 0
13 130 30 0 130 30 1 130 30 14 129 30 14 129 100 14 129 100 15 198 100 15 198 100 14 198 52 14 199 52 14 199 52 1 199 52 0 199 51 0
13 25 93 0 25 93 1 25 93 10 24 93 10 24 110 10 24 110 11 51 110 11 51 110 10 51 17 10 52 17 10 52 17 1 52 17 0 52 16 0
13 232 86 0 232 86 1 232 86 4 231 86 4 231 129 4 231 129 5 276 129 5 276 129 4 276 24 4 277 24 4 277 24 1 277 24 0 277 23 0
14 10 44 0 10 45 0 10 45 1 10 45 12 9 45 12 9 104 12 9 104 13 108 104 13 108 104 12 108 10 12 109 10 12 109 10 1 109 10 0 109 9 0
13 172 30 0 172 31 0 172 31 1 172 31 12 171 31 12 171 105 12 171 105 13 177 105 13 177 105 12 177 51 12 178 51 12 178 51 1 178 51 0
12 172 2 0 172 2 1 172 2 8 171 2 8 171 117 8 171 117 9 288 117 9 288 117 8 288 93 8 289 93 8 289 93 1 289 93 0
12 16 30 0 16 30 1 16 30 12 15 30 12 15 106 12 15 106 13 288 106 13 288 106 12 288 2 12 289 2 12 289 2 1 289 2 0
13 91 9 0 91 9 1 91 9 14 90 9 14 90 101 14 90 101 15 102 101 15 102 101 14 102 66 14 103 66 14 103 66 1 103 66 0 103 65 0
12 64 37 0 64 37 1 64 37 10 63 37 10 63 111 10 63 111 11 219 111 11 219 111 10 219 30 10 220 30 10 220 30 1 220 30 0
13 64 79 0 64 79 1 64 79 14 63 79 14 63 102 14 63 102 15 204 102 15 204 102 14 204 38 14 205 38 14 205 38 1 205 38 0 205 37 0
13 61 9 0 61 10 0 61 10 1 61 10 14 60 10 14 60 103 14 60 103 15 69 103 15 69 103 14 69 86 14 70 86 14 70 86 1 70 86 0
13 94 72 0 94 73 0 94 73 1 94 73 12 93 73 12 93 107 12 93 107 13 219 107 13 219 107 12 219 93 12 220 93 12 220 93 1 220 93 0
13 46 16 0 46 16 1 46 16 6 45 16 6 45 120 6 45 120 7 189 120 7 189 120 6 189 38 6 190 38 6 190 38 1 190 38 0 190 37 0
12 220 86 0 220 86 1 220 86 6 219 86 6 219 121 6 219 121 7 228 121 7 228 121 6 228 79 6 229 79 6 229 79 1 229 79 0
12 88 93 0 88 93 1 88 93 2 87 93 2 87 134 2 87 134 3 114 134 3 114 134 2 114 72 2 115 72 2 115 72 1 115 72 0
12 85 51 0 85 51 1 85 51 10 84 51 10 84 112 10 84 112 11 243 112 11 243 112 10 243 44 10 244 44 10 244 44 1 244 44 0
12 85 23 0 85 23 1 85 23 4 84 23 4 84 130 4 84 130 5 186 130 5 186 130 4 186 2 4 187 2 4 187 2 1 187 2 0
13 28 30 0 28 31 0 28 31 1 28 31 12 27 31 12 27 108 12 27 108 13 69 108 13 69 108 12 69 9 12 70 9 12 70 9 1 70 9 0
12 94 86 0 94 86 1 94 86 10 93 86 10 93 113 10 93 113 11 147 113 11 147 113 10 147 93 10 148 93 10 148 93 1 148 93 0
12 1 51 0 1 51 1 1 51 12 0 51 12 0 109 12 0 109 13 12 109 13 12 109 12 12 51 12 13 51 12 13 51 1 13 51 0
13 208 30 0 208 30 1 208 30 4 207 30 4 207 131 4 207 131 5 234 131 5 234 131 4 234 24 4 235 24 4 235 24 1 235 24 0 235 23 0
12 22 37 0 22 37 1 22 37 10 21 37 10 21 114 10 21 114 11 234 114 11 234 114 10 234 2 10 235 2 10 235 2 1 235 2 0
12 70 93 0 70 93 1 70 93 2 69 93 2 69 135 2 69 135 3 267 135 3 267 135 2 267 23 2 268 23 2 268 23 1 268 23 0
9 184 30 0 184 30 1 184 30 2 185 30 2 185 66 2 184 66 2 184 66 1 184 66 0 184 65 0
12 208 44 0 208 44 1 208 44 6 207 44 6 207 122 6 207 122 7 240 122 7 240 122 6 240 23 6 241 23 6 241 23 1 241 23 0
13 1 44 0 1 44 1 1 44 8 0 44 8 0 118 8 0 118 9 246 118 9 246 118 8 246 80 8 247 80 8 247 80 1 247 80 0 247 79 0
13 58 79 0 58 79 1 58 79 6 57 79 6 57 123 6 57 123 7 72 123 7 72 123 6 72 38 6 73 38 6 73 38 1 73 38 0 73 37 0
13 40 93 0 40 93 1 40 93 14 39 93 14 39 104 14 39 104 15 255 104 15 255 104 14 255 24 14 256 24 14 256 24 1 256 24 0 256 23 0
12 37 16 0 37 16 1 37 16 12 36 16 12 36 110 12 36 110 13 48 110 13 48 110 12 48 2 12 49 2 12 49 2 1 49 2 0
12 232 79 0 232 79 1 232 79 10 231 79 10 231 115 10 231 115 11 249 115 11 249 115 10 249 44 10 250 44 10 250 44 1 250 44 0
12 127 2 0 127 2 1 127 2 12 126 2 12 126 111 12 126 111 13 189 111 13 189 111 12 189 30 12 190 30 12 190 30 1 190 30 0
12 49 9 0 49 9 1 49 9 8 48 9 8 48 119 8 48 119 9 87 119 9 87 119 8 87 9 8 88 9 8 88 9 1 88 9 0
13 85 9 0 85 9 1 85 9 12 84 9 12 84 112 12 84 112 13 279 112 13 279 112 12 279 10 12 280 10 12 280 10 1 280 10 0 280 9 0
13 16 30 0 16 31 0 16 31 1 16 31 8 15 31 8 15 120 8 15 120 9 54 120 9 54 120 8 54 30 8 55 30 8 55 30 1 55 30 0
12 64 44 0 64 44 1 64 44 12 63 44 12 63 113 12 63 113 13 231 113 13 231 113 12 231 44 12 232 44 12 232 44 1 232 44 0
12 52 44 0 52 44 1 52 44 12 51 44 12 51 114 12 51 114 13 285 114 13 285 114 12 285 16 12 286 16 12 286 16 1 286 16 0
13 124 93 0 124 94 0 124 94 1 124 94 12 123 94 12 123 115 12 123 115 13 252 115 13 252 115 12 252 72 12 253 72 12 253 72 1 253 72 0
13 172 9 0 172 9 1 172 9 10 171 9 10 171 116 10 171 116 11 282 116 11 282 116 10 282 3 10 283 3 10 283 3 1 283 3 0 283 2 0
12 250 9 0 250 9 1 250 9 16 249 9 16 249 99 16 249 99 17 255 99 17 255 99 16 255 86 16 256 86 16 256 86 1 256 86 0
12 82 93 0 82 93 1 82 93 10 81 93 10 81 117 10 81 117 11 99 117 11 99 117 10 99 93 10 100 93 10 100 93 1 100 93 0
13 199 72 0 199 73 0 199 73 1 199 73 16 198 73 16 198 100 16 198 100 17 246 100 17 246 100 16 246 16 16 247 16 16 247 16 1 247 16 0
12 127 44 0 127 44 1 127 44 4 126 44 4 126 132 4 126 132 5 138 132 5 138 132 4 138 9 4 139 9 4 139 9 1 139 9 0
12 232 93 0 232 93 1 232 93 6 231 93 6 231 124 6 231 124 7 258 124 7 258 124 6 258 65 6 259 65 6 259 65 1 259 65 0
12 73 93 0 73 93 1 73 93 16 72 93 16 72 101 16 72 101 17 102 101 17 102 101 16 102 79 16 103 79 16 103 79 1 103 79 0
12 109 51 0 109 51 1 109 51 14 108 51 14 108 105 14 108 105 15 138 105 15 138 105 14 138 23 14 139 23 14 139 23 1 139 23 0
12 175 9 0 175 9 1 175 9 8 174 9 8 174 121 8 174 121 9 237 121 9 237 121 8 237 72 8 238 72 8 238 72 1 238 72 0
13 97 86 0 97 86 1 97 86 6 96 86 6 96 125 6 96 125 7 183 125 7 183 125 6 183 31 6 184 31 6 184 31 1 184 31 0 184 30 0
12 226 44 0 226 44 1 226 44 4 225 44 4 225 133 4 225 133 5 291 133 5 291 133 4 291 9 4 292 9 4 292 9 1 292 9 0
12 25 72 0 25 72 1 25 72 8 24 72 8 24 122 8 24 122 9 285 122 9 285 122 8 285 58 8 286 58 8 286 58 1 286 58 0
12 1 2 0 1 2 1 1 2 2 0 2 2 0 136 2 0 136 3 237 136 3 237 136 2 237 37 2 238 37 2 238 37 1 238 37 0
13 136 44 0 136 45 0 136 45 1 136 45 14 135 45 14 135 106 14 135 106 15 231 106 15 231 106 14 231 37 14 232 37 14 232 37 1 232 37 0
12 133 65 0 133 65 1 133 65 6 132 65 6 132 126 6 132 126 7 159 126 7 159 126 6 159 86 6 160 86 6 160 86 1 160 86 0
13 184 44 0 184 44 1 184 44 16 183 44 16 183 102 16 183 102 17 231 102 17 231 102 16 231 45 16 232 45 16 232 45 1 232 45 0 232 44 0
12 34 16 0 34 16 1 34 16 4 33 16 4 33 134 4 33 134 5 150 134 5 150 134 4 150 79 4 151 79 4 151 79 1 151 79 0
12 130 72 0 130 72 1 130 72 10 129 72 10 129 118 10 129 118 11 261 118 11 261 118 10 261 79 10 262 79 10 262 79 1 262 79 0
13 34 72 0 34 72 1 34 72 18 33 72 18 33 99 18 33 99 19 255 99 19 255 99 18 255 73 18 256 73 18 256 73 1 256 73 0 256 72 0
12 190 93 0 190 93 1 190 93 8 189 93 8 189 123 8 189 123 9 222 123 9 222 123 8 222 37 8 223 37 8 223 37 1 223 37 0
14 40 44 0 40 45 0 40 45 1 40 45 8 39 45 8 39 124 8 39 124 9 57 124 9 57 124 8 57 52 8 58 52 8 58 52 1 58 52 0 58 51 0
12 214 30 0 214 30 1 214 30 6 213 30 6 213 127 6 213 127 7 276 127 7 276 127 6 276 93 6 277 93 6 277 93 1 277 93 0
13 58 93 0 58 93 1 58 93 12 57 93 12 57 116 12 57 116 13 81 116 13 81 116 12 81 94 12 82 94 12 82 94 1 82 94 0 82 93 0
12 157 79 0 157 79 1 157 79 8 156 79 8 156 125 8 156 125 9 276 125 9 276 125 8 276 65 8 277 65 8 277 65 1 277 65 0
12 82 16 0 82 16 1 82 16 14 81 16 14 81 107 14 81 107 15 288 107 15 288 107 14 288 79 14 289 79 14 289 79 1 289 79 0
12 82 2 0 82 2 1 82 2 16 81 2 16 81 103 16 81 103 17 162 103 17 162 103 16 162 93 16 163 93 16 163 93 1 163 93 0
12 4 2 0 4 2 1 4 2 8 3 2 8 3 126 8 3 126 9 240 126 9 240 126 8 240 72 8 241 72 8 241 72 1 241 72 0
12 1 58 0 1 58 1 1 58 10 0 58 10 0 119 10 0 119 11 33 119 11 33 119 10 33 58 10 34 58 10 34 58 1 34 58 0
13 82 58 0 82 59 0 82 59 1 82 59 18 81 59 18 81 100 18 81 100 19 267 100 19 267 100 18 267 86 18 268 86 18 268 86 1 268 86 0
14 40 58 0 40 59 0 40 59 1 40 59 16 39 59 16 39 104 16 39 104 17 63 104 17 63 104 16 63 45 16 64 45 16 64 45 1 64 45 0 64 44 0
13 67 44 0 67 45 0 67 45 1 67 45 14 66 45 14 66 108 14 66 108 15 126 108 15 126 108 14 126 51 14 127 51 14 127 51 1 127 51 0
12 169 51 0 169 51 1 169 51 12 168 51 12 168 117 12 168 117 13 195 117 13 195 117 12 195 44 12 196 44 12 196 44 1 196 44 0
12 211 93 0 211 93 1 211 93 8 210 93 8 210 127 8 210 127 9 225 127 9 225 127 8 225 72 8 226 72 8 226 72 1 226 72 0
12 100 44 0 100 44 1 100 44 6 99 44 6 99 128 6 99 128 7 111 128 7 111 128 6 111 72 6 112 72 6 112 72 1 112 72 0
13 130 65 0 130 66 0 130 66 1 130 66 12 129 66 12 129 118 12 129 118 13 261 118 13 261 118 12 261 37 12 262 37 12 262 37 1 262 37 0
12 31 79 0 31 79 1 31 79 6 30 79 6 30 129 6 30 129 7 69 129 7 69 129 6 69 30 6 70 30 6 70 30 1 70 30 0
12 91 16 0 91 16 1 91 16 4 90 16 4 90 135 4 90 135 5 264 135 5 264 135 4 264 86 4 265 86 4 265 86 1 265 86 0
12 184 23 0 184 23 1 184 23 8 183 23 8 183 128 8 183 128 9 192 128 9 192 128 8 192 9 8 193 9 8 193 9 1 193 9 0
12 16 16 0 16 16 1 16 16 18 15 16 18 15 101 18 15 101 19 231 101 19 231 101 18 231 51 18 232 51 18 232 51 1 232 51 0
12 139 93 0 139 93 1 139 93 6 138 93 6 138 130 6 138 130 7 237 130 7 237 130 6 237 30 6 238 30 6 238 30 1 238 30 0
13 22 37 0 22 38 0 22 38 1 22 38 12 21 38 12 21 119 12 21 119 13 234 119 13 234 119 12 234 58 12 235 58 12 235 58 1 235 58 0
12 91 2 0 91 2 1 91 2 10 90 2 10 90 120 10 90 120 11 273 120 11 273 120 10 273 65 10 274 65 10 274 65 1 274 65 0
12 157 58 0 157 58 1 157 58 6 156 58 6 156 131 6 156 131 7 180 131 7 180 131 6 180 37 6 181 37 6 181 37 1 181 37 0
13 34 16 0 34 17 0 34 17 1 34 17 2 33 17 2 33 137 2 33 137 3 57 137 3 57 137 2 57 30 2 58 30 2 58 30 1 58 30 0
13 175 23 0 175 24 0 175 24 1 175 24 12 174 24 12 174 120 12 174 120 13 243 120 13 243 120 12 243 93 12 244 93 12 244 93 1 244 93 0
12 46 58 0 46 58 1 46 58 12 45 58 12 45 121 12 45 121 13 249 121 13 249 121 12 249 30 12 250 30 12 250 30 1 250 30 0
14 76 16 0 76 17 0 76 17 1 76 17 16 75 17 16 75 105 16 75 105 17 126 105 17 126 105 16 126 17 16 127 17 16 127 17 1 127 17 0 127 16 0
15 133 9 0 133 9 1 133 9 16 132 9 16 132 106 16 132 106 17 144 106 17 144 106 16 144 81 16 145 81 16 145 81 1 145 81 0 144 81 0 144 79 0 145 79 0
13 88 51 0 88 51 1 88 51 12 87 51 12 87 122 12 87 122 13 273 122 13 273 122 12 273 45 12 274 45 12 274 45 1 274 45 0 274 44 0
12 49 23 0 49 23 1 49 23 6 48 23 6 48 132 6 48 132 7 267 132 7 267 132 6 267 37 6 268 37 6 268 37 1 268 37 0
12 208 65 0 208 65 1 208 65 2 207 65 2 207 138 2 207 138 3 210 138 3 210 138 2 210 23 2 211 23 2 211 23 1 211 23 0
13 19 65 0 19 66 0 19 66 1 19 66 10 18 66 10 18 121 10 18 121 11 252 121 11 252 121 10 252 30 10 253 30 10 253 30 1 253 30 0
13 31 72 0 31 72 1 31 72 14 30 72 14 30 109 14 30 109 15 51 109 15 51 109 14 51 87 14 52 87 14 52 87 1 52 87 0 52 86 0
13 82 9 0 82 10 0 82 10 1 82 10 20 81 10 20 81 99 20 81 99 21 156 99 21 156 99 20 156 72 20 157 72 20 157 72 1 157 72 0
13 43 65 0 43 65 1 43 65 16 42 65 16 42 107 16 42 107 17 60 107 17 60 107 16 60 94 16 61 94 16 61 94 1 61 94 0 61 93 0
13 106 86 0 106 86 1 106 86 14 105 86 14 105 110 14 105 110 15 171 110 15 171 110 14 171 73 14 172 73 14 172 73 1 172 73 0 172 72 0
12 187 51 0 187 51 1 187 51 10 186 51 10 186 122 10 186 122 11 192 122 11 192 122 10 192 37 10 193 37 10 193 37 1 193 37 0
12 172 65 0 172 65 1 172 65 16 171 65 16 171 108 16 171 108 17 270 108 17 270 108 16 270 93 16 271 93 16 271 93 1 271 93 0
13 91 37 0 91 37 1 91 37 16 90 37 16 90 109 16 90 109 17 288 109 17 288 109 16 288 94 16 289 94 16 289 94 1 289 94 0 289 93 0
12 49 72 0 49 72 1 49 72 2 48 72 2 48 139 2 48 139 3 216 139 3 216 139 2 216 93 2 217 93 2 217 93 1 217 93 0
12 16 58 0 16 58 1 16 58 14 15 58 14 15 111 14 15 111 15 21 111 15 21 111 14 21 9 14 22 9 14 22 9 1 22 9 0
12 61 30 0 61 30 1 61 30 18 60 30 18 60 102 18 60 102 19 186 102 19 186 102 18 186 9 18 187 9 18 187 9 1 187 9 0
12 130 9 0 130 9 1 130 9 16 129 9 16 129 110 16 129 110 17 210 110 17 210 110 16 210 37 16 211 37 16 211 37 1 211 37 0
12 223 58 0 223 58 1 223 58 6 222 58 6 222 133 6 222 133 7 261 133 7 261 133 6 261 30 6 262 30 6 262 30 1 262 30 0
12 52 23 0 52 23 1 52 23 18 51 23 18 51 103 18 51 103 19 102 103 19 102 103 18 102 30 18 103 30 18 103 30 1 103 30 0
13 4 58 0 4 58 1 4 58 14 3 58 14 3 112 14 3 112 15 36 112 15 36 112 14 36 59 14 37 59 14 37 59 1 37 59 0 37 58 0
12 4 72 0 4 72 1 4 72 16 3 72 16 3 111 16 3 111 17 273 111 17 273 111 16 273 93 16 274 93 16 274 93 1 274 93 0
14 64 9 0 64 10 0 64 10 1 64 10 18 63 10 18 63 104 18 63 104 19 240 104 19 240 104 18 240 38 18 241 38 18 241 38 1 241 38 0 241 37 0
13 1 51 0 1 52 0 1 52 1 1 52 6 0 52 6 0 134 6 0 134 7 264 134 7 264 134 6 264 16 6 265 16 6 265 16 1 265 16 0
12 7 93 0 7 93 1 7 93 10 6 93 10 6 123 10 6 123 11 156 123 11 156 123 10 156 9 10 157 9 10 157 9 1 157 9 0
12 103 2 0 103 2 1 103 2 20 102 2 20 102 100 20 102 100 21 279 100 21 279 100 20 279 79 20 280 79 20 280 79 1 280 79 0
13 25 44 0 25 44 1 25 44 18 24 44 18 24 105 18 24 105 19 144 105 19 144 105 18 144 17 18 145 17 18 145 17 1 145 17 0 145 16 0
12 88 44 0 88 44 1 88 44 10 87 44 10 87 124 10 87 124 11 189 124 11 189 124 10 189 72 10 190 72 10 190 72 1 190 72 0
12 40 23 0 40 23 1 40 23 18 39 23 18 39 106 18 39 106 19 87 106 19 87 106 18 87 58 18 88 58 18 88 58 1 88 58 0
13 61 30 0 61 31 0 61 31 1 61 31 10 60 31 10 60 125 10 60 125 11 264 125 11 264 125 10 264 37 10 265 37 10 265 37 1 265 37 0
12 16 2 0 16 2 1 16 2 16 15 2 16 15 112 16 15 112 17 192 112 17 192 112 16 192 23 16 193 23 16 193 23 1 193 23 0
14 166 93 0 166 94 0 166 94 1 166 94 12 165 94 12 165 123 12 165 123 13 192 123 13 192 123 12 192 45 12 193 45 12 193 45 1 193 45 0 193 44 0
13 94 44 0 94 45 0 94 45 1 94 45 14 93 45 14 93 113 14 93 113 15 177 113 15 177 113 14 177 16 14 178 16 14 178 16 1 178 16 0
13 193 9 0 193 10 0 193 10 1 193 10 14 192 10 14 192 114 14 192 114 15 252 114 15 252 114 14 252 93 14 253 93 14 253 93 1 253 93 0
14 64 2 0 64 3 0 64 3 1 64 3 20 63 3 20 63 101 20 63 101 21 129 101 21 129 101 20 129 73 20 130 73 20 130 73 1 130 73 0 130 72 0
13 4 58 0 4 59 0 4 59 1 4 59 18 3 59 18 3 107 18 3 107 19 126 107 19 126 107 18 126 72 18 127 72 18 127 72 1 127 72 0
13 160 86 0 160 87 0 160 87 1 160 87 8 159 87 8 159 129 8 159 129 9 186 129 9 186 129 8 186 86 8 187 86 8 187 86 1 187 86 0
12 139 2 0 139 2 1 139 2 8 138 2 8 138 130 8 138 130 9 216 130 9 216 130 8 216 65 8 217 65 8 217 65 1 217 65 0
12 28 37 0 28 37 1 28 37 10 27 37 10 27 126 10 27 126 11 72 126 11 72 126 10 72 51 10 73 51 10 73 51 1 73 51 0
12 112 9 0 112 9 1 112 9 12 111 9 12 111 124 12 111 124 13 264 124 13 264 124 12 264 9 12 265 9 12 265 9 1 265 9 0
13 28 23 0 28 23 1 28 23 14 27 23 14 27 115 14 27 115 15 228 115 15 228 115 14 228 80 14 229 80 14 229 80 1 229 80 0 229 79 0
13 28 16 0 28 16 1 28 16 16 27 16 16 27 113 16 27 113 17 96 113 17 96 113 16 96 45 16 97 45 16 97 45 1 97 45 0 97 44 0
13 154 51 0 154 52 0 154 52 1 154 52 12 153 52 12 153 125 12 153 125 13 156 125 13 156 125 12 156 16 12 157 16 12 157 16 1 157 16 0
12 178 65 0 178 65 1 178 65 16 177 65 16 177 114 16 177 114 17 267 114 17 267 114 16 267 2 16 268 2 16 268 2 1 268 2 0
13 43 93 0 43 93 1 43 93 14 42 93 14 42 116 14 42 116 15 222 116 15 222 116 14 222 94 14 223 94 14 223 94 1 223 94 0 223 93 0
13 73 58 0 73 58 1 73 58 12 72 58 12 72 126 12 72 126 13 216 126 13 216 126 12 216 66 12 217 66 12 217 66 1 217 66 0 217 65 0
13 127 51 0 127 52 0 127 52 1 127 52 20 126 52 20 126 102 20 126 102 21 177 102 21 177 102 20 177 79 20 178 79 20 178 79 1 178 79 0
12 4 16 0 4 16 1 4 16 20 3 16 20 3 103 20 3 103 21 108 103 21 108 103 20 108 72 20 109 72 20 109 72 1 109 72 0
12 55 23 0 55 23 1 55 23 10 54 23 10 54 127 10 54 127 11 222 127 11 222 127 10 222 51 10 223 51 10 223 51 1 223 51 0
12 214 2 0 214 2 1 214 2 2 213 2 2 213 140 2 213 140 3 291 140 3 291 140 2 291 44 2 292 44 2 292 44 1 292 44 0
13 28 44 0 28 44 1 28 44 18 27 44 18 27 108 18 27 108 19 204 108 19 204 108 18 204 80 18 205 80 18 205 80 1 205 80 0 205 79 0
15 10 2 0 10 2 1 10 2 20 9 2 20 9 104 20 9 104 21 144 104 21 144 104 20 144 53 20 145 53 20 145 53 1 145 53 0 144 53 0 144 51 0 145 51 0
12 28 9 0 28 9 1 28 9 20 27 9 20 27 105 20 27 105 21 42 105 21 42 105 20 42 37 20 43 37 20 43 37 1 43 37 0
13 91 23 0 91 23 1 91 23 18 90 23 18 90 109 18 90 109 19 219 109 19 219 109 18 219 31 18 220 31 18 220 31 1 220 31 0 220 30 0
13 166 16 0 166 16 1 166 16 16 165 16 16 165 115 16 165 115 17 252 115 17 252 115 16 252 31 16 253 31 16 253 31 1 253 31 0 253 30 0
13 16 93 0 16 93 1 16 93 20 15 93 20 15 106 20 15 106 21 198 106 21 198 106 20 198 87 20 199 87 20 199 87 1 199 87 0 199 86 0
15 31 16 0 31 16 1 31 16 16 30 16 16 30 116 16 30 116 17 219 116 17 219 116 16 219 67 16 220 67 16 220 67 1 220 67 0 219 67 0 219 65 0 220 65 0
12 70 79 0 70 79 1 70 79 4 69 79 4 69 136 4 69 136 5 120 136 5 120 136 4 120 79 4 121 79 4 121 79 1 121 79 0
13 106 86 0 106 87 0 106 87 1 106 87 10 105 87 10 105 128 10 105 128 11 246 128 11 246 128 10 246 65 10 247 65 10 247 65 1 247 65 0
12 145 86 0 145 86 1 145 86 22 144 86 22 144 99 22 144 99 23 192 99 23 192 99 22 192 65 22 193 65 22 193 65 1 193 65 0
12 37 72 0 37 72 1 37 72 16 36 72 16 36 117 16 36 117 17 150 117 17 150 117 16 150 44 16 151 44 16 151 44 1 151 44 0
12 139 30 0 139 30 1 139 30 10 138 30 10 138 129 10 138 129 11 210 129 11 210 129 10 210 16 10 211 16 10 211 16 1 211 16 0
15 94 44 0 93 44 0 93 46 0 94 46 0 94 46 1 94 46 20 93 46 20 93 107 20 93 107 21 255 107 21 255 107 20 255 9 20 256 9 20 256 9 1 256 9 0
12 220 44 0 220 44 1 220 44 14 219 44 14 219 117 14 219 117 15 240 117 15 240 117 14 240 86 14 241 86 14 241 86 1 241 86 0
12 1 65 0 1 65 1 1 65 4 0 65 4 0 137 4 0 137 5 273 137 5 273 137 4 273 37 4 274 37 4 274 37 1 274 37 0
13 142 93 0 142 94 0 142 94 1 142 94 6 141 94 6 141 135 6 141 135 7 210 135 7 210 135 6 210 65 6 211 65 6 211 65 1 211 65 0
13 121 79 0 121 80 0 121 80 1 121 80 12 120 80 12 120 127 12 120 127 13 246 127 13 246 127 12 246 9 12 247 9 12 247 9 1 247 9 0
13 103 79 0 103 80 0 103 80 1 103 80 22 102 80 22 102 100 22 102 100 23 213 100 23 213 100 22 213 23 22 214 23 22 214 23 1 214 23 0
12 109 58 0 109 58 1 109 58 16 108 58 16 108 118 16 108 118 17 282 118 17 282 118 16 282 86 16 283 86 16 283 86 1 283 86 0
12 199 58 0 199 58 1 199 58 18 198 58 18 198 110 18 198 110 19 222 110 19 222 110 18 222 16 18 223 16 18 223 16 1 223 16 0
12 100 72 0 100 72 1 100 72 2 99 72 2 99 141 2 99 141 3 138 141 3 138 141 2 138 72 2 139 72 2 139 72 1 139 72 0
13 112 86 0 112 86 1 112 86 10 111 86 10 111 130 10 111 130 11 267 130 11 267 130 10 267 38 10 268 38 10 268 38 1 268 38 0 268 37 0
13 19 58 0 19 58 1 19 58 6 18 58 6 18 136 6 18 136 7 162 136 7 162 136 6 162 94 6 163 94 6 163 94 1 163 94 0 163 93 0
12 46 93 0 46 93 1 46 93 4 45 93 4 45 138 4 45 138 5 174 138 5 174 138 4 174 93 4 175 93 4 175 93 1 175 93 0
13 46 86 0 46 86 1 46 86 14 45 86 14 45 118 14 45 118 15 186 118 15 186 118 14 186 10 14 187 10 14 187 10 1 187 10 0 187 9 0
12 268 37 0 267 37 0 267 39 0 268 39 0 268 39 1 268 39 2 269 39 2 269 87 2 268 87 2 268 87 1 268 87 0 268 86 0
12 118 9 0 118 9 1 118 9 4 117 9 4 117 139 4 117 139 5 195 139 5 195 139 4 195 23 4 196 23 4 196 23 1 196 23 0
13 28 44 0 28 45 0 28 45 1 28 45 22 27 45 22 27 101 22 27 101 23 225 101 23 225 101 22 225 79 22 226 79 22 226 79 1 226 79 0
13 16 16 0 16 17 0 16 17 1 16 17 22 15 17 22 15 102 22 15 102 23 54 102 23 54 102 22 54 93 22 55 93 22 55 93 1 55 93 0
12 88 16 0 88 16 1 88 16 14 87 16 14 87 119 14 87 119 15 246 119 15 246 119 14 246 44 14 247 44 14 247 44 1 247 44 0
12 19 16 0 19 16 1 19 16 14 18 16 14 18 120 14 18 120 15 234 120 15 234 120 14 234 79 14 235 79 14 235 79 1 235 79 0
13 121 65 0 121 65 1 121 65 18 120 65 18 120 111 18 120 111 19 177 111 19 177 111 18 177 52 18 178 52 18 178 52 1 178 52 0 178 51 0
12 7 72 0 7 72 1 7 72 12 6 72 12 6 128 12 6 128 13 228 128 13 228 128 12 228 58 12 229 58 12 229 58 1 229 58 0
12 37 30 0 37 30 1 37 30 18 36 30 18 36 112 18 36 112 19 96 112 19 96 112 18 96 79 18 97 79 18 97 79 1 97 79 0
12 160 93 0 160 93 1 160 93 12 159 93 12 159 129 12 159 129 13 258 129 13 258 129 12 258 86 12 259 86 12 259 86 1 259 86 0
12 52 58 0 52 58 1 52 58 20 51 58 20 51 108 20 51 108 21 288 108 21 288 108 20 288 30 20 289 30 20 289 30 1 289 30 0
12 22 51 0 22 51 1 22 51 8 21 51 8 21 131 8 21 131 9 261 131 9 261 131 8 261 16 8 262 16 8 262 16 1 262 16 0
15 13 58 0 13 58 1 13 58 14 12 58 14 12 121 14 12 121 15 111 121 15 111 121 14 111 60 14 112 60 14 112 60 1 112 60 0 111 60 0 111 58 0 112 58 0
16 19 79 0 19 80 0 19 80 1 19 80 12 18 80 12 18 130 12 18 130 13 24 130 13 24 130 12 24 18 12 25 18 12 25 18 1 25 18 0 24 18 0 24 16 0 25 16 0
12 22 2 0 22 2 1 22 2 20 21 2 20 21 109 20 21 109 21 96 109 21 96 109 20 96 2 20 97 2 20 97 2 1 97 2 0
15 109 65 0 109 65 1 109 65 18 108 65 18 108 113 18 108 113 19 135 113 19 135 113 18 135 46 18 136 46 18 136 46 1 136 46 0 135 46 0 135 44 0 136 44 0
13 178 37 0 178 37 1 178 37 22 177 37 22 177 103 22 177 103 23 261 103 23 261 103 22 261 17 22 262 17 22 262 17 1 262 17 0 262 16 0
15 193 44 0 192 44 0 192 46 0 193 46 0 193 46 1 193 46 18 192 46 18 192 114 18 192 114 19 270 114 19 270 114 18 270 79 18 271 79 18 271 79 1 271 79 0
12 229 44 0 229 44 1 229 44 16 228 44 16 228 119 16 228 119 17 264 119 17 264 119 16 264 30 16 265 30 16 265 30 1 265 30 0
13 115 37 0 115 37 1 115 37 8 114 37 8 114 132 8 114 132 9 267 132 9 267 132 8 267 24 8 268 24 8 268 24 1 268 24 0 268 23 0
14 109 93 0 109 94 0 109 94 1 109 94 22 108 94 22 108 104 22 108 104 23 162 104 23 162 104 22 162 59 22 163 59 22 163 59 1 163 59 0 163 58 0
15 145 58 0 145 58 1 145 58 24 144 58 24 144 99 24 144 99 25 282 99 25 282 99 24 282 4 24 283 4 24 283 4 1 283 4 0 282 4 0 282 2 0 283 2 0
16 28 93 0 28 94 0 28 94 1 28 94 24 27 94 24 27 100 24 27 100 25 33 100 25 33 100 24 33 18 24 34 18 24 34 18 1 34 18 0 33 18 0 33 16 0 34 16 0
12 19 23 0 19 23 1 19 23 16 18 23 16 18 120 16 18 120 17 135 120 17 135 120 16 135 9 16 136 9 16 136 9 1 136 9 0
15 13 16 0 12 16 0 12 18 0 13 18 0 13 18 1 13 18 24 12 18 24 12 101 24 12 101 25 108 101 25 108 101 24 108 16 24 109 16 24 109 16 1 109 16 0
16 157 58 0 157 59 0 157 59 1 157 59 16 156 59 16 156 121 16 156 121 17 222 121 17 222 121 16 222 95 16 223 95 16 223 95 1 223 95 0 222 95 0 222 93 0 223 93 0
15 184 51 0 184 51 1 184 51 14 183 51 14 183 122 14 183 122 15 261 122 15 261 122 14 261 18 14 262 18 14 262 18 1 262 18 0 261 18 0 261 16 0 262 16 0
12 109 2 0 109 2 1 109 2 26 108 2 26 108 99 26 108 99 27 234 99 27 234 99 26 234 51 26 235 51 26 235 51 1 235 51 0
12 73 2 0 73 2 1 73 2 18 72 2 18 72 115 18 72 115 19 93 115 19 93 115 18 93 51 18 94 51 18 94 51 1 94 51 0
12 22 58 0 22 58 1 22 58 16 21 58 16 21 122 16 21 122 17 189 122 17 189 122 16 189 65 16 190 65 16 190 65 1 190 65 0
12 76 9 0 76 9 1 76 9 14 75 9 14 75 123 14 75 123 15 216 123 15 216 123 14 216 51 14 217 51 14 217 51 1 217 51 0
14 4 30 0 4 31 0 4 31 1 4 31 26 3 31 26 3 100 26 3 100 27 27 100 27 27 100 26 27 38 26 28 38 26 28 38 1 28 38 0 28 37 0
12 34 30 0 34 30 1 34 30 22 33 30 22 33 105 22 33 105 23 255 105 23 255 105 22 255 30 22 256 30 22 256 30 1 256 30 0
12 112 51 0 112 51 1 112 51 18 111 51 18 111 116 18 111 116 19 156 116 19 156 116 18 156 86 18 157 86 18 157 86 1 157 86 0
13 79 58 0 79 58 1 79 58 12 78 58 12 78 131 12 78 131 13 138 131 13 138 131 12 138 24 12 139 24 12 139 24 1 139 24 0 139 23 0
13 37 23 0 37 24 0 37 24 1 37 24 20 36 24 20 36 110 20 36 110 21 282 110 21 282 110 20 282 44 20 283 44 20 283 44 1 283 44 0
13 166 9 0 166 9 1 166 9 10 165 9 10 165 131 10 165 131 11 168 131 11 168 131 10 168 59 10 169 59 10 169 59 1 169 59 0 169 58 0
12 142 37 0 142 37 1 142 37 10 141 37 10 141 132 10 141 132 11 150 132 11 150 132 10 150 72 10 151 72 10 151 72 1 151 72 0
12 4 23 0 4 23 1 4 23 22 3 23 22 3 106 22 3 106 23 234 106 23 234 106 22 234 9 22 235 9 22 235 9 1 235 9 0
13 181 51 0 181 51 1 181 51 14 180 51 14 180 124 14 180 124 15 225 124 15 225 124 14 225 45 14 226 45 14 226 45 1 226 45 0 226 44 0
13 214 72 0 214 72 1 214 72 16 213 72 16 213 123 16 213 123 17 216 123 17 216 123 16 216 94 16 217 94 16 217 94 1 217 94 0 217 93 0
13 49 86 0 49 86 1 49 86 14 48 86 14 48 125 14 48 125 15 243 125 15 243 125 14 243 45 14 244 45 14 244 45 1 244 45 0 244 44 0
12 55 37 0 55 37 1 55 37 20 54 37 20 54 111 20 54 111 21 90 111 21 90 111 20 90 51 20 91 51 20 91 51 1 91 51 0
15 28 93 0 27 93 0 27 95 0 28 95 0 28 95 1 28 95 28 27 95 28 27 99 28 27 99 29 258 99 29 258 99 28 258 23 28 259 23 28 259 23 1 259 23 0
12 136 30 0 136 30 1 136 30 8 135 30 8 135 133 8 135 133 9 162 133 9 162 133 8 162 23 8 163 23 8 163 23 1 163 23 0
12 190 51 0 190 51 1 190 51 18 189 51 18 189 117 18 189 117 19 228 117 19 228 117 18 228 23 18 229 23 18 229 23 1 229 23 0
13 214 79 0 214 79 1 214 79 20 213 79 20 213 112 20 213 112 21 231 112 21 231 112 20 231 80 20 232 80 20 232 80 1 232 80 0 232 79 0
13 85 37 0 85 37 1 85 37 16 84 37 16 84 124 16 84 124 17 204 124 17 204 124 16 204 52 16 205 52 16 205 52 1 205 52 0 205 51 0
12 73 86 0 73 86 1 73 86 14 72 86 14 72 126 14 72 126 15 174 126 15 174 126 14 174 51 14 175 51 14 175 51 1 175 51 0
14 196 79 0 196 80 0 196 80 1 196 80 18 195 80 18 195 118 18 195 118 19 288 118 19 288 118 18 288 80 18 289 80 18 289 80 1 289 80 0 289 79 0
14 130 16 0 130 17 0 130 17 1 130 17 18 129 17 18 129 119 18 129 119 19 249 119 19 249 119 18 249 73 18 250 73 18 250 73 1 250 73 0 250 72 0
13 55 23 0 55 24 0 55 24 1 55 24 12 54 24 12 54 132 12 54 132 13 135 132 13 135 132 12 135 51 12 136 51 12 136 51 1 136 51 0
13 187 16 0 187 17 0 187 17 1 187 17 20 186 17 20 186 113 20 186 113 21 273 113 21 273 113 20 273 58 20 274 58 20 274 58 1 274 58 0
13 64 72 0 64 72 1 64 72 22 63 72 22 63 107 22 63 107 23 141 107 23 141 107 22 141 17 22 142 17 22 142 17 1 142 17 0 142 16 0
14 73 86 0 73 87 0 73 87 1 73 87 20 72 87 20 72 114 20 72 114 21 87 114 21 87 114 20 87 94 20 88 94 20 88 94 1 88 94 0 88 93 0
12 13 72 0 13 72 1 13 72 16 12 72 16 12 125 16 12 125 17 237 125 17 237 125 16 237 2 16 238 2 16 238 2 1 238 2 0
13 157 2 0 157 2 1 157 2 4 156 2 4 156 140 4 156 140 5 258 140 5 258 140 4 258 87 4 259 87 4 259 87 1 259 87 0 259 86 0
13 46 30 0 46 30 1 46 30 8 45 30 8 45 134 8 45 134 9 213 134 9 213 134 8 213 73 8 214 73 8 214 73 1 214 73 0 214 72 0
12 28 2 0 28 2 1 28 2 30 27 2 30 27 99 30 27 99 31 240 99 31 240 99 30 240 65 30 241 65 30 241 65 1 241 65 0
13 91 51 0 91 52 0 91 52 1 91 52 8 90 52 8 90 135 8 90 135 9 207 135 9 207 135 8 207 16 8 208 16 8 208 16 1 208 16 0
12 100 79 0 100 79 1 100 79 8 99 79 8 99 136 8 99 136 9 291 136 9 291 136 8 291 30 8 292 30 8 292 30 1 292 30 0
12 64 51 0 64 51 1 64 51 24 63 51 24 63 102 24 63 102 25 273 102 25 273 102 24 273 2 24 274 2 24 274 2 1 274 2 0
14 16 58 0 16 59 0 16 59 1 16 59 26 15 59 26 15 101 26 15 101 27 144 101 27 144 101 26 144 59 26 145 59 26 145 59 1 145 59 0 145 58 0
12 214 58 0 214 58 1 214 58 10 213 58 10 213 133 10 213 133 11 228 133 11 228 133 10 228 9 10 229 9 10 229 9 1 229 9 0
12 190 79 0 190 79 1 190 79 20 189 79 20 189 115 20 189 115 21 246 115 21 246 115 20 246 72 20 247 72 20 247 72 1 247 72 0
8 187 44 0 187 44 1 187 44 2 188 44 2 188 79 2 187 79 2 187 79 1 187 79 0
12 145 9 0 145 9 1 145 9 28 144 9 28 144 100 28 144 100 29 192 100 29 192 100 28 192 16 28 193 16 28 193 16 1 193 16 0
15 10 30 0 10 30 1 10 30 24 9 30 24 9 103 24 9 103 25 102 103 25 102 103 24 102 11 24 103 11 24 103 11 1 103 11 0 102 11 0 102 9 0 103 9 0
12 73 23 0 73 23 1 73 23 22 72 23 22 72 108 22 72 108 23 240 108 23 240 108 22 240 2 22 241 2 22 241 2 1 241 2 0
12 52 51 0 52 51 1 52 51 16 51 51 16 51 126 16 51 126 17 147 126 17 147 126 16 147 2 16 148 2 16 148 2 1 148 2 0
13 160 65 0 160 65 1 160 65 16 159 65 16 159 127 16 159 127 17 234 127 17 234 127 16 234 3 16 235 3 16 235 3 1 235 3 0 235 2 0
13 169 86 0 169 86 1 169 86 16 168 86 16 168 128 16 168 128 17 174 128 17 174 128 16 174 31 16 175 31 16 175 31 1 175 31 0 175 30 0
15 127 16 0 126 16 0 126 18 0 127 18 0 127 18 1 127 18 6 126 18 6 126 137 6 126 137 7 153 137 7 153 137 6 153 44 6 154 44 6 154 44 1 154 44 0
12 91 86 0 91 86 1 91 86 22 90 86 22 90 109 22 90 109 23 252 109 23 252 109 22 252 9 22 253 9 22 253 9 1 253 9 0
13 124 30 0 124 30 1 124 30 14 123 30 14 123 127 14 123 127 15 210 127 15 210 127 14 210 94 14 211 94 14 211 94 1 211 94 0 211 93 0
12 94 93 0 94 93 1 94 93 22 93 93 22 93 110 22 93 110 23 249 110 23 249 110 22 249 93 22 250 93 22 250 93 1 250 93 0
13 61 37 0 61 37 1 61 37 28 60 37 28 60 101 28 60 101 29 108 101 29 108 101 28 108 52 28 109 52 28 109 52 1 109 52 0 109 51 0
13 79 86 0 79 86 1 79 86 26 78 86 26 78 102 26 78 102 27 102 102 27 102 102 26 102 8 26 103 8 26 103 8 1 103 8 0 103 9 0
13 211 23 0 211 24 0 211 24 1 211 24 22 210 24 22 210 111 22 210 111 23 231 111 23 231 111 22 231 2 22 232 2 22 232 2 1 232 2 0
13 43 2 0 43 3 0 43 3 1 43 3 22 42 3 22 42 112 22 42 112 23 60 112 23 60 112 22 60 72 22 61 72 22 61 72 1 61 72 0
13 175 16 0 175 16 1 175 16 10 174 16 10 174 134 10 174 134 11 207 134 11 207 134 10 207 17 10 208 17 10 208 17 1 208 17 0 208 16 0
12 220 16 0 220 16 1 220 16 24 219 16 24 219 104 24 219 104 25 231 104 25 231 104 24 231 9 24 232 9 24 232 9 1 232 9 0
13 118 58 0 118 58 1 118 58 6 117 58 6 117 138 6 117 138 7 192 138 7 192 138 6 192 38 6 193 38 6 193 38 1 193 38 0 193 37 0
15 16 30 0 15 30 0 15 32 0 16 32 0 16 32 1 16 32 24 15 32 24 15 105 24 15 105 25 36 105 25 36 105 24 36 51 24 37 51 24 37 51 1 37 51 0
13 124 37 0 124 37 1 124 37 16 123 37 16 123 129 16 123 129 17 261 129 17 261 129 16 261 38 16 262 38 16 262 38 1 262 38 0 262 37 0
15 160 2 0 160 2 1 160 2 22 159 2 22 159 113 22 159 113 23 288 113 23 288 113 22 288 95 22 289 95 22 289 95 1 289 95 0 288 95 0 288 93 0 289 93 0
13 112 44 0 112 45 0 112 45 1 112 45 16 111 45 16 111 130 16 111 130 17 141 130 17 141 130 16 141 2 16 142 2 16 142 2 1 142 2 0
15 1 93 0 1 93 1 1 93 18 0 93 18 0 120 18 0 120 19 234 120 19 234 120 18 234 25 18 235 25 18 235 25 1 235 25 0 234 25 0 234 23 0 235 23 0
13 34 65 0 34 65 1 34 65 14 33 65 14 33 128 14 33 128 15 84 128 15 84 128 14 84 31 14 85 31 14 85 31 1 85 31 0 85 30 0
12 148 37 0 148 37 1 148 37 14 147 37 14 147 129 14 147 129 15 159 129 15 159 129 14 159 16 14 160 16 14 160 16 1 160 16 0
12 205 65 0 205 65 1 205 65 20 204 65 20 204 116 20 204 116 21 219 116 21 219 116 20 219 72 20 220 72 20 220 72 1 220 72 0
13 79 44 0 79 44 1 79 44 28 78 44 28 78 102 28 78 102 29 231 102 29 231 102 28 231 52 28 232 52 28 232 52 1 232 52 0 232 51 0
12 202 30 0 202 30 1 202 30 12 201 30 12 201 133 12 201 133 13 213 133 13 213 133 12 213 44 12 214 44 12 214 44 1 214 44 0
13 205 30 0 205 30 1 205 30 24 204 30 24 204 106 24 204 106 25 255 106 25 255 106 24 255 10 24 256 10 24 256 10 1 256 10 0 256 9 0
13 91 9 0 91 10 0 91 10 1 91 10 24 90 10 24 90 107 24 90 107 25 165 107 25 165 107 24 165 44 24 166 44 24 166 44 1 166 44 0
12 106 9 0 106 9 1 106 9 8 105 9 8 105 137 8 105 137 9 264 137 9 264 137 8 264 58 8 265 58 8 265 58 1 265 58 0
14 4 93 0 4 94 0 4 94 1 4 94 10 3 94 10 3 135 10 3 135 11 183 135 11 183 135 10 183 94 10 184 94 10 184 94 1 184 94 0 184 93 0
12 232 58 0 232 58 1 232 58 26 231 58 26 231 103 26 231 103 27 279 103 27 279 103 26 279 30 26 280 30 26 280 30 1 280 30 0
13 28 93 0 28 92 0 28 92 1 28 92 32 27 92 32 27 99 32 27 99 33 114 99 33 114 99 32 114 65 32 115 65 32 115 65 1 115 65 0
13 121 86 0 121 86 1 121 86 6 120 86 6 120 139 6 120 139 7 285 139 7 285 139 6 285 17 6 286 17 6 286 17 1 286 17 0 286 16 0
13 211 30 0 211 30 1 211 30 12 210 30 12 210 134 12 210 134 13 270 134 13 270 134 12 270 52 12 271 52 12 271 52 1 271 52 0 271 51 0
12 175 2 0 175 2 1 175 2 18 174 2 18 174 121 18 174 121 19 252 121 19 252 121 18 252 44 18 253 44 18 253 44 1 253 44 0
12 133 58 0 133 58 1 133 58 10 132 58 10 132 136 10 132 136 11 291 136 11 291 136 10 291 16 10 292 16 10 292 16 1 292 16 0
12 223 86 0 223 86 1 223 86 12 222 86 12 222 135 12 222 135 13 276 135 13 276 135 12 276 2 12 277 2 12 277 2 1 277 2 0
13 136 9 0 136 10 0 136 10 1 136 10 22 135 10 22 135 114 22 135 114 23 219 114 23 219 114 22 219 37 22 220 37 22 220 37 1 220 37 0
13 106 79 0 106 80 0 106 80 1 106 80 6 105 80 6 105 140 6 105 140 7 282 140 7 282 140 6 282 72 6 283 72 6 283 72 1 283 72 0
12 49 44 0 49 44 1 49 44 22 48 44 22 48 115 22 48 115 23 198 115 23 198 115 22 198 44 22 199 44 22 199 44 1 199 44 0
12 7 44 0 7 44 1 7 44 8 6 44 8 6 138 8 6 138 9 132 138 9 132 138 8 132 86 8 133 86 8 133 86 1 133 86 0
13 28 16 0 28 17 0 28 17 1 28 17 34 27 17 34 27 99 34 27 99 35 87 99 35 87 99 34 87 2 34 88 2 34 88 2 1 88 2 0
13 151 16 0 151 16 1 151 16 20 150 16 20 150 117 20 150 117 21 192 117 21 192 117 20 192 17 20 193 17 20 193 17 1 193 17 0 193 16 0
12 19 72 0 19 72 1 19 72 18 18 72 18 18 122 18 18 122 19 105 122 19 105 122 18 105 23 18 106 23 18 106 23 1 106 23 0
14 82 72 0 82 73 0 82 73 1 82 73 22 81 73 22 81 116 22 81 116 23 99 116 23 99 116 22 99 80 22 100 80 22 100 80 1 100 80 0 100 79 0
13 28 65 0 28 65 1 28 65 36 27 65 36 27 99 36 27 99 37 198 99 37 198 99 36 198 45 36 199 45 36 199 45 1 199 45 0 199 44 0
12 94 23 0 94 23 1 94 23 24 93 23 24 93 108 24 93 108 25 156 108 25 156 108 24 156 44 24 157 44 24 157 44 1 157 44 0
15 70 44 0 70 44 1 70 44 24 69 44 24 69 109 24 69 109 25 177 109 25 177 109 24 177 11 24 178 11 24 178 11 1 178 11 0 177 11 0 177 9 0 178 9 0
13 82 65 0 82 65 1 82 65 24 81 65 24 81 110 24 81 110 25 246 110 25 246 110 24 246 24 24 247 24 24 247 24 1 247 24 0 247 23 0
12 238 93 0 238 93 1 238 93 26 237 93 26 237 104 26 237 104 27 255 104 27 255 104 26 255 37 26 256 37 26 256 37 1 256 37 0
13 133 58 0 133 59 0 133 59 1 133 59 4 132 59 4 132 141 4 132 141 5 213 141 5 213 141 4 213 16 4 214 16 4 214 16 1 214 16 0
11 235 2 0 234 2 0 234 4 0 235 4 0 235 4 1 235 4 2 236 4 2 236 65 2 235 65 2 235 65 1 235 65 0
13 109 79 0 109 80 0 109 80 1 109 80 30 108 80 30 108 100 30 108 100 31 141 100 31 141 100 30 141 30 30 142 30 30 142 30 1 142 30 0
14 142 79 0 142 80 0 142 80 1 142 80 18 141 80 18 141 123 18 141 123 19 243 123 19 243 123 18 243 94 18 244 94 18 244 94 1 244 94 0 244 93 0
12 16 9 0 16 9 1 16 9 28 15 9 28 15 103 28 15 103 29 81 103 29 81 103 28 81 44 28 82 44 28 82 44 1 82 44 0
13 121 65 0 121 66 0 121 66 1 121 66 10 120 66 10 120 137 10 120 137 11 135 137 11 135 137 10 135 86 10 136 86 10 136 86 1 136 86 0
15 127 51 0 126 51 0 126 53 0 127 53 0 127 53 1 127 53 22 126 53 22 126 117 22 126 117 23 165 117 23 165 117 22 165 72 22 166 72 22 166 72 1 166 72 0
12 64 30 0 64 30 1 64 30 26 63 30 26 63 105 26 63 105 27 282 105 27 282 105 26 282 30 26 283 30 26 283 30 1 283 30 0
12 133 23 0 133 23 1 133 23 20 132 23 20 132 118 20 132 118 21 243 118 21 243 118 20 243 23 20 244 23 20 244 23 1 244 23 0
12 112 37 0 112 37 1 112 37 20 111 37 20 111 119 20 111 119 21 171 119 21 171 119 20 171 16 20 172 16 20 172 16 1 172 16 0
12 262 86 0 262 86 1 262 86 18 261 86 18 261 124 18 261 124 19 282 124 19 282 124 18 282 79 18 283 79 18 283 79 1 283 79 0
12 37 44 0 37 44 1 37 44 26 36 44 26 36 106 26 36 106 27 135 106 27 135 106 26 135 93 26 136 93 26 136 93 1 136 93 0
9 187 65 0 187 65 1 187 65 3 188 65 3 188 87 3 187 87 3 187 87 1 187 87 0 187 86 0
13 73 23 0 73 24 0 73 24 1 73 24 8 72 24 8 72 139 8 72 139 9 150 139 9 150 139 8 150 9 8 151 9 8 151 9 1 151 9 0
13 4 51 0 4 51 1 4 51 24 3 51 24 3 111 24 3 111 25 138 111 25 138 111 24 138 31 24 139 31 24 139 31 1 139 31 0 139 30 0
13 43 30 0 43 31 0 43 31 1 43 31 18 42 31 18 42 125 18 42 125 19 168 125 19 168 125 18 168 44 18 169 44 18 169 44 1 169 44 0
13 19 2 0 19 3 0 19 3 1 19 3 20 18 3 20 18 120 20 18 120 21 78 120 21 78 120 20 78 30 20 79 30 20 79 30 1 79 30 0
13 49 93 0 49 93 1 49 93 24 48 93 24 48 112 24 48 112 25 198 112 25 198 112 24 198 94 24 199 94 24 199 94 1 199 94 0 199 93 0
13 181 9 0 181 9 1 181 9 16 180 9 16 180 131 16 180 131 17 207 131 17 207 131 16 207 66 16 208 66 16 208 66 1 208 66 0 208 65 0
15 64 44 0 63 44 0 63 46 0 64 46 0 64 46 1 64 46 28 63 46 28 63 104 28 63 104 29 72 104 29 72 104 28 72 72 28 73 72 28 73 72 1 73 72 0
14 148 2 0 148 3 0 148 3 1 148 3 26 147 3 26 147 107 26 147 107 27 219 107 27 219 107 26 219 45 26 220 45 26 220 45 1 220 45 0 220 44 0
14 37 30 0 37 31 0 37 31 1 37 31 28 36 31 28 36 105 28 36 105 29 141 105 29 141 105 28 141 38 28 142 38 28 142 38 1 142 38 0 142 37 0
13 7 37 0 7 37 1 7 37 32 6 37 32 6 100 32 6 100 33 108 100 33 108 100 32 108 73 32 109 73 32 109 73 1 109 73 0 109 72 0
13 10 65 0 10 66 0 10 66 1 10 66 10 9 66 10 9 138 10 9 138 11 201 138 11 201 138 10 201 16 10 202 16 10 202 16 1 202 16 0
12 25 30 0 25 30 1 25 30 14 24 30 14 24 130 14 24 130 15 114 130 15 114 130 14 114 51 14 115 51 14 115 51 1 115 51 0
16 61 86 0 61 87 0 61 87 1 61 87 20 60 87 20 60 121 20 60 121 21 216 121 21 216 121 20 216 95 20 217 95 20 217 95 1 217 95 0 216 95 0 216 93 0 217 93 0
13 175 37 0 175 37 1 175 37 20 174 37 20 174 122 20 174 122 21 264 122 21 264 122 20 264 10 20 265 10 20 265 10 1 265 10 0 265 9 0
13 154 58 0 154 58 1 154 58 14 153 58 14 153 131 14 153 131 15 270 131 15 270 131 14 270 73 14 271 73 14 271 73 1 271 73 0 271 72 0
13 28 2 0 28 3 0 28 3 1 28 3 38 27 3 38 27 99 38 27 99 39 258 99 39 258 99 38 258 93 38 259 93 38 259 93 1 259 93 0
12 46 65 0 46 65 1 46 65 10 45 65 10 45 139 10 45 139 11 78 139 11 78 139 10 78 51 10 79 51 10 79 51 1 79 51 0
12 235 86 0 235 86 1 235 86 20 234 86 20 234 123 20 234 123 21 249 123 21 249 123 20 249 16 20 250 16 20 250 16 1 250 16 0
15 130 16 0 129 16 0 129 18 0 130 18 0 130 18 1 130 18 22 129 18 22 129 118 22 129 118 23 291 118 23 291 118 22 291 37 22 292 37 22 292 37 1 292 37 0
12 58 86 0 58 86 1 58 86 18 57 86 18 57 126 18 57 126 19 147 126 19 147 126 18 147 65 18 148 65 18 148 65 1 148 65 0
14 37 16 0 37 17 0 37 17 1 37 17 30 36 17 30 36 101 30 36 101 31 129 101 31 129 101 30 129 15 30 130 15 30 130 15 1 130 15 0 130 16 0
13 67 16 0 67 16 1 67 16 18 66 16 18 66 127 18 66 127 19 246 127 19 246 127 18 246 45 18 247 45 18 247 45 1 247 45 0 247 44 0
16 166 93 0 165 93 0 165 95 0 166 95 0 166 95 1 166 95 26 165 95 26 165 108 26 165 108 27 204 108 27 204 108 26 204 31 26 205 31 26 205 31 1 205 31 0 205 30 0
12 235 93 0 235 93 1 235 93 24 234 93 24 234 113 24 234 113 25 249 113 25 249 113 24 249 23 24 250 23 24 250 23 1 250 23 0
12 88 86 0 88 86 1 88 86 16 87 86 16 87 132 16 87 132 17 99 132 17 99 132 16 99 16 16 100 16 16 100 16 1 100 16 0
13 19 44 0 19 44 1 19 44 22 18 44 22 18 119 22 18 119 23 21 119 23 21 119 22 21 45 22 22 45 22 22 45 1 22 45 0 22 44 0
13 106 9 0 106 10 0 106 10 1 106 10 12 105 10 12 105 136 12 105 136 13 237 136 13 237 136 12 237 51 12 238 51 12 238 51 1 238 51 0
13 139 65 0 139 65 1 139 65 18 138 65 18 138 128 18 138 128 19 180 128 19 180 128 18 180 45 18 181 45 18 181 45 1 181 45 0 181 44 0
13 43 23 0 43 24 0 43 24 1 43 24 24 42 24 24 42 114 24 42 114 25 195 114 25 195 114 24 195 30 24 196 30 24 196 30 1 196 30 0
13 43 93 0 43 94 0 43 94 1 43 94 26 42 94 26 42 109 26 42 109 27 153 109 27 153 109 26 153 23 26 154 23 26 154 23 1 154 23 0
12 118 44 0 118 44 1 118 44 22 117 44 22 117 120 22 117 120 23 204 120 23 204 120 22 204 2 22 205 2 22 205 2 1 205 2 0
12 121 9 0 121 9 1 121 9 22 120 9 22 120 121 22 120 121 23 216 121 23 216 121 22 216 79 22 217 79 22 217 79 1 217 79 0
13 28 51 0 28 51 1 28 51 40 27 51 40 27 99 40 27 99 41 213 99 41 213 99 40 213 80 40 214 80 40 214 80 1 214 80 0 214 79 0
12 10 9 0 10 9 1 10 9 14 9 9 14 9 132 14 9 132 15 285 132 15 285 132 14 285 72 14 286 72 14 286 72 1 286 72 0
12 118 86 0 118 86 1 118 86 16 117 86 16 117 133 16 117 133 17 243 133 17 243 133 16 243 37 16 244 37 16 244 37 1 244 37 0
16 4 30 0 3 30 0 3 32 0 4 32 0 4 32 1 4 32 28 3 32 28 3 106 28 3 106 29 219 106 29 219 106 28 219 38 28 220 38 28 220 38 1 220 38 0 220 37 0
13 217 30 0 217 30 1 217 30 24 216 30 24 216 115 24 216 115 25 261 115 25 261 115 24 261 15 24 262 15 24 262 15 1 262 15 0 262 16 0
13 1 58 0 1 59 0 1 59 1 1 59 14 0 59 14 0 133 14 0 133 15 213 133 15 213 133 14 213 51 14 214 51 14 214 51 1 214 51 0
16 169 58 0 168 58 0 168 60 0 169 60 0 169 60 1 169 60 22 168 60 22 168 122 22 168 122 23 174 122 23 174 122 22 174 38 22 175 38 22 175 38 1 175 38 0 175 37 0
13 16 51 0 16 52 0 16 52 1 16 52 30 15 52 30 15 102 30 15 102 31 90 102 31 90 102 30 90 44 30 91 44 30 91 44 1 91 44 0
13 58 65 0 58 66 0 58 66 1 58 66 14 57 66 14 57 134 14 57 134 15 201 134 15 201 134 14 201 51 14 202 51 14 202 51 1 202 51 0
14 136 86 0 136 87 0 136 87 1 136 87 28 135 87 28 135 107 28 135 107 29 156 107 29 156 107 28 156 10 28 157 10 28 157 10 1 157 10 0 157 9 0
15 40 16 0 40 16 1 40 16 26 39 16 26 39 110 26 39 110 27 249 110 27 249 110 26 249 74 26 250 74 26 250 74 1 250 74 0 249 74 0 249 72 0 250 72 0
13 70 30 0 70 31 0 70 31 1 70 31 18 69 31 18 69 129 18 69 129 19 132 129 19 132 129 18 132 16 18 133 16 18 133 16 1 133 16 0
14 49 72 0 49 73 0 49 73 1 49 73 20 48 73 20 48 124 20 48 124 21 222 124 21 222 124 20 222 17 20 223 17 20 223 17 1 223 17 0 223 16 0
12 208 86 0 208 86 1 208 86 28 207 86 28 207 108 28 207 108 29 255 108 29 255 108 28 255 65 28 256 65 28 256 65 1 256 65 0
13 1 44 0 1 45 0 1 45 1 1 45 30 0 45 30 0 103 30 0 103 31 3 103 31 3 103 30 3 44 30 4 44 30 4 44 1 4 44 0
12 175 86 0 175 86 1 175 86 24 174 86 24 174 116 24 174 116 25 207 116 25 207 116 24 207 93 24 208 93 24 208 93 1 208 93 0
14 49 2 0 49 3 0 49 3 1 49 3 30 48 3 30 48 104 30 48 104 31 231 104 31 231 104 30 231 94 30 232 94 30 232 94 1 232 94 0 232 93 0
13 49 16 0 49 16 1 49 16 10 48 16 10 48 140 10 48 140 11 117 140 11 117 140 10 117 59 10 118 59 10 118 59 1 118 59 0 118 58 0
13 55 58 0 55 58 1 55 58 24 54 58 24 54 117 24 54 117 25 111 117 25 111 117 24 111 73 24 112 73 24 112 73 1 112 73 0 112 72 0
16 109 9 0 108 9 0 108 11 0 109 11 0 109 11 1 109 11 34 108 11 34 108 100 34 108 100 35 237 100 35 237 100 34 237 94 34 238 94 34 238 94 1 238 94 0 238 93 0
12 7 30 0 7 30 1 7 30 16 6 30 16 6 134 16 6 134 17 285 134 17 285 134 16 285 37 16 286 37 16 286 37 1 286 37 0
15 67 23 0 67 23 1 67 23 4 66 23 4 66 142 4 66 142 5 72 142 5 72 142 4 72 39 4 73 39 4 73 39 1 73 39 0 72 39 0 72 37 0 73 37 0
13 34 65 0 34 66 0 34 66 1 34 66 20 33 66 20 33 125 20 33 125 21 237 125 21 237 125 20 237 79 20 238 79 20 238 79 1 238 79 0
11 220 37 0 219 37 0 219 39 0 220 39 0 220 39 1 220 39 2 221 39 2 221 79 2 220 79 2 220 79 1 220 79 0
13 220 93 0 220 94 0 220 94 1 220 94 30 219 94 30 219 105 30 219 105 31 222 105 31 222 105 30 222 72 30 223 72 30 223 72 1 223 72 0
12 34 23 0 34 23 1 34 23 12 33 23 12 33 137 12 33 137 13 117 137 13 117 137 12 117 16 12 118 16 12 118 16 1 118 16 0
18 28 44 0 27 44 0 27 46 0 28 46 0 28 46 1 28 46 42 27 46 42 27 99 42 27 99 43 99 99 43 99 99 42 99 81 42 100 81 42 100 81 1 100 81 0 99 81 0 99 79 0 100 79 0
13 73 58 0 73 59 0 73 59 1 73 59 24 72 59 24 72 118 24 72 118 25 222 118 25 222 118 24 222 23 24 223 23 24 223 23 1 223 23 0
15 121 79 0 120 79 0 120 81 0 121 81 0 121 81 1 121 81 8 120 81 8 120 140 8 120 140 9 201 140 9 201 140 8 201 65 8 202 65 8 202 65 1 202 65 0
15 4 9 0 4 9 1 4 9 32 3 9 32 3 101 32 3 101 33 156 101 33 156 101 32 156 11 32 157 11 32 157 11 1 157 11 0 156 11 0 156 9 0 157 9 0
14 259 65 0 259 66 0 259 66 1 259 66 8 258 66 8 258 141 8 258 141 9 282 141 9 282 141 8 282 73 8 283 73 8 283 73 1 283 73 0 283 72 0
13 4 86 0 4 86 1 4 86 12 3 86 12 3 138 12 3 138 13 66 138 13 66 138 12 66 24 12 67 24 12 67 24 1 67 24 0 67 23 0
13 37 9 0 37 9 1 37 9 22 36 9 22 36 123 22 36 123 23 222 123 23 222 123 22 222 52 22 223 52 22 223 52 1 223 52 0 223 51 0
13 196 51 0 196 51 1 196 51 30 195 51 30 195 106 30 195 106 31 255 106 31 255 106 30 255 87 30 256 87 30 256 87 1 256 87 0 256 86 0
13 46 51 0 46 51 1 46 51 16 45 51 16 45 135 16 45 135 17 120 135 17 120 135 16 120 78 16 121 78 16 121 78 1 121 78 0 121 79 0
16 19 2 0 18 2 0 18 4 0 19 4 0 19 4 1 19 4 30 18 4 30 18 107 30 18 107 31 144 107 31 144 107 30 144 94 30 145 94 30 145 94 1 145 94 0 145 93 0
12 85 65 0 85 65 1 85 65 18 84 65 18 84 130 18 84 130 19 225 130 19 225 130 18 225 51 18 226 51 18 226 51 1 226 51 0
14 94 93 0 94 94 0 94 94 1 94 94 32 93 94 32 93 102 32 93 102 33 219 102 33 219 102 32 219 17 32 220 17 32 220 17 1 220 17 0 220 16 0
16 91 9 0 90 9 0 90 11 0 91 11 0 91 11 1 91 11 26 90 11 26 90 111 26 90 111 27 99 111 27 99 111 26 99 45 26 100 45 26 100 45 1 100 45 0 100 44 0
15 88 93 0 87 93 0 87 95 0 88 95 0 88 95 1 88 95 26 87 95 26 87 112 26 87 112 27 198 112 27 198 112 26 198 9 26 199 9 26 199 9 1 199 9 0
12 238 65 0 238 65 1 238 65 10 237 65 10 237 141 10 237 141 11 279 141 11 279 141 10 279 72 10 280 72 10 280 72 1 280 72 0
15 109 23 0 108 23 0 108 25 0 109 25 0 109 25 1 109 25 36 108 25 36 108 100 36 108 100 37 276 100 37 276 100 36 276 44 36 277 44 36 277 44 1 277 44 0
13 94 16 0 94 17 0 94 17 1 94 17 26 93 17 26 93 113 26 93 113 27 126 113 27 126 113 26 126 58 26 127 58 26 127 58 1 127 58 0
15 49 2 0 48 2 0 48 4 0 49 4 0 49 4 1 49 4 18 48 4 18 48 131 18 48 131 19 150 131 19 150 131 18 150 30 18 151 30 18 151 30 1 151 30 0
13 124 58 0 124 58 1 124 58 20 123 58 20 123 126 20 123 126 21 228 126 21 228 126 20 228 94 20 229 94 20 229 94 1 229 94 0 229 93 0
14 10 86 0 10 87 0 10 87 1 10 87 26 9 87 26 9 114 26 9 114 27 168 114 27 168 114 26 168 87 26 169 87 26 169 87 1 169 87 0 169 86 0
15 145 16 0 144 16 0 144 18 0 145 18 0 145 18 1 145 18 32 144 18 32 144 103 32 144 103 33 252 103 33 252 103 32 252 16 32 253 16 32 253 16 1 253 16 0
13 154 2 0 154 2 1 154 2 10 153 2 10 153 142 10 153 142 11 159 142 11 159 142 10 159 17 10 160 17 10 160 17 1 160 17 0 160 16 0
12 1 72 0 1 72 1 1 72 26 0 72 26 0 115 26 0 115 27 216 115 27 216 115 26 216 72 26 217 72 26 217 72 1 217 72 0
14 58 93 0 58 94 0 58 94 1 58 94 22 57 94 22 57 124 22 57 124 23 246 124 23 246 124 22 246 31 22 247 31 22 247 31 1 247 31 0 247 30 0
12 160 9 0 160 9 1 160 9 24 159 9 24 159 119 24 159 119 25 186 119 25 186 119 24 186 72 24 187 72 24 187 72 1 187 72 0
13 133 2 0 133 2 1 133 2 14 132 2 14 132 135 14 132 135 15 279 135 15 279 135 14 279 80 14 280 80 14 280 80 1 280 80 0 280 79 0
12 226 9 0 226 9 1 226 9 24 225 9 24 225 120 24 225 120 25 264 120 25 264 120 24 264 65 24 265 65 24 265 65 1 265 65 0
15 16 23 0 16 23 1 16 23 32 15 23 32 15 104 32 15 104 33 138 104 33 138 104 32 138 25 32 139 25 32 139 25 1 139 25 0 138 25 0 138 23 0 139 23 0
16 229 93 0 228 93 0 228 95 0 229 95 0 229 95 1 229 95 26 228 95 26 228 116 26 228 116 27 246 116 27 246 116 26 246 17 26 247 17 26 247 17 1 247 17 0 247 16 0
15 19 93 0 19 93 1 19 93 26 18 93 26 18 117 26 18 117 27 72 117 27 72 117 26 72 88 26 73 88 26 73 88 1 73 88 0 72 88 0 72 86 0 73 86 0
12 61 16 0 61 16 1 61 16 24 60 16 24 60 121 24 60 121 25 279 121 25 279 121 24 279 93 24 280 93 24 280 93 1 280 93 0
13 217 44 0 217 44 1 217 44 18 216 44 18 216 132 18 216 132 19 291 132 19 291 132 18 291 10 18 292 10 18 292 10 1 292 10 0 292 9 0
12 13 79 0 13 79 1 13 79 18 12 79 18 12 133 18 12 133 19 75 133 19 75 133 18 75 23 18 76 23 18 76 23 1 76 23 0
14 133 65 0 133 66 0 133 66 1 133 66 26 132 66 26 132 118 26 132 118 27 159 118 27 159 118 26 159 66 26 160 66 26 160 66 1 160 66 0 160 65 0
13 217 30 0 217 31 0 217 31 1 217 31 28 216 31 28 216 109 28 216 109 29 249 109 29 249 109 28 249 51 28 250 51 28 250 51 1 250 51 0
13 4 37 0 4 37 1 4 37 34 3 37 34 3 101 34 3 101 35 60 101 35 60 101 34 60 38 34 61 38 34 61 38 1 61 38 0 61 37 0
15 268 44 0 268 44 1 268 44 20 267 44 20 267 127 20 267 127 21 270 127 21 270 127 20 270 53 20 271 53 20 271 53 1 271 53 0 270 53 0 270 51 0 271 51 0
15 106 79 0 105 79 0 105 81 0 106 81 0 106 81 1 106 81 22 105 81 22 105 125 22 105 125 23 150 125 23 150 125 22 150 86 22 151 86 22 151 86 1 151 86 0
13 19 2 0 19 1 0 19 1 1 19 1 24 18 1 24 18 122 24 18 122 25 288 122 25 288 122 24 288 9 24 289 9 24 289 9 1 289 9 0
14 142 30 0 142 31 0 142 31 1 142 31 26 141 31 26 141 119 26 141 119 27 177 119 27 177 119 26 177 8 26 178 8 26 178 8 1 178 8 0 178 9 0
13 250 86 0 250 86 1 250 86 32 249 86 32 249 105 32 249 105 33 255 105 33 255 105 32 255 38 32 256 38 32 256 38 1 256 38 0 256 37 0
15 10 86 0 9 86 0 9 88 0 10 88 0 10 88 1 10 88 38 9 88 38 9 100 38 9 100 39 108 100 39 108 100 38 108 30 38 109 30 38 109 30 1 109 30 0
13 118 9 0 118 10 0 118 10 1 118 10 28 117 10 28 117 110 28 117 110 29 198 110 29 198 110 28 198 79 28 199 79 28 199 79 1 199 79 0
13 100 16 0 100 17 0 100 17 1 100 17 12 99 17 12 99 139 12 99 139 13 147 139 13 147 139 12 147 30 12 148 30 12 148 30 1 148 30 0
13 91 44 0 91 45 0 91 45 1 91 45 28 90 45 28 90 111 28 90 111 29 225 111 29 225 111 28 225 93 28 226 93 28 226 93 1 226 93 0
15 10 72 0 10 72 1 10 72 18 9 72 18 9 134 18 9 134 19 210 134 19 210 134 18 210 25 18 211 25 18 211 25 1 211 25 0 210 25 0 210 23 0 211 23 0
14 187 2 0 187 3 0 187 3 1 187 3 26 186 3 26 186 120 26 186 120 27 252 120 27 252 120 26 252 87 26 253 87 26 253 87 1 253 87 0 253 86 0
12 82 79 0 82 79 1 82 79 30 81 79 30 81 108 30 81 108 31 252 108 31 252 108 30 252 37 30 253 37 30 253 37 1 253 37 0
12 130 37 0 130 37 1 130 37 26 129 37 26 129 121 26 129 121 27 207 121 27 207 121 26 207 72 26 208 72 26 208 72 1 208 72 0
13 154 9 0 154 9 1 154 9 30 153 9 30 153 109 30 153 109 31 198 109 31 198 109 30 198 24 30 199 24 30 199 24 1 199 24 0 199 23 0
14 52 30 0 52 31 0 52 31 1 52 31 24 51 31 24 51 123 24 51 123 25 213 123 25 213 123 24 213 45 24 214 45 24 214 45 1 214 45 0 214 44 0
12 244 79 0 244 79 1 244 79 22 243 79 22 243 126 22 243 126 23 282 126 23 282 126 22 282 65 22 283 65 22 283 65 1 283 65 0
16 214 72 0 213 72 0 213 74 0 214 74 0 214 74 1 214 74 26 213 74 26 213 122 26 213 122 27 225 122 27 225 122 26 225 52 26 226 52 26 226 52 1 226 52 0 226 51 0
13 235 86 0 235 87 0 235 87 1 235 87 28 234 87 28 234 112 28 234 112 29 243 112 29 243 112 28 243 72 28 244 72 28 244 72 1 244 72 0
12 25 23 0 25 23 1 25 23 16 24 23 16 24 136 16 24 136 17 279 136 17 279 136 16 279 16 16 280 16 16 280 16 1 280 16 0
12 70 23 0 70 23 1 70 23 8 69 23 8 69 142 8 69 142 9 78 142 9 78 142 8 78 37 8 79 37 8 79 37 1 79 37 0
13 91 30 0 91 31 0 91 31 1 91 31 32 90 31 32 90 106 32 90 106 33 105 106 33 105 106 32 105 72 32 106 72 32 106 72 1 106 72 0
16 133 16 0 133 17 0 133 17 1 133 17 12 132 17 12 132 140 12 132 140 13 186 140 13 186 140 12 186 11 12 187 11 12 187 11 1 187 11 0 186 11 0 186 9 0 187 9 0
13 169 2 0 169 2 1 169 2 14 168 2 14 168 136 14 168 136 15 189 136 15 189 136 14 189 73 14 190 73 14 190 73 1 190 73 0 190 72 0
12 244 58 0 244 58 1 244 58 24 243 58 24 243 124 24 243 124 25 270 124 25 270 124 24 270 37 24 271 37 24 271 37 1 271 37 0
13 4 72 0 4 73 0 4 73 1 4 73 36 3 73 36 3 101 36 3 101 37 168 101 37 168 101 36 168 79 36 169 79 36 169 79 1 169 79 0
15 61 9 0 60 9 0 60 11 0 61 11 0 61 11 1 61 11 26 60 11 26 60 123 26 60 123 27 288 123 27 288 123 26 288 72 26 289 72 26 289 72 1 289 72 0
13 196 44 0 196 45 0 196 45 1 196 45 14 195 45 14 195 137 14 195 137 15 258 137 15 258 137 14 258 37 14 259 37 14 259 37 1 259 37 0
12 13 37 0 13 37 1 13 37 30 12 37 30 12 110 30 12 110 31 249 110 31 249 110 30 249 65 30 250 65 30 250 65 1 250 65 0
13 160 37 0 160 37 1 160 37 30 159 37 30 159 111 30 159 111 31 216 111 31 216 111 30 216 17 30 217 17 30 217 17 1 217 17 0 217 16 0
12 121 72 0 121 72 1 121 72 24 120 72 24 120 125 24 120 125 25 171 125 25 171 125 24 171 86 24 172 86 24 172 86 1 172 86 0
16 163 58 0 162 58 0 162 60 0 163 60 0 163 60 1 163 60 20 162 60 20 162 128 20 162 128 21 252 128 21 252 128 20 252 24 20 253 24 20 253 24 1 253 24 0 253 23 0
12 19 37 0 19 37 1 19 37 28 18 37 28 18 113 28 18 113 29 75 113 29 75 113 28 75 51 28 76 51 28 76 51 1 76 51 0
16 142 30 0 141 30 0 141 32 0 142 32 0 142 32 1 142 32 34 141 32 34 141 102 34 141 102 35 219 102 35 219 102 34 219 80 34 220 80 34 220 80 1 220 80 0 220 79 0
15 163 93 0 162 93 0 162 95 0 163 95 0 163 95 1 163 95 28 162 95 28 162 114 28 162 114 29 186 114 29 186 114 28 186 58 28 187 58 28 187 58 1 187 58 0
18 190 37 0 189 37 0 189 39 0 190 39 0 190 39 1 190 39 28 189 39 28 189 115 28 189 115 29 246 115 29 246 115 28 246 25 28 247 25 28 247 25 1 247 25 0 246 25 0 246 23 0 247 23 0
14 70 23 0 70 24 0 70 24 1 70 24 26 69 24 26 69 124 26 69 124 27 192 124 27 192 124 26 192 24 26 193 24 26 193 24 1 193 24 0 193 23 0
14 46 51 0 46 52 0 46 52 1 46 52 26 45 52 26 45 125 26 45 125 27 222 125 27 222 125 26 222 73 26 223 73 26 223 73 1 223 73 0 223 72 0
16 64 86 0 64 87 0 64 87 1 64 87 30 63 87 30 63 112 30 63 112 31 183 112 31 183 112 30 183 32 30 184 32 30 184 32 1 184 32 0 183 32 0 183 30 0 184 30 0
13 64 72 0 64 73 0 64 73 1 64 73 32 63 73 32 63 107 32 63 107 33 291 107 33 291 107 32 291 23 32 292 23 32 292 23 1 292 23 0
13 109 86 0 109 86 1 109 86 40 108 86 40 108 100 40 108 100 41 237 100 41 237 100 40 237 52 40 238 52 40 238 52 1 238 52 0 238 51 0
14 10 86 0 10 85 0 10 85 1 10 85 42 9 85 42 9 100 42 9 100 43 108 100 43 108 100 42 108 59 42 109 59 42 109 59 1 109 59 0 109 58 0
14 241 23 0 241 24 0 241 24 1 241 24 26 240 24 26 240 126 26 240 126 27 243 126 27 243 126 26 243 73 26 244 73 26 244 73 1 244 73 0 244 72 0
13 208 2 0 208 2 1 208 2 30 207 2 30 207 113 30 207 113 31 246 113 31 246 113 30 246 22 30 247 22 30 247 22 1 247 22 0 247 23 0
13 139 72 0 139 73 0 139 73 1 139 73 30 138 73 30 138 114 30 138 114 31 192 114 31 192 114 30 192 51 30 193 51 30 193 51 1 193 51 0
13 169 51 0 169 52 0 169 52 1 169 52 28 168 52 28 168 116 28 168 116 29 282 116 29 282 116 28 282 9 28 283 9 28 283 9 1 283 9 0
12 115 93 0 115 93 1 115 93 10 114 93 10 114 143 10 114 143 11 162 143 11 162 143 10 162 79 10 163 79 10 163 79 1 163 79 0
15 106 65 0 106 65 1 106 65 24 105 65 24 105 126 24 105 126 25 192 126 25 192 126 24 192 18 24 193 18 24 193 18 1 193 18 0 192 18 0 192 16 0 193 16 0
12 202 9 0 202 9 1 202 9 32 201 9 32 201 108 32 201 108 33 231 108 33 231 108 32 231 23 32 232 23 32 232 23 1 232 23 0
12 178 2 0 178 2 1 178 2 28 177 2 28 177 117 28 177 117 29 240 117 29 240 117 28 240 16 28 241 16 28 241 16 1 241 16 0
16 94 16 0 93 16 0 93 18 0 94 18 0 94 18 1 94 18 28 93 18 28 93 118 28 93 118 29 288 118 29 288 118 28 288 73 28 289 73 28 289 73 1 289 73 0 289 72 0
14 169 44 0 169 45 0 169 45 1 169 45 20 168 45 20 168 129 20 168 129 21 261 129 21 261 129 20 261 31 20 262 31 20 262 31 1 262 31 0 262 30 0
15 73 23 0 72 23 0 72 25 0 73 25 0 73 25 1 73 25 30 72 25 30 72 115 30 72 115 31 132 115 31 132 115 30 132 37 30 133 37 30 133 37 1 133 37 0
13 223 44 0 223 44 1 223 44 28 222 44 28 222 119 28 222 119 29 276 119 29 276 119 28 276 45 28 277 45 28 277 45 1 277 45 0 277 44 0
13 88 16 0 88 17 0 88 17 1 88 17 44 87 17 44 87 99 44 87 99 45 108 99 45 108 99 44 108 44 44 109 44 44 109 44 1 109 44 0
14 52 9 0 52 10 0 52 10 1 52 10 26 51 10 26 51 127 26 51 127 27 117 127 27 117 127 26 117 45 26 118 45 26 118 45 1 118 45 0 118 44 0
12 106 30 0 106 30 1 106 30 28 105 30 28 105 120 28 105 120 29 252 120 29 252 120 28 252 79 28 253 79 28 253 79 1 253 79 0
14 184 51 0 184 52 0 184 52 1 184 52 18 183 52 18 183 135 18 183 135 19 237 135 19 237 135 18 237 38 18 238 38 18 238 38 1 238 38 0 238 37 0
15 7 58 0 7 58 1 7 58 20 6 58 20 6 130 20 6 130 21 240 130 21 240 130 20 240 25 20 241 25 20 241 25 1 241 25 0 240 25 0 240 23 0 241 23 0
13 49 93 0 49 94 0 49 94 1 49 94 26 48 94 26 48 128 26 48 128 27 189 128 27 189 128 26 189 16 26 190 16 26 190 16 1 190 16 0
14 151 30 0 151 31 0 151 31 1 151 31 28 150 31 28 150 121 28 150 121 29 159 121 29 159 121 28 159 94 28 160 94 28 160 94 1 160 94 0 160 93 0
13 142 23 0 142 23 1 142 23 24 141 23 24 141 127 24 141 127 25 168 127 25 168 127 24 168 3 24 169 3 24 169 3 1 169 3 0 169 2 0
12 1 37 0 1 37 1 1 37 32 0 37 32 0 109 32 0 109 33 192 109 33 192 109 32 192 72 32 193 72 32 193 72 1 193 72 0
12 103 23 0 103 23 1 103 23 28 102 23 28 102 122 28 102 122 29 138 122 29 138 122 28 138 79 28 139 79 28 139 79 1 139 79 0
13 46 79 0 46 79 1 46 79 18 45 79 18 45 136 18 45 136 19 78 136 19 78 136 18 78 38 18 79 38 18 79 38 1 79 38 0 79 37 0
16 13 16 0 13 15 0 13 15 1 13 15 32 12 15 32 12 110 32 12 110 33 243 110 33 243 110 32 243 95 32 244 95 32 244 95 1 244 95 0 243 95 0 243 93 0 244 93 0
12 49 37 0 49 37 1 49 37 34 48 37 34 48 103 34 48 103 35 243 103 35 243 103 34 243 16 34 244 16 34 244 16 1 244 16 0
15 76 65 0 76 65 1 76 65 8 75 65 8 75 143 8 75 143 9 180 143 9 180 143 8 180 46 8 181 46 8 181 46 1 181 46 0 180 46 0 180 44 0 181 44 0
15 61 30 0 60 30 0 60 32 0 61 32 0 61 32 1 61 32 30 60 32 30 60 116 30 60 116 31 93 116 31 93 116 30 93 2 30 94 2 30 94 2 1 94 2 0
12 229 72 0 229 72 1 229 72 24 228 72 24 228 128 24 228 128 25 291 128 25 291 128 24 291 2 24 292 2 24 292 2 1 292 2 0
12 19 86 0 19 86 1 19 86 32 18 86 32 18 111 32 18 111 33 84 111 33 84 111 32 84 2 32 85 2 32 85 2 1 85 2 0
13 88 44 0 88 45 0 88 45 1 88 45 24 87 45 24 87 129 24 87 129 25 129 129 25 129 129 24 129 58 24 130 58 24 130 58 1 130 58 0
15 160 65 0 159 65 0 159 67 0 160 67 0 160 67 1 160 67 20 159 67 20 159 131 20 159 131 21 210 131 21 210 131 20 210 58 20 211 58 20 211 58 1 211 58 0
15 160 72 0 160 72 1 160 72 34 159 72 34 159 104 34 159 104 35 255 104 35 255 104 34 255 11 34 256 11 34 256 11 1 256 11 0 255 11 0 255 9 0 256 9 0
13 148 37 0 148 38 0 148 38 1 148 38 2 147 38 2 147 142 2 147 142 3 201 142 3 201 142 2 201 58 2 202 58 2 202 58 1 202 58 0
14 94 51 0 94 52 0 94 52 1 94 52 34 93 52 34 93 105 34 93 105 35 144 105 35 144 105 34 144 10 34 145 10 34 145 10 1 145 10 0 145 9 0
13 40 86 0 40 86 1 40 86 32 39 86 32 39 112 32 39 112 33 81 112 33 81 112 32 81 66 32 82 66 32 82 66 1 82 66 0 82 65 0
12 127 93 0 127 93 1 127 93 30 126 93 30 126 117 30 126 117 31 243 117 31 243 117 30 243 30 30 244 30 30 244 30 1 244 30 0
18 28 93 0 29 93 0 29 91 0 28 91 0 28 91 1 28 91 44 27 91 44 27 100 44 27 100 45 288 100 45 288 100 44 288 74 44 289 74 44 289 74 1 289 74 0 288 74 0 288 72 0 289 72 0
14 19 58 0 19 59 0 19 59 1 19 59 34 18 59 34 18 106 34 18 106 35 222 106 35 222 106 34 222 38 34 223 38 34 223 38 1 223 38 0 223 37 0
12 229 51 0 229 51 1 229 51 22 228 51 22 228 127 22 228 127 23 285 127 23 285 127 22 285 30 22 286 30 22 286 30 1 286 30 0
14 115 72 0 115 73 0 115 73 1 115 73 30 114 73 30 114 118 30 114 118 31 177 118 31 177 118 30 177 45 30 178 45 30 178 45 1 178 45 0 178 44 0
13 103 44 0 103 44 1 103 44 30 102 44 30 102 119 30 102 119 31 150 119 31 150 119 30 150 10 30 151 10 30 151 10 1 151 10 0 151 9 0
14 145 86 0 145 87 0 145 87 1 145 87 36 144 87 36 144 102 36 144 102 37 252 102 37 252 102 36 252 38 36 253 38 36 253 38 1 253 38 0 253 37 0
16 211 37 0 211 38 0 211 38 1 211 38 24 210 38 24 210 130 24 210 130 25 267 130 25 267 130 24 267 88 24 268 88 24 268 88 1 268 88 0 267 88 0 267 86 0 268 86 0
13 70 16 0 70 16 1 70 16 28 69 16 28 69 123 28 69 123 29 129 123 29 129 123 28 129 52 28 130 52 28 130 52 1 130 52 0 130 51 0
13 253 65 0 253 65 1 253 65 38 252 65 38 252 101 38 252 101 39 255 101 39 255 101 38 255 31 38 256 31 38 256 31 1 256 31 0 256 30 0
