480
4 1
0000
0
4 1
0000
1
4 1
0001
0
4 1
0001
1
4 1
0010
0
4 1
0010
1
4 1
0011
0
4 1
0011
1
4 1
0100
0
4 1
0100
1
4 1
0101
0
4 1
0101
1
4 1
0110
0
4 1
0110
1
4 1
0111
0
4 1
0111
1
4 1
1000
0
4 1
1000
1
4 1
1001
0
4 1
1001
1
4 1
1010
0
4 1
1010
1
4 1
1011
0
4 1
1011
1
4 1
1100
0
4 1
1100
1
4 1
1101
0
4 1
1101
1
4 1
1110
0
4 1
1110
1
4 1
1111
0
4 1
1111
1
4 2
0000
00
4 2
0000
01
4 2
0000
10
4 2
0000
11
4 2
0001
00
4 2
0001
01
4 2
0001
10
4 2
0001
11
4 2
0010
00
4 2
0010
01
4 2
0010
10
4 2
0010
11
4 2
0011
00
4 2
0011
01
4 2
0011
10
4 2
0011
11
4 2
0100
00
4 2
0100
01
4 2
0100
10
4 2
0100
11
4 2
0101
00
4 2
0101
01
4 2
0101
10
4 2
0101
11
4 2
0110
00
4 2
0110
01
4 2
0110
10
4 2
0110
11
4 2
0111
00
4 2
0111
01
4 2
0111
10
4 2
0111
11
4 2
1000
00
4 2
1000
01
4 2
1000
10
4 2
1000
11
4 2
1001
00
4 2
1001
01
4 2
1001
10
4 2
1001
11
4 2
1010
00
4 2
1010
01
4 2
1010
10
4 2
1010
11
4 2
1011
00
4 2
1011
01
4 2
1011
10
4 2
1011
11
4 2
1100
00
4 2
1100
01
4 2
1100
10
4 2
1100
11
4 2
1101
00
4 2
1101
01
4 2
1101
10
4 2
1101
11
4 2
1110
00
4 2
1110
01
4 2
1110
10
4 2
1110
11
4 2
1111
00
4 2
1111
01
4 2
1111
10
4 2
1111
11
4 3
0000
000
4 3
0000
001
4 3
0000
010
4 3
0000
011
4 3
0000
100
4 3
0000
101
4 3
0000
110
4 3
0000
111
4 3
0001
000
4 3
0001
001
4 3
0001
010
4 3
0001
011
4 3
0001
100
4 3
0001
101
4 3
0001
110
4 3
0001
111
4 3
0010
000
4 3
0010
001
4 3
0010
010
4 3
0010
011
4 3
0010
100
4 3
0010
101
4 3
0010
110
4 3
0010
111
4 3
0011
000
4 3
0011
001
4 3
0011
010
4 3
0011
011
4 3
0011
100
4 3
0011
101
4 3
0011
110
4 3
0011
111
4 3
0100
000
4 3
0100
001
4 3
0100
010
4 3
0100
011
4 3
0100
100
4 3
0100
101
4 3
0100
110
4 3
0100
111
4 3
0101
000
4 3
0101
001
4 3
0101
010
4 3
0101
011
4 3
0101
100
4 3
0101
101
4 3
0101
110
4 3
0101
111
4 3
0110
000
4 3
0110
001
4 3
0110
010
4 3
0110
011
4 3
0110
100
4 3
0110
101
4 3
0110
110
4 3
0110
111
4 3
0111
000
4 3
0111
001
4 3
0111
010
4 3
0111
011
4 3
0111
100
4 3
0111
101
4 3
0111
110
4 3
0111
111
4 3
1000
000
4 3
1000
001
4 3
1000
010
4 3
1000
011
4 3
1000
100
4 3
1000
101
4 3
1000
110
4 3
1000
111
4 3
1001
000
4 3
1001
001
4 3
1001
010
4 3
1001
011
4 3
1001
100
4 3
1001
101
4 3
1001
110
4 3
1001
111
4 3
1010
000
4 3
1010
001
4 3
1010
010
4 3
1010
011
4 3
1010
100
4 3
1010
101
4 3
1010
110
4 3
1010
111
4 3
1011
000
4 3
1011
001
4 3
1011
010
4 3
1011
011
4 3
1011
100
4 3
1011
101
4 3
1011
110
4 3
1011
111
4 3
1100
000
4 3
1100
001
4 3
1100
010
4 3
1100
011
4 3
1100
100
4 3
1100
101
4 3
1100
110
4 3
1100
111
4 3
1101
000
4 3
1101
001
4 3
1101
010
4 3
1101
011
4 3
1101
100
4 3
1101
101
4 3
1101
110
4 3
1101
111
4 3
1110
000
4 3
1110
001
4 3
1110
010
4 3
1110
011
4 3
1110
100
4 3
1110
101
4 3
1110
110
4 3
1110
111
4 3
1111
000
4 3
1111
001
4 3
1111
010
4 3
1111
011
4 3
1111
100
4 3
1111
101
4 3
1111
110
4 3
1111
111
4 4
0000
0000
4 4
0000
0001
4 4
0000
0010
4 4
0000
0011
4 4
0000
0100
4 4
0000
0101
4 4
0000
0110
4 4
0000
0111
4 4
0000
1000
4 4
0000
1001
4 4
0000
1010
4 4
0000
1011
4 4
0000
1100
4 4
0000
1101
4 4
0000
1110
4 4
0000
1111
4 4
0001
0000
4 4
0001
0001
4 4
0001
0010
4 4
0001
0011
4 4
0001
0100
4 4
0001
0101
4 4
0001
0110
4 4
0001
0111
4 4
0001
1000
4 4
0001
1001
4 4
0001
1010
4 4
0001
1011
4 4
0001
1100
4 4
0001
1101
4 4
0001
1110
4 4
0001
1111
4 4
0010
0000
4 4
0010
0001
4 4
0010
0010
4 4
0010
0011
4 4
0010
0100
4 4
0010
0101
4 4
0010
0110
4 4
0010
0111
4 4
0010
1000
4 4
0010
1001
4 4
0010
1010
4 4
0010
1011
4 4
0010
1100
4 4
0010
1101
4 4
0010
1110
4 4
0010
1111
4 4
0011
0000
4 4
0011
0001
4 4
0011
0010
4 4
0011
0011
4 4
0011
0100
4 4
0011
0101
4 4
0011
0110
4 4
0011
0111
4 4
0011
1000
4 4
0011
1001
4 4
0011
1010
4 4
0011
1011
4 4
0011
1100
4 4
0011
1101
4 4
0011
1110
4 4
0011
1111
4 4
0100
0000
4 4
0100
0001
4 4
0100
0010
4 4
0100
0011
4 4
0100
0100
4 4
0100
0101
4 4
0100
0110
4 4
0100
0111
4 4
0100
1000
4 4
0100
1001
4 4
0100
1010
4 4
0100
1011
4 4
0100
1100
4 4
0100
1101
4 4
0100
1110
4 4
0100
1111
4 4
0101
0000
4 4
0101
0001
4 4
0101
0010
4 4
0101
0011
4 4
0101
0100
4 4
0101
0101
4 4
0101
0110
4 4
0101
0111
4 4
0101
1000
4 4
0101
1001
4 4
0101
1010
4 4
0101
1011
4 4
0101
1100
4 4
0101
1101
4 4
0101
1110
4 4
0101
1111
4 4
0110
0000
4 4
0110
0001
4 4
0110
0010
4 4
0110
0011
4 4
0110
0100
4 4
0110
0101
4 4
0110
0110
4 4
0110
0111
4 4
0110
1000
4 4
0110
1001
4 4
0110
1010
4 4
0110
1011
4 4
0110
1100
4 4
0110
1101
4 4
0110
1110
4 4
0110
1111
4 4
0111
0000
4 4
0111
0001
4 4
0111
0010
4 4
0111
0011
4 4
0111
0100
4 4
0111
0101
4 4
0111
0110
4 4
0111
0111
4 4
0111
1000
4 4
0111
1001
4 4
0111
1010
4 4
0111
1011
4 4
0111
1100
4 4
0111
1101
4 4
0111
1110
4 4
0111
1111
4 4
1000
0000
4 4
1000
0001
4 4
1000
0010
4 4
1000
0011
4 4
1000
0100
4 4
1000
0101
4 4
1000
0110
4 4
1000
0111
4 4
1000
1000
4 4
1000
1001
4 4
1000
1010
4 4
1000
1011
4 4
1000
1100
4 4
1000
1101
4 4
1000
1110
4 4
1000
1111
4 4
1001
0000
4 4
1001
0001
4 4
1001
0010
4 4
1001
0011
4 4
1001
0100
4 4
1001
0101
4 4
1001
0110
4 4
1001
0111
4 4
1001
1000
4 4
1001
1001
4 4
1001
1010
4 4
1001
1011
4 4
1001
1100
4 4
1001
1101
4 4
1001
1110
4 4
1001
1111
4 4
1010
0000
4 4
1010
0001
4 4
1010
0010
4 4
1010
0011
4 4
1010
0100
4 4
1010
0101
4 4
1010
0110
4 4
1010
0111
4 4
1010
1000
4 4
1010
1001
4 4
1010
1010
4 4
1010
1011
4 4
1010
1100
4 4
1010
1101
4 4
1010
1110
4 4
1010
1111
4 4
1011
0000
4 4
1011
0001
4 4
1011
0010
4 4
1011
0011
4 4
1011
0100
4 4
1011
0101
4 4
1011
0110
4 4
1011
0111
4 4
1011
1000
4 4
1011
1001
4 4
1011
1010
4 4
1011
1011
4 4
1011
1100
4 4
1011
1101
4 4
1011
1110
4 4
1011
1111
4 4
1100
0000
4 4
1100
0001
4 4
1100
0010
4 4
1100
0011
4 4
1100
0100
4 4
1100
0101
4 4
1100
0110
4 4
1100
0111
4 4
1100
1000
4 4
1100
1001
4 4
1100
1010
4 4
1100
1011
4 4
1100
1100
4 4
1100
1101
4 4
1100
1110
4 4
1100
1111
4 4
1101
0000
4 4
1101
0001
4 4
1101
0010
4 4
1101
0011
4 4
1101
0100
4 4
1101
0101
4 4
1101
0110
4 4
1101
0111
4 4
1101
1000
4 4
1101
1001
4 4
1101
1010
4 4
1101
1011
4 4
1101
1100
4 4
1101
1101
4 4
1101
1110
4 4
1101
1111
4 4
1110
0000
4 4
1110
0001
4 4
1110
0010
4 4
1110
0011
4 4
1110
0100
4 4
1110
0101
4 4
1110
0110
4 4
1110
0111
4 4
1110
1000
4 4
1110
1001
4 4
1110
1010
4 4
1110
1011
4 4
1110
1100
4 4
1110
1101
4 4
1110
1110
4 4
1110
1111
4 4
1111
0000
4 4
1111
0001
4 4
1111
0010
4 4
1111
0011
4 4
1111
0100
4 4
1111
0101
4 4
1111
0110
4 4
1111
0111
4 4
1111
1000
4 4
1111
1001
4 4
1111
1010
4 4
1111
1011
4 4
1111
1100
4 4
1111
1101
4 4
1111
1110
4 4
1111
1111
