112
3 1
000
0
3 1
000
1
3 1
001
0
3 1
001
1
3 1
010
0
3 1
010
1
3 1
011
0
3 1
011
1
3 1
100
0
3 1
100
1
3 1
101
0
3 1
101
1
3 1
110
0
3 1
110
1
3 1
111
0
3 1
111
1
3 2
000
00
3 2
000
01
3 2
000
10
3 2
000
11
3 2
001
00
3 2
001
01
3 2
001
10
3 2
001
11
3 2
010
00
3 2
010
01
3 2
010
10
3 2
010
11
3 2
011
00
3 2
011
01
3 2
011
10
3 2
011
11
3 2
100
00
3 2
100
01
3 2
100
10
3 2
100
11
3 2
101
00
3 2
101
01
3 2
101
10
3 2
101
11
3 2
110
00
3 2
110
01
3 2
110
10
3 2
110
11
3 2
111
00
3 2
111
01
3 2
111
10
3 2
111
11
3 3
000
000
3 3
000
001
3 3
000
010
3 3
000
011
3 3
000
100
3 3
000
101
3 3
000
110
3 3
000
111
3 3
001
000
3 3
001
001
3 3
001
010
3 3
001
011
3 3
001
100
3 3
001
101
3 3
001
110
3 3
001
111
3 3
010
000
3 3
010
001
3 3
010
010
3 3
010
011
3 3
010
100
3 3
010
101
3 3
010
110
3 3
010
111
3 3
011
000
3 3
011
001
3 3
011
010
3 3
011
011
3 3
011
100
3 3
011
101
3 3
011
110
3 3
011
111
3 3
100
000
3 3
100
001
3 3
100
010
3 3
100
011
3 3
100
100
3 3
100
101
3 3
100
110
3 3
100
111
3 3
101
000
3 3
101
001
3 3
101
010
3 3
101
011
3 3
101
100
3 3
101
101
3 3
101
110
3 3
101
111
3 3
110
000
3 3
110
001
3 3
110
010
3 3
110
011
3 3
110
100
3 3
110
101
3 3
110
110
3 3
110
111
3 3
111
000
3 3
111
001
3 3
111
010
3 3
111
011
3 3
111
100
3 3
111
101
3 3
111
110
3 3
111
111
