999 3 2997 2993
1999 2000 1
1998 2001 2
1997 2002 3
1996 2003 4
1995 2004 5
1994 2005 6
1993 2006 7
1992 2007 8
1991 2008 9
1990 2009 10
1989 2010 11
1988 2011 12
1987 2012 13
1986 2013 14
1985 2014 15
1984 2015 16
1983 2016 17
1982 2017 18
1981 2018 19
1980 2019 20
1979 2020 21
1978 2021 22
1977 2022 23
1976 2023 24
1975 2024 25
1974 2025 26
1973 2026 27
1972 2027 28
1971 2028 29
1970 2029 30
1969 2030 31
1968 2031 32
1967 2032 33
1966 2033 34
1965 2034 35
1964 2035 36
1963 2036 37
1962 2037 38
1961 2038 39
1960 2039 40
1959 2040 41
1958 2041 42
1957 2042 43
1956 2043 44
1955 2044 45
1954 2045 46
1953 2046 47
1952 2047 48
1951 2048 49
1950 2049 50
1949 2050 51
1948 2051 52
1947 2052 53
1946 2053 54
1945 2054 55
1944 2055 56
1943 2056 57
1942 2057 58
1941 2058 59
1940 2059 60
1939 2060 61
1938 2061 62
1937 2062 63
1936 2063 64
1935 2064 65
1934 2065 66
1933 2066 67
1932 2067 68
1931 2068 69
1930 2069 70
1929 2070 71
1928 2071 72
1927 2072 73
1926 2073 74
1925 2074 75
1924 2075 76
1923 2076 77
1922 2077 78
1921 2078 79
1920 2079 80
1919 2080 81
1918 2081 82
1917 2082 83
1916 2083 84
1915 2084 85
1914 2085 86
1913 2086 87
1912 2087 88
1911 2088 89
1910 2089 90
1909 2090 91
1908 2091 92
1907 2092 93
1906 2093 94
1905 2094 95
1904 2095 96
1903 2096 97
1902 2097 98
1901 2098 99
1900 2099 100
1899 2100 101
1898 2101 102
1897 2102 103
1896 2103 104
1895 2104 105
1894 2105 106
1893 2106 107
1892 2107 108
1891 2108 109
1890 2109 110
1889 2110 111
1888 2111 112
1887 2112 113
1886 2113 114
1885 2114 115
1884 2115 116
1883 2116 117
1882 2117 118
1881 2118 119
1880 2119 120
1879 2120 121
1878 2121 122
1877 2122 123
1876 2123 124
1875 2124 125
1874 2125 126
1873 2126 127
1872 2127 128
1871 2128 129
1870 2129 130
1869 2130 131
1868 2131 132
1867 2132 133
1866 2133 134
1865 2134 135
1864 2135 136
1863 2136 137
1862 2137 138
1861 2138 139
1860 2139 140
1859 2140 141
1858 2141 142
1857 2142 143
1856 2143 144
1855 2144 145
1854 2145 146
1853 2146 147
1852 2147 148
1851 2148 149
1850 2149 150
1849 2150 151
1848 2151 152
1847 2152 153
1846 2153 154
1845 2154 155
1844 2155 156
1843 2156 157
1842 2157 158
1841 2158 159
1840 2159 160
1839 2160 161
1838 2161 162
1837 2162 163
1836 2163 164
1835 2164 165
1834 2165 166
1833 2166 167
1832 2167 168
1831 2168 169
1830 2169 170
1829 2170 171
1828 2171 172
1827 2172 173
1826 2173 174
1825 2174 175
1824 2175 176
1823 2176 177
1822 2177 178
1821 2178 179
1820 2179 180
1819 2180 181
1818 2181 182
1817 2182 183
1816 2183 184
1815 2184 185
1814 2185 186
1813 2186 187
1812 2187 188
1811 2188 189
1810 2189 190
1809 2190 191
1808 2191 192
1807 2192 193
1806 2193 194
1805 2194 195
1804 2195 196
1803 2196 197
1802 2197 198
1801 2198 199
1800 2199 200
1799 2200 201
1798 2201 202
1797 2202 203
1796 2203 204
1795 2204 205
1794 2205 206
1793 2206 207
1792 2207 208
1791 2208 209
1790 2209 210
1789 2210 211
1788 2211 212
1787 2212 213
1786 2213 214
1785 2214 215
1784 2215 216
1783 2216 217
1782 2217 218
1781 2218 219
1780 2219 220
1779 2220 221
1778 2221 222
1777 2222 223
1776 2223 224
1775 2224 225
1774 2225 226
1773 2226 227
1772 2227 228
1771 2228 229
1770 2229 230
1769 2230 231
1768 2231 232
1767 2232 233
1766 2233 234
1765 2234 235
1764 2235 236
1763 2236 237
1762 2237 238
1761 2238 239
1760 2239 240
1759 2240 241
1758 2241 242
1757 2242 243
1756 2243 244
1755 2244 245
1754 2245 246
1753 2246 247
1752 2247 248
1751 2248 249
1750 2249 250
1749 2250 251
1748 2251 252
1747 2252 253
1746 2253 254
1745 2254 255
1744 2255 256
1743 2256 257
1742 2257 258
1741 2258 259
1740 2259 260
1739 2260 261
1738 2261 262
1737 2262 263
1736 2263 264
1735 2264 265
1734 2265 266
1733 2266 267
1732 2267 268
1731 2268 269
1730 2269 270
1729 2270 271
1728 2271 272
1727 2272 273
1726 2273 274
1725 2274 275
1724 2275 276
1723 2276 277
1722 2277 278
1721 2278 279
1720 2279 280
1719 2280 281
1718 2281 282
1717 2282 283
1716 2283 284
1715 2284 285
1714 2285 286
1713 2286 287
1712 2287 288
1711 2288 289
1710 2289 290
1709 2290 291
1708 2291 292
1707 2292 293
1706 2293 294
1705 2294 295
1704 2295 296
1703 2296 297
1702 2297 298
1701 2298 299
1700 2299 300
1699 2300 301
1698 2301 302
1697 2302 303
1696 2303 304
1695 2304 305
1694 2305 306
1693 2306 307
1692 2307 308
1691 2308 309
1690 2309 310
1689 2310 311
1688 2311 312
1687 2312 313
1686 2313 314
1685 2314 315
1684 2315 316
1683 2316 317
1682 2317 318
1681 2318 319
1680 2319 320
1679 2320 321
1678 2321 322
1677 2322 323
1676 2323 324
1675 2324 325
1674 2325 326
1673 2326 327
1672 2327 328
1671 2328 329
1670 2329 330
1669 2330 331
1668 2331 332
1667 2332 333
1666 2333 334
1665 2334 335
1664 2335 336
1663 2336 337
1662 2337 338
1661 2338 339
1660 2339 340
1659 2340 341
1658 2341 342
1657 2342 343
1656 2343 344
1655 2344 345
1654 2345 346
1653 2346 347
1652 2347 348
1651 2348 349
1650 2349 350
1649 2350 351
1648 2351 352
1647 2352 353
1646 2353 354
1645 2354 355
1644 2355 356
1643 2356 357
1642 2357 358
1641 2358 359
1640 2359 360
1639 2360 361
1638 2361 362
1637 2362 363
1636 2363 364
1635 2364 365
1634 2365 366
1633 2366 367
1632 2367 368
1631 2368 369
1630 2369 370
1629 2370 371
1628 2371 372
1627 2372 373
1626 2373 374
1625 2374 375
1624 2375 376
1623 2376 377
1622 2377 378
1621 2378 379
1620 2379 380
1619 2380 381
1618 2381 382
1617 2382 383
1616 2383 384
1615 2384 385
1614 2385 386
1613 2386 387
1612 2387 388
1611 2388 389
1610 2389 390
1609 2390 391
1608 2391 392
1607 2392 393
1606 2393 394
1605 2394 395
1604 2395 396
1603 2396 397
1602 2397 398
1601 2398 399
1600 2399 400
1599 2400 401
1598 2401 402
1597 2402 403
1596 2403 404
1595 2404 405
1594 2405 406
1593 2406 407
1592 2407 408
1591 2408 409
1590 2409 410
1589 2410 411
1588 2411 412
1587 2412 413
1586 2413 414
1585 2414 415
1584 2415 416
1583 2416 417
1582 2417 418
1581 2418 419
1580 2419 420
1579 2420 421
1578 2421 422
1577 2422 423
1576 2423 424
1575 2424 425
1574 2425 426
1573 2426 427
1572 2427 428
1571 2428 429
1570 2429 430
1569 2430 431
1568 2431 432
1567 2432 433
1566 2433 434
1565 2434 435
1564 2435 436
1563 2436 437
1562 2437 438
1561 2438 439
1560 2439 440
1559 2440 441
1558 2441 442
1557 2442 443
1556 2443 444
1555 2444 445
1554 2445 446
1553 2446 447
1552 2447 448
1551 2448 449
1550 2449 450
1549 2450 451
1548 2451 452
1547 2452 453
1546 2453 454
1545 2454 455
1544 2455 456
1543 2456 457
1542 2457 458
1541 2458 459
1540 2459 460
1539 2460 461
1538 2461 462
1537 2462 463
1536 2463 464
1535 2464 465
1534 2465 466
1533 2466 467
1532 2467 468
1531 2468 469
1530 2469 470
1529 2470 471
1528 2471 472
1527 2472 473
1526 2473 474
1525 2474 475
1524 2475 476
1523 2476 477
1522 2477 478
1521 2478 479
1520 2479 480
1519 2480 481
1518 2481 482
1517 2482 483
1516 2483 484
1515 2484 485
1514 2485 486
1513 2486 487
1512 2487 488
1511 2488 489
1510 2489 490
1509 2490 491
1508 2491 492
1507 2492 493
1506 2493 494
1505 2494 495
1504 2495 496
1503 2496 497
1502 2497 498
1501 2498 499
1500 2499 500
1499 2500 501
1498 2501 502
1497 2502 503
1496 2503 504
1495 2504 505
1494 2505 506
1493 2506 507
1492 2507 508
1491 2508 509
1490 2509 510
1489 2510 511
1488 2511 512
1487 2512 513
1486 2513 514
1485 2514 515
1484 2515 516
1483 2516 517
1482 2517 518
1481 2518 519
1480 2519 520
1479 2520 521
1478 2521 522
1477 2522 523
1476 2523 524
1475 2524 525
1474 2525 526
1473 2526 527
1472 2527 528
1471 2528 529
1470 2529 530
1469 2530 531
1468 2531 532
1467 2532 533
1466 2533 534
1465 2534 535
1464 2535 536
1463 2536 537
1462 2537 538
1461 2538 539
1460 2539 540
1459 2540 541
1458 2541 542
1457 2542 543
1456 2543 544
1455 2544 545
1454 2545 546
1453 2546 547
1452 2547 548
1451 2548 549
1450 2549 550
1449 2550 551
1448 2551 552
1447 2552 553
1446 2553 554
1445 2554 555
1444 2555 556
1443 2556 557
1442 2557 558
1441 2558 559
1440 2559 560
1439 2560 561
1438 2561 562
1437 2562 563
1436 2563 564
1435 2564 565
1434 2565 566
1433 2566 567
1432 2567 568
1431 2568 569
1430 2569 570
1429 2570 571
1428 2571 572
1427 2572 573
1426 2573 574
1425 2574 575
1424 2575 576
1423 2576 577
1422 2577 578
1421 2578 579
1420 2579 580
1419 2580 581
1418 2581 582
1417 2582 583
1416 2583 584
1415 2584 585
1414 2585 586
1413 2586 587
1412 2587 588
1411 2588 589
1410 2589 590
1409 2590 591
1408 2591 592
1407 2592 593
1406 2593 594
1405 2594 595
1404 2595 596
1403 2596 597
1402 2597 598
1401 2598 599
1400 2599 600
1399 2600 601
1398 2601 602
1397 2602 603
1396 2603 604
1395 2604 605
1394 2605 606
1393 2606 607
1392 2607 608
1391 2608 609
1390 2609 610
1389 2610 611
1388 2611 612
1387 2612 613
1386 2613 614
1385 2614 615
1384 2615 616
1383 2616 617
1382 2617 618
1381 2618 619
1380 2619 620
1379 2620 621
1378 2621 622
1377 2622 623
1376 2623 624
1375 2624 625
1374 2625 626
1373 2626 627
1372 2627 628
1371 2628 629
1370 2629 630
1369 2630 631
1368 2631 632
1367 2632 633
1366 2633 634
1365 2634 635
1364 2635 636
1363 2636 637
1362 2637 638
1361 2638 639
1360 2639 640
1359 2640 641
1358 2641 642
1357 2642 643
1356 2643 644
1355 2644 645
1354 2645 646
1353 2646 647
1352 2647 648
1351 2648 649
1350 2649 650
1349 2650 651
1348 2651 652
1347 2652 653
1346 2653 654
1345 2654 655
1344 2655 656
1343 2656 657
1342 2657 658
1341 2658 659
1340 2659 660
1339 2660 661
1338 2661 662
1337 2662 663
1336 2663 664
1335 2664 665
1334 2665 666
1333 2666 667
1332 2667 668
1331 2668 669
1330 2669 670
1329 2670 671
1328 2671 672
1327 2672 673
1326 2673 674
1325 2674 675
1324 2675 676
1323 2676 677
1322 2677 678
1321 2678 679
1320 2679 680
1319 2680 681
1318 2681 682
1317 2682 683
1316 2683 684
1315 2684 685
1314 2685 686
1313 2686 687
1312 2687 688
1311 2688 689
1310 2689 690
1309 2690 691
1308 2691 692
1307 2692 693
1306 2693 694
1305 2694 695
1304 2695 696
1303 2696 697
1302 2697 698
1301 2698 699
1300 2699 700
1299 2700 701
1298 2701 702
1297 2702 703
1296 2703 704
1295 2704 705
1294 2705 706
1293 2706 707
1292 2707 708
1291 2708 709
1290 2709 710
1289 2710 711
1288 2711 712
1287 2712 713
1286 2713 714
1285 2714 715
1284 2715 716
1283 2716 717
1282 2717 718
1281 2718 719
1280 2719 720
1279 2720 721
1278 2721 722
1277 2722 723
1276 2723 724
1275 2724 725
1274 2725 726
1273 2726 727
1272 2727 728
1271 2728 729
1270 2729 730
1269 2730 731
1268 2731 732
1267 2732 733
1266 2733 734
1265 2734 735
1264 2735 736
1263 2736 737
1262 2737 738
1261 2738 739
1260 2739 740
1259 2740 741
1258 2741 742
1257 2742 743
1256 2743 744
1255 2744 745
1254 2745 746
1253 2746 747
1252 2747 748
1251 2748 749
1250 2749 750
1249 2750 751
1248 2751 752
1247 2752 753
1246 2753 754
1245 2754 755
1244 2755 756
1243 2756 757
1242 2757 758
1241 2758 759
1240 2759 760
1239 2760 761
1238 2761 762
1237 2762 763
1236 2763 764
1235 2764 765
1234 2765 766
1233 2766 767
1232 2767 768
1231 2768 769
1230 2769 770
1229 2770 771
1228 2771 772
1227 2772 773
1226 2773 774
1225 2774 775
1224 2775 776
1223 2776 777
1222 2777 778
1221 2778 779
1220 2779 780
1219 2780 781
1218 2781 782
1217 2782 783
1216 2783 784
1215 2784 785
1214 2785 786
1213 2786 787
1212 2787 788
1211 2788 789
1210 2789 790
1209 2790 791
1208 2791 792
1207 2792 793
1206 2793 794
1205 2794 795
1204 2795 796
1203 2796 797
1202 2797 798
1201 2798 799
1200 2799 800
1199 2800 801
1198 2801 802
1197 2802 803
1196 2803 804
1195 2804 805
1194 2805 806
1193 2806 807
1192 2807 808
1191 2808 809
1190 2809 810
1189 2810 811
1188 2811 812
1187 2812 813
1186 2813 814
1185 2814 815
1184 2815 816
1183 2816 817
1182 2817 818
1181 2818 819
1180 2819 820
1179 2820 821
1178 2821 822
1177 2822 823
1176 2823 824
1175 2824 825
1174 2825 826
1173 2826 827
1172 2827 828
1171 2828 829
1170 2829 830
1169 2830 831
1168 2831 832
1167 2832 833
1166 2833 834
1165 2834 835
1164 2835 836
1163 2836 837
1162 2837 838
1161 2838 839
1160 2839 840
1159 2840 841
1158 2841 842
1157 2842 843
1156 2843 844
1155 2844 845
1154 2845 846
1153 2846 847
1152 2847 848
1151 2848 849
1150 2849 850
1149 2850 851
1148 2851 852
1147 2852 853
1146 2853 854
1145 2854 855
1144 2855 856
1143 2856 857
1142 2857 858
1141 2858 859
1140 2859 860
1139 2860 861
1138 2861 862
1137 2862 863
1136 2863 864
1135 2864 865
1134 2865 866
1133 2866 867
1132 2867 868
1131 2868 869
1130 2869 870
1129 2870 871
1128 2871 872
1127 2872 873
1126 2873 874
1125 2874 875
1124 2875 876
1123 2876 877
1122 2877 878
1121 2878 879
1120 2879 880
1119 2880 881
1118 2881 882
1117 2882 883
1116 2883 884
1115 2884 885
1114 2885 886
1113 2886 887
1112 2887 888
1111 2888 889
1110 2889 890
1109 2890 891
1108 2891 892
1107 2892 893
1106 2893 894
1105 2894 895
1104 2895 896
1103 2896 897
1102 2897 898
1101 2898 899
1100 2899 900
1099 2900 901
1098 2901 902
1097 2902 903
1096 2903 904
1095 2904 905
1094 2905 906
1093 2906 907
1092 2907 908
1091 2908 909
1090 2909 910
1089 2910 911
1088 2911 912
1087 2912 913
1086 2913 914
1085 2914 915
1084 2915 916
1083 2916 917
1082 2917 918
1081 2918 919
1080 2919 920
1079 2920 921
1078 2921 922
1077 2922 923
1076 2923 924
1075 2924 925
1074 2925 926
1073 2926 927
1072 2927 928
1071 2928 929
1070 2929 930
1069 2930 931
1068 2931 932
1067 2932 933
1066 2933 934
1065 2934 935
1064 2935 936
1063 2936 937
1062 2937 938
1061 2938 939
1060 2939 940
1059 2940 941
1058 2941 942
1057 2942 943
1056 2943 944
1055 2944 945
1054 2945 946
1053 2946 947
1052 2947 948
1051 2948 949
1050 2949 950
1049 2950 951
1048 2951 952
1047 2952 953
1046 2953 954
1045 2954 955
1044 2955 956
1043 2956 957
1042 2957 958
1041 2958 959
1040 2959 960
1039 2960 961
1038 2961 962
1037 2962 963
1036 2963 964
1035 2964 965
1034 2965 966
1033 2966 967
1032 2967 968
1031 2968 969
1030 2969 970
1029 2970 971
1028 2971 972
1027 2972 973
1026 2973 974
1025 2974 975
1024 2975 976
1023 2976 977
1022 2977 978
1021 2978 979
1020 2979 980
1019 2980 981
1018 2981 982
1017 2982 983
1016 2983 984
1015 2984 985
1014 2985 986
1013 2986 987
1012 2987 988
1011 2988 989
1010 2989 990
1009 2990 991
1008 2991 992
1007 2992 993
1006 2993 994
1005 2994 995
1004 2995 996
1003 2996 997
1002 2997 998
1001 1000 999
