2023 1012
729 798
1003 1732
1136 1328
46 96
312 768
474 1339
1178 1662
1526 1854
1613 1771
454 1470
842 1998
475 508
897 1712
322 504
1349 1719
639 1026
146 1027
61 1762
1967 2010
757 1203
1300 1915
840 1493
618 1035
770 1211
956 1468
120 1445
82 1389
548 1449
220 1837
1042 1897
785 1280
298 2000
725 1514
534 1755
407 1260
983 1238
1265 1880
129 535
8 1582
915 1637
631 1723
755 1508
517 719
1165 1604
234 1684
690 1828
197 1434
553 1572
339 1819
263 1982
1261 1371
1974 1994
1601 1660
964 1809
910 959
110 568
430 1836
20 1523
63 1194
141 332
466 555
1064 1668
363 910
1119 1390
279 518
309 483
355 1379
1431 1496
876 1525
1617 1933
1291 1738
4 1199
983 1944
765 1245
929 1923
112 459
122 1826
1348 1758
485 1551
138 607
1478 1706
1426 1687
1212 1217
116 1211
232 1074
943 2009
1158 1578
1233 2006
660 1417
85 835
360 800
592 1232
1477 1814
963 1997
1148 1724
1036 1389
670 869
1127 1589
302 1220
989 1568
919 1692
586 1220
665 1246
175 1993
64 1450
1642 1994
995 1804
100 1181
241 369
1260 1802
1296 1435
1293 1491
711 1715
1167 1264
167 1652
1453 1913
358 1375
465 999
1316 1924
436 1097
759 1146
172 1828
351 492
1376 1791
801 1752
12 1708
758 1612
1241 1579
103 493
1537 1964
159 982
1358 1834
1087 1504
18 1332
638 1298
600 1080
1083 1364
435 1831
1458 1479
1517 1759
306 2006
105 118
277 343
617 1581
1023 2005
779 1213
50 237
185 1242
841 1535
107 771
727 1457
1305 1916
1401 1792
179 1459
244 1438
1426 1473
424 699
429 1920
682 1406
311 1519
44 1293
94 328
283 648
408 1669
507 1670
450 1752
468 968
612 1851
657 1439
718 1450
1370 1457
57 208
740 937
530 1010
625 1784
688 1232
874 1571
8 843
609 1078
297 1847
196 289
710 768
19 560
409 762
1595 1854
284 1200
411 803
21 400
484 568
720 1045
192 885
646 1205
17 1720
630 1128
1404 1733
182 1312
525 1753
1776 1820
878 961
499 1281
371 532
1184 1801
1110 1385
87 2004
245 520
608 1803
474 1946
1572 1900
345 490
617 1025
1200 1933
1028 1893
394 677
726 1462
381 1122
1044 1093
1669 1892
569 1600
169 1012
1345 1877
240 284
1713 1980
624 1535
1102 1107
1420 1654
1096 1751
24 1863
749 1613
74 712
958 1066
754 1016
311 1833
1680 1934
1642 1929
653 1218
1297 1748
521 1104
839 1767
145 1356
1367 1655
623 2007
89 1279
1245 1467
1820 2023
540 1094
1046 1913
460 1495
1539 1563
139 1746
223 1848
352 1082
1177 1996
1673 1795
883 1869
212 1188
158 833
271 1108
1082 1357
1204 1686
1198 1693
372 1486
310 1747
966 1183
558 1262
857 1303
851 1292
67 663
1155 1570
1054 1259
417 498
579 919
308 1210
896 1126
987 1968
344 1182
994 1583
266 1558
445 541
70 1922
382 1797
1239 1329
603 871
977 1147
698 767
815 962
191 803
834 1534
724 1925
40 335
10 1693
809 1842
542 1221
481 1881
808 998
3 547
126 969
162 361
58 1569
22 2018
1741 2016
83 491
403 1214
312 1524
78 1590
760 1979
402 1678
522 1947
816 2017
35 225
501 503
1326 1744
1176 1509
248 1939
743 1984
372 709
695 988
1296 1522
69 1922
624 1339
807 1548
314 921
1199 1840
800 1343
976 1910
181 747
342 1689
258 978
639 776
98 1380
863 1767
193 430
845 1748
423 1500
874 1070
325 696
145 1943
1460 1480
287 1550
1603 1859
39 1341
860 1286
133 1844
137 1126
567 852
679 2014
183 1075
513 1442
300 1873
694 1621
810 889
119 1836
35 1722
836 1975
1221 1528
1815 1880
970 1489
636 1742
184 1781
268 1789
607 1987
1075 1237
246 1443
399 529
528 1368
84 1095
144 1608
237 633
613 1254
1685 1961
586 1816
578 640
192 1130
213 1084
26 1502
1487 1756
48 156
203 1134
418 1783
209 1208
478 1271
1034 1308
42 1264
54 615
243 292
957 1750
248 1483
637 1472
1282 1717
355 1912
1647 1838
376 623
1269 2012
654 1413
236 840
666 1233
505 1782
551 1799
249 864
806 1171
1068 1407
41 1649
230 1873
1561 1580
635 1726
592 1419
657 824
671 1562
321 1007
363 1485
913 2015
945 1590
200 993
33 1583
825 854
526 1087
628 1257
1250 1932
797 925
620 1114
778 1626
279 440
1153 1331
93 1977
1025 1707
446 1948
930 1991
1228 1402
841 1412
330 1365
337 1875
500 1278
1679 1728
1348 1706
406 721
1834 1865
546 1610
348 1704
407 1014
846 1909
893 1756
1143 2017
849 1555
49 824
893 1628
582 1174
648 1436
1420 1454
287 1500
420 1023
1100 1411
897 1036
160 485
68 634
338 626
381 1863
858 1406
843 1630
219 1547
938 1607
383 1870
532 1466
775 1739
176 1105
1062 1574
447 1793
341 1899
1564 1926
296 1987
72 1731
1301 1845
986 1649
788 1110
1108 1550
894 1829
672 1575
748 1757
838 1288
527 855
791 1549
151 1879
563 1591
187 1185
129 992
1399 1971
972 1255
1175 1635
512 1588
1022 1408
377 575
58 1009
1626 1941
831 1017
756 1067
102 1705
92 1190
905 1768
37 1573
210 471
719 1708
115 726
713 997
1643 1761
124 1659
43 1585
668 1072
674 1644
364 1288
257 1839
1398 1445
242 1168
970 1957
1638 1955
722 1511
45 438
347 401
949 1021
606 1019
547 1806
1400 1705
778 1510
945 1263
1218 1388
335 1160
1579 1902
81 971
1071 1545
725 1881
1437 1988
28 1382
899 1347
1490 1713
656 714
60 609
303 619
1173 1488
506 1565
125 951
1105 1606
306 1627
1157 1169
1484 1701
1791 1974
1001 1164
134 1402
1051 1920
772 956
804 1702
164 1740
1196 1860
1163 1891
1470 1542
77 715
902 1453
128 1396
27 891
1058 1709
286 291
99 1464
1120 1774
113 1536
32 451
198 477
179 1085
1658 1817
1615 1703
1344 1778
702 832
143 1521
103 1140
55 980
799 905
549 758
60 1807
1238 1745
392 1290
1383 1950
32 195
1336 1378
565 1847
331 934
572 930
706 899
1312 1430
128 416
1587 1633
173 1162
126 1588
877 1714
522 1314
751 1002
733 1682
320 536
79 1822
827 1201
1436 1955
1890 2021
1032 1197
1168 1267
62 593
161 1939
1120 1899
922 1598
577 1300
1636 1925
926 1849
557 652
85 1569
1206 1673
413 461
576 1768
805 1878
858 1119
867 1452
272 1934
683 1515
14 328
1585 1861
580 1054
1478 1812
30 1757
1001 1894
327 425
756 1256
97 1501
675 1051
898 1170
891 1427
31 827
822 1650
102 881
220 2005
833 1086
267 1814
30 1205
88 332
148 1069
255 557
313 346
27 1676
925 1244
101 1619
786 1113
215 688
1124 1931
259 1938
1382 1769
1516 1970
1299 1307
685 1330
324 1981
619 797
674 1807
979 1050
947 1162
508 1317
57 1065
932 1049
214 1464
218 506
88 1127
410 1811
995 1258
605 1084
262 1290
117 1101
471 1802
1527 2004
147 784
1056 1381
923 1877
1072 1346
1576 1906
965 1494
1455 1521
615 1244
1305 1410
1489 1998
1107 1112
19 449
1342 1954
501 1206
44 405
837 1544
596 881
505 1576
962 1315
224 1451
873 1334
703 1566
864 2003
45 86
1771 1895
204 2008
810 1333
1532 1620
766 1456
6 524
337 364
392 1830
358 439
452 1323
1330 1528
1313 1678
1048 1993
1392 1628
1377 2011
309 744
173 1258
55 336
1039 2022
7 1539
344 1855
187 1397
71 1392
159 315
1055 1356
262 1595
29 1876
770 1961
1156 1309
317 585
111 452
626 884
629 1140
742 1360
590 1202
946 1342
604 677
950 1947
826 1006
1191 1709
544 1186
570 911
1817 1841
621 1223
34 509
334 1935
1109 1773
918 1506
484 1186
1936 1969
411 1224
1311 1720
373 1909
371 1681
239 641
886 1594
329 1932
224 275
1131 2007
611 629
601 1301
322 736
80 1825
47 1904
5 1950
374 1383
1816 2009
989 2021
73 1194
238 353
1226 1867
786 1059
376 1914
1805 1985
732 954
1765 1786
472 710
612 1900
644 755
1530 1682
662 1125
789 1172
108 834
235 1983
513 1160
1945 2001
1052 1556
730 1401
205 391
1657 1766
1672 1780
1086 1514
1338 1787
980 1717
1658 1785
691 793
752 1180
1230 1832
1696 1891
1696 1735
1484 1935
1353 1866
1468 1562
966 1912
243 820
1150 1513
433 554
1414 1938
1215 1251
683 1434
227 1197
142 1653
1851 1931
201 1268
458 982
241 1665
578 795
937 1449
999 1372
105 914
79 628
576 1518
83 618
182 1623
244 1234
872 1534
894 1690
1002 1424
787 908
614 940
59 1179
693 724
1901 1953
1081 1703
318 1531
700 1560
620 1596
1179 1916
1183 1271
611 1273
1400 1597
748 817
1017 1306
49 1883
1354 1573
472 1966
64 167
776 1887
535 1030
847 878
226 1704
1551 1794
300 1565
54 188
153 764
888 1009
15 1267
476 1980
702 1209
1096 1646
254 1625
410 1887
1334 1462
42 572
998 1620
1069 1670
1780 2013
293 445
1743 1779
61 662
313 1078
417 1529
464 1640
993 1280
190 247
176 1236
225 605
1772 1779
684 1386
521 1163
116 1112
181 1340
1677 1956
1204 1242
361 1123
384 1663
1257 1747
610 693
304 661
523 1924
632 759
380 1844
1137 1995
494 747
524 760
1118 1533
885 1989
288 1864
378 918
212 1677
954 1602
195 643
340 698
439 1228
321 855
1212 1721
1041 1739
690 1266
17 239
561 1174
829 915
72 260
477 806
1431 1778
1172 1557
1006 1981
1903 2018
1007 1992
682 1141
458 635
1746 2023
1181 1563
1823 1979
1483 1763
290 1432
603 1875
862 1679
16 177
221 1198
95 1793
1313 1918
1285 1592
775 1680
1240 1435
14 816
75 1213
375 882
398 1609
432 1138
153 1733
386 1144
137 2022
1476 1611
189 1192
1359 1882
1139 1274
1515 1702
912 1327
548 850
1360 2011
353 669
387 672
866 1469
164 804
1115 1605
789 1324
1415 1861
275 305
545 1059
1810 1895
207 1501
790 1319
473 857
264 379
1005 1298
829 1262
295 877
354 958
467 1603
1015 1077
1254 1396
1145 1839
581 1029
52 782
251 587
1443 1544
124 230
378 644
792 1361
1272 1731
961 1247
288 1792
336 1775
80 1506
558 1012
696 1800
451 731
338 517
473 1418
204 1730
1795 1857
202 1018
1503 1815
658 1647
481 699
835 1941
595 830
403 1418
84 1532
1187 1962
640 1177
754 1874
669 1101
351 883
863 1377
131 2003
100 1463
1351 1492
1805 1975
1154 1866
819 1093
886 1843
286 1609
101 994
571 1282
577 1161
218 1751
1063 1944
1193 1888
844 1914
73 1359
