8068 8067
7450 7861
3677 4011
4399 7503
7445 7724
1365 1793
1704 2418
2423 7113
5647 7278
1098 2285
1591 2832
41 3835
1750 7936
6962 7341
2484 5559
31 6196
6551 6822
6970 7050
1838 2733
2977 5561
6040 7107
7256 7980
3072 4384
7623 7876
3369 6217
1860 6848
2630 5760
2077 3559
2202 6683
4809 7661
2641 6893
4324 7555
2228 4960
325 4738
790 3535
87 5585
809 7784
4098 6393
76 417
386 7176
308 5640
49 7215
4872 6117
539 7847
4749 7262
220 2510
3435 7777
2748 4645
1241 1269
814 2079
401 6556
3215 3890
2895 6622
4235 7582
132 6423
5970 6765
89 5273
1019 7029
3845 5810
1628 2845
186 7522
3719 4017
5153 6356
1740 1995
1520 3077
1591 7470
3570 5658
1400 4354
3925 7119
4820 7048
718 7216
6246 7798
3199 4833
2361 5524
2246 2555
2011 3371
2222 6613
4341 7918
2910 7848
164 4365
2265 7206
3580 4558
3849 7243
38 5421
3066 3846
3988 7907
4066 5146
5546 6453
3870 5108
1458 3468
3086 6591
3612 4742
2044 3231
1340 3659
2770 4278
916 4454
744 6977
4428 4881
112 6390
278 4883
1195 5140
5256 7123
519 4323
54 4225
1273 3468
5569 6646
938 2101
1842 7932
5679 6946
5150 7130
4494 5453
2649 6101
6952 7352
2662 7058
1523 2804
2731 5417
1578 6821
7124 7835
1692 8051
2676 5329
1938 4478
172 541
6364 7033
3826 6716
1605 2715
3887 5587
2092 4098
4724 8039
2471 5453
5556 6601
424 1103
2069 4818
1707 7686
1558 1938
4477 4994
3168 4128
6739 7704
194 2011
1169 3255
6675 6697
499 1735
843 6282
463 1003
2206 5528
2087 3920
1772 4797
1561 6816
3702 7708
6464 6841
1505 7513
1270 7490
2404 6450
2952 5375
2421 4202
3534 5060
1041 7021
2035 7945
2521 3064
3402 4013
5665 7504
4646 5894
2675 5119
3301 6872
171 6601
5504 7631
6430 7619
2300 6055
256 7036
5148 5525
1087 3283
2534 2888
5866 7273
2299 7792
2146 2439
6601 7664
717 3610
933 2078
1800 3591
1638 3841
1431 2019
3023 3339
8 4712
2493 7631
3391 6450
220 4303
1282 7005
2122 6945
966 7817
609 2439
2320 5280
2329 6908
7112 7724
219 1407
580 6602
1277 1627
1281 2126
7038 7879
5039 5821
4623 7267
6357 6606
4069 6697
4374 7676
3573 5377
7273 7460
1682 7216
706 2532
115 5219
2583 3331
3263 7653
3647 4151
232 2454
2207 5883
899 4748
1391 3089
2089 6534
1443 2152
1189 1572
2397 2534
324 5568
4869 7767
4351 6153
1560 2638
2987 5933
1443 3249
3953 6771
481 846
1692 7591
2102 6062
2620 4544
698 7656
1493 3144
7387 8021
9 801
87 6620
17 5025
1443 5830
4485 5172
3482 5114
2803 7737
5321 5710
2870 6548
1124 3490
3729 5201
5315 7377
4377 5007
1900 3442
2446 3491
7109 7802
359 4601
3015 4039
3582 5384
2559 5384
690 1184
3285 7622
316 6720
2150 3221
3121 3487
412 1523
4194 6741
4348 5362
3803 5468
1360 6254
2887 7529
7479 7558
3120 3146
2202 4439
3325 4333
703 2743
2073 2556
95 4647
1435 5924
4983 7117
101 463
767 6462
897 5056
1009 3010
3099 3633
2740 6929
591 2963
1168 2414
4689 5398
5326 6062
7010 7612
778 7647
2274 5466
7139 7199
154 7826
5640 5934
143 7249
3954 6342
2053 5956
2402 3418
5715 6600
6359 7945
1075 4613
402 4286
1492 4077
844 1821
3011 7389
3897 6761
3111 7964
3992 5653
1938 2591
6711 7860
1961 2131
3049 7120
3853 6283
128 1010
5504 7770
668 1041
3130 7203
3079 4654
1788 4600
6006 7631
641 1765
583 2928
3443 7211
4289 4912
209 2583
640 1384
6401 7432
649 2271
1954 2584
4661 6395
2682 3675
579 2686
3242 5662
2910 8000
5830 6121
363 2839
6626 7095
6827 7695
4056 5630
1100 7760
5791 7567
4052 5335
6039 6359
6326 7221
5586 7982
6130 7326
62 1837
3531 5814
2548 3695
1950 6393
4939 5128
4227 6747
4329 7699
1961 5844
860 4209
3377 4903
896 4598
3675 4877
4477 6868
7849 8013
1445 2472
1866 3787
6312 7654
6241 7839
5458 7652
1347 6993
2792 6763
2143 4951
751 6172
1129 4874
1071 1800
1618 2025
5941 6018
6545 7434
5070 5220
1071 3118
3811 7028
2928 4046
2953 4844
654 6374
3754 4474
1894 5365
305 5727
1819 6597
4685 4725
1745 2722
2293 7412
4439 5533
998 5427
1157 2474
1753 6144
105 2241
2131 5505
4627 4860
3655 3802
4898 5156
3802 4899
1496 6349
732 2644
4651 7695
7763 7838
1156 7381
7206 7577
279 4146
139 3150
1890 7115
153 323
682 6276
2666 7006
3465 3720
945 1508
495 2318
6024 6458
7683 8005
4167 5822
584 6987
1778 4959
516 5874
6004 6412
1997 6821
688 3958
3763 5348
1773 4961
2611 6452
3200 7789
2384 6433
4186 4241
1071 1429
2908 7136
4624 6713
1420 7345
5431 6071
729 5282
1939 2257
1431 3760
5770 7826
6411 6977
3843 5816
147 7899
3894 5789
3197 5766
471 4648
2614 3699
390 4388
3875 3989
26 46
1261 2835
500 893
5723 6244
408 2868
2463 7890
5075 5420
5640 7653
689 3151
1136 2238
4265 7951
77 454
937 7741
309 7052
3404 6698
2374 3656
3071 4913
4844 6239
4115 7804
5853 7608
1874 3065
2661 4187
1924 6231
3132 3277
331 1033
5100 6734
1062 2766
3629 5601
4176 7718
475 6634
2843 6641
1143 5296
6559 7297
2584 7387
3726 5620
5111 6255
893 2569
3729 4031
5326 5937
1071 2517
1327 7961
2522 2553
2625 5805
1921 2815
4136 6026
1061 5308
4819 6467
3756 5003
4109 4747
2661 5081
3609 7256
888 5190
3424 5362
2413 6614
1874 6146
61 4275
5839 7376
3318 4686
3817 7256
5739 7798
2103 6951
5478 6222
2486 7201
4698 6578
476 4039
1314 4882
924 1783
2241 5885
4310 5803
3561 8024
586 7431
2119 5199
1890 4157
103 6109
5540 7776
866 1373
2258 3482
2077 7908
589 1798
1151 2906
3464 3697
2874 4165
5105 7165
1146 3596
6159 7670
1405 1976
4838 6145
356 7114
1805 4753
174 4637
2874 3637
258 4867
3419 5697
4624 5377
3399 3568
2314 4721
6352 7817
913 5009
1093 5477
973 4794
1658 4937
3683 4550
2407 7953
1936 5216
3117 4976
2814 4495
639 5659
458 4848
465 3384
4230 5462
4992 8057
5877 6855
6965 7095
2547 6849
3825 7233
608 6154
6446 7292
578 4867
808 4535
1623 2888
1640 3818
3104 3695
485 7384
3417 7524
102 6870
847 4478
4342 6321
4469 5830
47 765
3957 5499
3267 6026
6410 6723
5524 7863
4914 5169
632 6108
4867 6333
2357 7951
6379 6942
3452 4282
7026 7107
578 2132
4945 5219
2214 4272
3495 8035
641 7149
3399 5813
7112 7164
3246 7526
3057 6984
4791 5404
4277 6036
3312 3352
233 7992
455 6180
1429 2829
3181 4841
664 7722
2864 3060
6232 7838
2376 6714
6795 7076
1952 3858
5745 7369
2455 7541
829 7980
3259 5086
5846 6350
1493 5407
1126 2896
2844 7692
149 2413
1295 1524
844 890
3086 6619
6231 7477
387 5285
5676 6441
753 3726
1804 7714
1595 3479
2027 2757
2980 5271
879 4729
2592 6962
204 5642
1055 3202
3565 4567
1381 3747
5714 6153
5087 5990
3149 3623
1449 4988
3303 6724
4966 6219
3351 6110
1521 3135
260 329
1932 6242
6179 6302
280 7059
2328 4773
463 7967
5377 6727
760 3576
2901 4265
5379 7959
5984 6284
370 4710
999 3083
6648 7572
817 3034
4121 4788
333 7174
2026 6471
151 892
2536 4483
3026 5891
604 1825
3404 5478
6653 7239
94 7643
4675 6042
1721 4831
4591 7721
3274 7161
7101 7829
4374 4585
6428 7803
2324 5707
4269 6041
68 295
3134 7424
4747 7782
4065 6863
2591 7785
36 2675
579 7531
4698 6133
3771 5027
2229 4833
647 1457
4632 5192
2072 5411
1261 1677
3646 6672
2464 7587
566 3835
3603 5960
2488 3085
1789 2341
2730 6187
5895 7066
2031 7585
4093 5543
1464 5005
4566 6540
270 3664
4 6249
1853 5143
4139 6145
731 7393
3242 3869
1666 2481
4109 7581
4176 7252
562 4304
5699 7009
5826 7617
1986 3371
2592 7649
2232 7015
776 4335
2924 3885
6105 7064
168 7893
777 4800
3547 5182
35 6040
1181 6426
3775 5144
3536 3636
3938 6570
3686 7392
7062 7951
814 4283
4520 8018
1118 7456
2530 6862
4693 5655
3744 4232
770 3864
3885 4207
1968 6074
1501 2346
3250 4672
5016 7785
5301 6993
5514 5586
2511 2856
6912 7177
722 3602
4109 7026
1232 4021
4913 6369
2011 4716
1432 4931
2815 4979
4630 5079
1893 6779
2989 6394
5061 6425
4512 5917
273 7448
3401 6601
5860 7331
3098 3159
3229 3780
434 2220
3069 7748
3134 3555
2383 4012
1667 3016
1766 2698
1054 3210
2637 4164
803 5801
892 4168
6177 6631
2143 6039
5871 7541
2927 6773
915 5314
1158 1587
1639 6397
814 1944
4326 5977
3568 7676
3258 4409
2355 6627
4669 6871
6309 7073
1016 7990
510 1378
4143 6650
3565 4092
3998 5977
6593 7057
60 1426
6768 7620
472 1448
411 2346
3509 6991
1700 6375
2934 5481
516 5027
4684 5897
2914 6081
4737 4914
405 7692
5285 6598
7940 7949
1534 3096
2423 7099
1525 1983
5669 7150
3704 4621
929 7185
4508 6379
4335 6362
5182 6317
247 5033
1759 6897
1796 2211
2952 6216
2946 5594
602 1196
5419 7032
3701 4172
3882 6628
1877 2260
459 8008
2189 3027
1996 3300
5455 7834
5248 6439
1589 1696
2942 5127
1846 4538
3196 5662
3219 7051
3925 5776
5927 6580
616 7583
2357 3784
2018 7237
1210 3078
3661 6830
669 2951
2051 7785
2458 4627
4209 7298
1666 4534
228 7109
37 2602
758 5201
2528 4071
4336 4373
6393 7667
5424 5516
3750 4287
2572 3971
630 3497
5870 6330
5441 5676
4020 6411
4907 6190
5819 6794
4883 7544
610 1823
1019 6407
2535 4808
1986 7811
2857 4552
6719 7968
780 2153
4025 5709
3845 3891
1531 7855
1251 6165
2201 3743
3363 6941
73 4620
299 3515
1614 7351
3649 6295
1122 2166
1417 7007
857 2215
6152 6696
4799 5792
3162 7558
805 3327
3876 5286
1042 6709
147 1139
1878 3342
669 7245
2125 7706
6159 6911
3349 3865
3059 7139
1577 5690
4449 7734
1332 7275
1408 3847
1066 4436
7026 7256
2174 7020
6740 6804
236 4661
1343 4090
7274 7444
4146 7941
174 2782
641 3262
6309 6383
5293 5497
4655 5642
4827 5780
5298 7349
2465 7806
2568 4992
948 2282
5112 6376
7517 7973
2770 7516
6802 7519
503 2822
5036 6355
206 1253
1345 7572
2358 6968
4083 4868
854 4268
1076 4666
388 5038
3293 4199
6792 7298
1858 3716
3580 4700
1961 3505
43 1969
905 7958
3415 3806
5037 7237
571 574
4907 5768
1382 5546
2417 4810
687 3832
3871 5580
4420 5461
5686 5935
50 4772
3327 6458
1406 4175
353 5853
1179 1734
2502 4313
4029 5711
1441 6499
1556 3707
1319 3111
2276 6157
7606 7945
3909 7676
1662 1862
2024 3580
2653 6248
1329 1542
4569 5696
1478 6175
5540 7006
2576 3039
1664 2978
6646 7373
6424 7332
2419 6488
1099 5774
2124 6601
1104 6733
6670 7417
1097 3360
1941 7700
3472 3942
5197 5237
7068 7234
2442 2821
68 1635
1286 3682
7588 7783
3016 6546
3233 7790
7006 7540
3195 5931
285 7014
798 3847
5349 6552
3931 4406
5674 5822
4347 5911
2831 7319
3900 4074
3360 7137
1169 2359
293 5448
823 6581
4843 7832
2622 3058
5850 6862
1853 3557
6037 6243
4395 7786
6228 7189
2001 2738
1518 7994
1917 3645
5881 8021
4669 6258
336 797
417 693
2476 5986
2699 5235
4234 6499
740 3992
3171 7384
374 7116
5294 5836
3615 4258
3489 4455
2219 7646
3173 5418
2236 4189
996 1730
7572 7835
2166 6253
869 2140
2458 3903
399 7087
4203 5083
5312 7628
597 1485
3988 4299
5005 6656
5859 6189
516 6338
4829 5618
272 2185
1335 5084
4149 6424
781 793
1545 4480
3106 4261
5102 7202
618 6066
4795 7111
871 4526
4385 7392
6758 8013
2005 2535
1960 7325
1399 2414
424 3856
1363 5511
4412 7744
233 2525
5454 7154
4876 5588
3615 6190
153 1910
4085 4711
3948 5253
1425 2802
1489 5235
3971 7058
2456 2830
4412 5297
2724 5242
5991 6767
2434 4456
1991 6330
1053 3951
864 2485
2351 5009
2196 3387
2970 4042
3765 6437
1660 3842
1060 7011
241 7594
152 3560
3413 7281
3523 4521
1275 5700
5451 5458
2228 2368
3712 5901
2520 3300
1866 4890
4954 6818
1106 7449
505 1411
2118 7883
163 2110
3343 7159
58 7414
5189 7949
3425 3531
5435 6062
2642 4797
1931 6966
231 2333
6832 7471
2497 3225
1200 3215
1709 6874
1003 6731
4115 6296
3237 5312
23 3672
3297 7754
2317 6617
1910 3183
5478 7572
547 4991
713 7243
2461 3325
3664 5384
1585 7003
1383 6341
2298 3040
4350 8011
475 1665
2327 3088
3430 6006
2120 6366
5103 6415
303 1197
2514 4923
1127 2909
191 1015
4368 4641
3452 7105
1257 3074
3742 5941
4081 4103
5578 7732
4774 4805
1954 4291
3277 6503
726 6084
7466 7822
6320 7905
521 6447
241 703
403 6318
5625 5762
845 3815
2885 3279
3318 7273
1890 6923
941 2563
1891 3183
2329 4728
623 6758
2245 7798
1685 6813
3220 4703
152 1096
6103 7423
4955 7444
2840 5560
2144 6085
3880 6257
2958 6272
4554 7402
5518 7988
2666 3861
609 6378
1412 3968
1297 1544
442 7255
1240 1270
4100 4661
1741 1849
2232 3656
3360 4772
5986 6860
1268 1959
1972 5585
299 2381
1609 3489
2164 7193
2470 5467
509 5197
971 2167
2392 4864
2223 5296
472 6465
3026 4653
6552 7951
132 6529
2524 6035
1361 5121
4159 7647
161 7584
2020 3007
6169 7339
834 2329
1493 5905
1455 2182
7069 7071
3858 6591
2959 5924
1984 2217
5062 7126
89 2150
7395 7828
2386 4599
6124 6447
291 7511
6233 6563
2118 4851
533 7833
6244 7276
4328 6783
4111 7491
1853 4139
1398 7993
653 988
4613 6950
6899 6962
2533 3512
471 4281
1288 3944
959 4381
2977 5830
3694 6861
2666 7818
2367 7978
4785 6056
4793 4983
376 4130
5860 7703
3191 7632
4386 7680
5232 5234
2237 4263
1578 6674
6212 7907
1758 2654
4411 5307
3373 6471
3407 7383
299 3073
3957 3986
2649 4590
3249 5124
1132 3732
7272 7888
4760 5371
1318 7472
4863 7355
244 3144
2758 5312
692 6452
941 3239
2698 5928
95 3701
85 4597
3266 5584
3281 3997
5921 7143
4645 7352
370 3205
939 2811
2102 4377
1695 7721
1996 6183
5843 6527
9 569
1814 5225
3278 4739
1622 3477
3826 7972
5115 6252
4424 7543
2309 3726
5938 7593
1900 6057
6666 7993
2086 7313
2946 5834
1526 6481
445 3698
1012 7986
4109 4566
7379 7616
1078 3343
1625 7787
17 933
2477 2760
4634 5117
6095 6994
3890 6207
1137 7962
5613 6065
1891 2886
4301 7199
370 4085
1596 2143
1969 5150
4076 4245
417 1310
5815 6253
3998 7018
1934 2102
4240 5597
2698 4176
41 4624
4109 6359
2391 7455
1414 5898
6876 7198
842 7337
2666 2967
5777 7938
1192 4588
1407 2283
205 1584
324 7162
2111 2576
4158 7468
2048 6253
3378 5077
6 4858
1865 3736
3726 4252
60 6226
3320 7954
3888 4498
2856 3301
1660 3039
160 3205
2491 7533
3373 7099
1086 4716
1523 4526
3558 4688
4732 7642
2656 7794
2249 7220
3273 7454
1884 2696
2527 3930
1708 6366
4522 6007
276 4263
479 1108
1555 6012
977 3789
2498 5174
5442 6532
6680 7678
1317 4190
719 2831
608 5824
4933 6090
2336 3092
1819 2363
5436 6173
6538 7077
2940 7198
3293 6967
3203 6345
3941 7935
2599 6875
2618 6345
3016 7091
2251 3218
2819 7091
507 3684
4292 4596
6509 6964
5644 7767
2224 6401
2394 5530
6520 7085
1543 1587
3808 4590
5681 6044
1503 7892
4284 4864
5119 7008
4472 4570
3557 4059
6949 7299
321 4943
1387 3470
467 1901
292 1297
5585 6812
428 5030
5579 7925
5323 6846
3713 6318
1370 4236
1938 7275
337 4294
5502 7298
6488 6636
3668 3725
526 1523
1882 6847
1181 1928
930 6150
3970 6877
2527 4277
5022 7928
5156 5729
2094 5135
497 1938
1181 7801
5620 7484
30 3600
1365 6588
4705 5295
2176 2955
872 5569
274 2199
3063 4622
3025 4264
1612 7516
320 3114
2281 7527
1366 3273
3364 6792
2323 6588
642 5515
3288 6095
4786 6091
4521 7076
4042 6104
919 6023
6517 7112
1896 3981
444 1173
4544 6091
3055 5409
2617 5866
4274 6227
421 1180
2270 6834
3366 4932
3866 7401
694 1058
2174 6669
2011 7681
4390 7254
3027 5680
5181 7668
638 1536
2077 7697
6193 6269
5957 7902
5386 5532
1303 7354
3458 4213
1896 7954
916 5305
267 2677
1008 5709
4547 8015
183 4140
4598 7399
661 2147
5053 6767
885 2708
3296 6672
310 7503
1940 1974
5757 7333
6918 7251
596 1010
499 4461
1146 2683
6557 6736
2706 6083
1889 5242
358 4295
459 731
1616 6956
4373 5548
330 2319
94 1801
1415 6894
4473 6400
3381 5822
877 6901
2289 3119
494 928
2296 2350
188 7646
1918 2551
224 6509
3794 5527
676 1196
3187 4732
683 1220
1832 4359
1542 5492
1254 6670
3780 5382
3547 7931
3138 6056
854 6946
3827 6811
2682 3096
516 1899
5120 6169
799 2975
1057 2507
3250 3384
7469 7636
1255 1450
4563 6406
5333 7572
92 3132
6992 7624
117 5030
1807 1929
1483 2682
197 776
2612 3360
1300 5767
5509 6697
1371 7263
2537 4745
194 2540
3762 3833
2546 6139
1123 2392
794 1959
76 7511
4130 4832
227 853
3108 5253
5117 5595
610 4344
229 7617
2765 5015
1750 3710
3088 4735
5804 6150
319 2688
2113 7176
4931 6063
1352 4359
2851 4700
206 3535
636 4337
1380 3526
5486 6866
1050 7569
4777 6275
772 3825
3779 5322
2899 7527
2158 5176
2234 5438
4601 6804
2916 5549
1012 5767
2445 5085
5724 7293
2330 2399
4655 4824
6769 7329
1852 2266
5236 6260
1595 5071
4414 7601
4425 5398
5267 5721
4050 6969
6500 7495
3624 5136
263 2756
3723 4372
1303 5960
1781 1966
3748 5182
5386 5723
2957 7450
819 4223
1950 5420
7317 7831
5808 7605
3962 6599
3675 4551
1650 4174
1103 5989
368 3552
6216 7648
2175 6694
2135 5193
3558 4921
4792 7114
1394 7389
96 4723
5242 6388
199 507
3481 4575
1908 2854
7219 7768
485 5517
2089 6043
2564 6182
1397 3342
5282 7623
5138 8041
2071 3439
1006 2657
58 5998
3504 4477
3889 4123
3075 5880
6575 7589
4601 5272
897 6759
4026 7818
768 7487
3667 6290
264 4141
7338 7436
2705 5434
1950 5946
2113 5478
2077 4452
484 5675
609 2785
7533 7751
1144 5671
1602 5500
1787 4239
2526 5004
4565 6737
4075 6560
598 7496
796 1656
1781 2671
2047 6711
5206 6076
659 6579
239 5817
2199 4370
175 1675
5191 7748
3189 7443
4861 7079
5089 5276
3269 5579
2686 8041
2527 5296
2752 2930
877 5900
5621 5906
3198 6289
664 2203
3616 6235
3396 6109
147 2471
779 4152
4491 6742
6037 6485
1702 2781
3311 7017
2093 4018
4189 5676
479 748
6200 6301
6631 7382
1563 6686
1908 4109
348 5827
3223 4313
1191 5076
2548 6311
2907 6460
2811 7776
1210 4477
1182 7568
964 6536
574 5972
7032 7474
1116 6223
5286 7256
1212 4549
5002 7287
3266 5351
2474 7475
1154 5434
4094 7526
3016 6713
1863 2448
7063 7107
1071 1156
2199 6898
1867 7412
5199 5283
3360 7719
7779 7932
923 4058
1344 4111
4114 6077
2220 3983
1045 7327
1570 4486
7663 7998
70 4435
4267 7607
3228 4690
1324 5405
4931 7253
3678 7148
2635 5639
153 787
6197 6330
2305 7794
2815 4090
4783 6094
2380 5522
119 3100
4003 5561
3467 6221
3839 4981
411 5363
4997 6773
742 2841
4252 5463
757 972
5948 7465
1672 3564
3680 6087
241 7190
2168 2992
3422 5437
612 7128
581 3865
2405 6463
5851 7254
6127 6970
3967 5671
4712 5651
2505 6399
1220 5261
3946 4029
1502 2568
654 1291
2416 6494
2286 5997
3099 4671
5447 7015
2356 7206
3017 4898
1330 6170
6658 6703
2985 7130
878 1248
2592 5854
3106 7455
2143 6246
247 6165
5630 6561
5367 7121
1474 2063
1121 1122
3556 4647
22 2653
5603 6633
2465 6729
5626 7691
2754 6406
1094 7125
3579 4358
520 4904
4233 5309
3228 5724
2961 6031
2705 7136
4063 5945
1162 6207
1756 5538
2340 4603
5607 7874
3160 4196
5490 7273
878 6963
1483 7985
4502 7675
6390 7660
3137 3260
745 4481
4779 5551
261 3477
7533 7617
44 6772
5830 7249
2683 2949
1989 5620
5179 5390
1223 3120
5024 6329
5056 6280
4011 5175
5531 6001
906 6986
834 1317
808 2115
5180 7425
2059 5616
247 6062
509 4857
4506 7496
504 4292
1388 3196
1283 2259
1211 4626
2713 4256
302 5948
6453 6739
1419 4793
534 2499
1399 6147
554 5956
4856 4886
2043 4111
579 7610
3296 6971
1280 1651
2376 2790
1852 7542
4437 4457
6506 7688
861 6472
4114 7048
5099 7609
3828 4092
2231 4027
1884 3177
3330 5430
1287 5810
4476 4556
613 1171
193 3257
816 5986
1176 5931
3050 5122
259 2154
455 6015
4524 6579
2351 3425
6674 8003
3034 7067
2338 7683
657 6408
1319 4205
3729 4668
5491 7282
4814 6308
3345 4038
99 7789
4316 5688
5382 6100
2646 6756
6206 6395
342 5420
556 3763
655 3055
4667 5548
1425 7641
127 1003
4103 4685
72 2977
2928 5027
4388 5633
124 7874
3229 5436
1445 4826
6359 7436
3495 4089
1635 2249
692 6774
1973 3418
5733 6748
2214 3793
3400 7286
4445 6780
1605 6727
3522 4527
1651 4414
4111 7692
1569 3778
1459 7888
3824 6881
5775 6647
3415 5627
2442 4439
696 5207
2126 4053
6984 7080
5262 7777
1674 4222
199 7078
3021 7437
1996 3066
1287 7025
3481 6814
1855 4181
79 202
2095 7546
1507 1728
1118 3279
4156 6406
5827 7441
1897 4815
6295 8015
70 5339
2695 7090
4008 4092
398 6036
3386 7958
932 3285
1338 1409
3270 4105
3657 7827
3084 6528
507 2663
87 4982
261 1236
985 1552
2011 3135
3763 5321
2710 4928
1472 2532
1122 6548
403 4024
4448 5600
1005 4129
2394 6311
1316 7357
3920 4686
6565 7755
198 3551
3038 6194
1759 3738
3974 7124
1068 3266
3383 7537
158 1576
2167 4560
6072 7899
4891 5529
4802 6722
3965 7283
769 1097
1235 6437
2005 2102
300 2034
1568 6581
1562 6400
2180 7919
6588 7410
4054 6704
625 4382
5546 6071
4555 4824
3291 4184
517 5472
945 2723
5991 7070
3475 7399
7273 7922
2739 6891
4680 5829
5260 5534
4658 4701
4481 7867
1502 6237
2515 4431
473 3209
2956 4317
3943 3995
1507 2439
1196 2097
146 1644
1528 5883
1792 4330
1125 1508
4379 5763
4142 7503
3332 7709
2153 5327
489 7307
498 5179
6134 6384
1846 4239
905 1733
5428 5583
4798 7890
7647 7658
2018 4062
322 7101
270 7989
3164 3731
2010 5863
3760 6142
1915 4358
6233 6961
3135 7945
4308 7620
479 6412
566 1022
3156 3625
917 4179
2491 7587
1111 6762
1621 6406
3056 3550
2080 7672
681 2538
4838 7575
1603 2979
2169 6256
2673 6932
2722 5407
1388 4675
362 7208
351 4463
206 3383
2410 2916
1842 7002
3209 5450
822 4535
3491 3643
827 7611
325 4765
306 5048
3965 4323
791 7458
6746 7045
900 6160
2081 3513
721 1597
48 3984
4194 6435
2143 2439
1016 3130
1673 2757
2077 4874
2429 5036
999 4431
2661 7298
2184 6922
1578 6432
2814 7810
5085 7292
3916 5866
2577 3198
3569 7194
1220 3398
4741 6337
2566 3825
3095 4348
2170 7769
3802 4326
2207 7969
4587 7719
893 4739
3490 4655
4370 7833
1042 6598
5445 7620
2983 7622
4784 6629
4874 7515
3772 7124
2780 5711
6029 7375
1120 7266
2481 7631
669 4339
30 5953
983 1594
4259 7383
2148 7605
1449 4857
816 4764
53 2114
3006 6050
1386 2983
2752 4846
2480 4417
2640 4676
2269 7787
2527 6661
1003 7146
4316 5382
1870 3835
2558 3069
6381 6553
3061 7574
4335 6682
4645 6255
1859 7897
2610 4191
2004 2309
1030 7791
326 1752
2260 3414
5840 7167
2186 6182
3160 7498
1874 6624
1237 4862
3514 7859
1297 5398
438 6984
5967 5979
335 1959
818 6234
529 6201
6358 7495
1934 5418
3719 8068
4402 4434
6254 6366
2127 3151
5462 7692
412 873
3021 5993
1004 2231
5062 7472
3763 4982
200 3322
922 3110
193 2326
6180 7307
380 3132
208 2472
1366 4502
3499 6601
2937 7450
1885 2139
597 5807
3931 6099
2348 3681
2912 4041
1441 4387
2018 8025
2304 4832
2173 3868
1602 3205
671 3882
625 3799
1828 2556
5771 7249
1719 6156
1491 2021
4318 6100
1443 3005
2717 6360
3313 7677
681 5301
2379 6697
3447 6454
3568 4424
4924 7558
2334 2710
1919 3293
2411 2413
1470 7826
2670 3662
2362 3023
7131 7729
3226 4975
963 3218
1274 2771
2048 3975
2942 3871
2810 3193
2267 7451
640 1542
3163 4952
4520 8004
3501 4198
3512 6475
1853 2718
657 7188
2550 5221
2969 5176
3582 7533
1246 5257
1193 7179
2915 4730
1288 7873
2937 7786
4356 7851
1126 6087
4599 5994
4902 7187
510 2037
1714 6907
1581 6253
3110 5703
4047 5336
6557 7933
1269 6836
1740 2294
3328 3612
1658 7017
1252 3406
830 4865
6094 6436
3543 3780
6580 6800
518 1587
1511 7946
5661 7838
3305 4343
5717 7720
93 4468
2664 6277
430 1489
565 6511
2161 3704
1156 5413
2712 4371
255 6253
5946 7857
479 2883
1596 6892
4360 4831
1493 3055
5242 6211
165 1122
1583 4064
2093 5378
3383 4771
3599 7388
1533 3939
1576 4388
6567 6829
1381 3253
3473 5196
469 1222
2983 4613
5256 6208
2025 4494
562 781
339 2102
5661 5793
3783 6651
315 3249
195 5286
542 2298
7553 7985
3912 5539
3223 5597
4786 6389
3959 6199
3979 5946
815 4249
1161 5913
1453 3709
1465 7425
113 4492
1303 5115
2444 7693
2256 3188
4183 4770
2000 5154
1648 1937
1010 7888
765 8046
1888 2578
6676 7058
5099 5751
893 1576
248 7745
3782 6180
1442 2163
4262 6574
3334 6535
190 6447
2219 5135
4872 7154
1058 5879
4075 5996
1345 4999
5245 5609
68 1800
1477 2844
2779 3412
348 3318
3422 6394
2587 5598
2668 3253
1076 2934
3687 6348
3357 3620
1350 3758
5808 7544
4103 7138
3361 3544
2792 7570
5536 6351
973 7509
2481 3739
1139 5077
2897 3586
4202 6234
2552 4116
6692 6973
3695 4065
4030 8006
7218 7242
2290 3228
1781 7702
1682 8013
148 6855
2288 4425
5081 5226
3847 3868
1663 5825
947 6901
540 3554
3585 4364
39 6277
4180 5318
2110 5244
4776 6855
5720 7406
703 6313
765 5640
803 1776
6820 7210
88 2677
7489 7802
4133 5647
176 3357
3755 4999
31 1834
1052 6410
6282 7866
1531 6169
641 5270
3294 5260
5483 7396
5485 6727
39 6515
6633 7045
5456 7974
1486 6523
1929 4919
1443 3658
5831 5894
417 1970
2163 5798
4569 5691
2427 2471
5328 7821
4328 6068
6467 7677
5182 5379
661 7998
4769 7192
213 2453
692 6246
670 4164
1859 4655
2029 6082
1356 1968
2315 7507
6745 7622
1513 3570
1164 4613
7127 7317
2660 7695
2117 3405
731 4450
6316 6689
5709 7208
765 1894
3452 7950
1822 6157
1353 2607
982 4230
973 5084
816 7655
2592 3181
3989 4987
1207 4235
5192 7081
532 3713
3813 5026
2160 2640
4302 7352
3943 6757
3485 6459
2198 7736
1110 6876
699 4762
2148 5689
6331 6630
6208 7623
7012 7771
3373 5180
4608 7258
1653 6559
2757 6852
5201 7751
157 3301
3282 4716
1234 6121
2138 4547
3851 7631
1619 5963
1430 3918
3149 6510
2764 6347
1659 7481
1981 7365
5356 8032
3148 4355
1437 7007
1220 2943
37 595
3272 5164
2834 2836
249 4583
2518 3102
7367 8031
5094 6138
3228 7492
717 2684
1325 5894
2308 7032
4112 6314
6282 6662
4147 7658
4649 5364
620 3531
125 6953
563 1550
3676 6010
3403 6343
3155 4379
6600 6748
1507 5173
2473 6751
2890 7621
682 5293
714 5665
4743 7052
4306 6089
1248 7464
2088 7674
1009 3109
3836 4795
855 1506
2061 7742
663 4385
1935 2242
296 3220
1311 3849
3570 6359
3135 4139
2089 7918
686 1552
1961 5442
2939 5018
6339 6353
1106 2748
4834 8027
4887 6019
3337 7751
410 7660
141 4786
396 1827
3790 7557
3087 3520
1843 2549
2488 5574
2595 4827
18 500
1392 7611
7245 8040
1078 6875
4589 7920
2861 5246
4102 5047
6144 6275
1012 5773
3582 3750
3003 3838
1716 2291
4646 6105
2052 2825
6196 7676
2477 7060
3011 4627
206 6273
3247 5414
881 3910
5442 6835
1333 1943
2736 6843
3819 4634
912 6425
1293 7263
1685 2332
1999 2316
2638 5848
2735 4139
2814 3722
347 5555
3788 7457
4335 4825
3151 6222
472 4781
2411 7919
2806 5446
1366 4398
5280 5406
1686 4800
2198 5800
717 2166
1249 2227
447 6407
969 3429
2432 5283
88 1881
4635 5086
1228 4083
905 4444
4871 7943
4082 7402
2960 3803
2884 6168
552 1112
207 7070
430 1563
1175 2091
2982 5870
2077 2863
3290 6409
992 4106
5571 7839
7305 7975
806 2311
2108 3382
371 2611
1264 3485
94 217
99 5837
1817 2678
2592 7278
1704 2761
457 970
4829 6453
3255 4386
3217 5231
4110 5499
3830 6674
1439 1694
4241 5230
2420 6126
1109 1556
2308 5357
979 1478
743 5712
5238 5762
4618 6127
3175 6959
1598 5730
1882 2742
1214 2090
754 6279
173 3895
1270 6277
1021 5556
3915 6338
247 835
407 2587
1882 5629
4247 5574
6787 7811
2542 3572
3193 5031
1861 6263
4066 4332
1773 1800
6192 7305
1855 3662
396 5222
1532 7553
3923 5384
476 6184
1056 3673
4694 5330
6221 6939
2357 7584
2045 6557
2499 3987
2552 8058
2920 5144
1505 5391
1052 7793
1871 5520
409 6660
992 4635
6905 7120
6409 6458
59 5193
2011 4677
2780 7416
1202 7606
5274 7580
2910 5887
1641 3617
3143 4925
3588 5611
3720 4641
4115 4768
2077 7547
2539 6810
1458 2824
5612 7077
1130 7214
810 2654
2263 3509
5562 6479
2298 5253
3453 5708
3868 5145
6519 7721
478 4069
1915 3970
1200 5379
1791 3047
2331 5473
3375 5036
3376 5407
1160 5131
3764 6087
1287 1532
5724 7683
2810 7217
2744 4767
3902 5465
4657 5650
1058 6255
455 6157
1453 5035
5635 7536
3584 5984
6773 8004
3748 7051
6533 6557
1056 6186
2449 2672
4570 7524
837 2194
4973 7102
3894 7303
5564 7385
3929 5349
2199 5992
1219 4853
4148 7946
3448 3889
46 2269
2790 2918
4586 5325
4570 4977
7226 7310
3462 4682
6792 6916
3390 4150
3505 6286
1272 4525
1033 3234
1772 5640
2740 5242
2681 4286
880 2900
6371 8028
1276 4784
7782 7846
1323 7011
5415 7120
4707 5272
2646 6813
1781 6179
3009 3780
1565 5355
642 6067
4477 5754
2210 5797
6726 7138
5294 7177
4075 6608
717 6192
1902 6779
3681 5201
3704 7971
6065 7871
5983 7209
802 4908
191 5886
479 4931
3760 6687
4375 6720
516 5110
2475 3958
4823 7915
3540 7260
6 7250
2381 6635
6528 7520
118 3563
1502 4615
3744 7715
4197 4975
2082 4839
5459 7598
1835 1929
5357 5973
1704 3699
641 4598
990 5597
6247 7801
2492 8032
145 5813
2623 6429
349 2067
1294 2904
5036 5594
5909 7214
3367 6910
3427 8039
1484 5561
4130 7122
6235 7816
2058 3786
1886 6583
365 1007
6507 6765
2168 2360
2164 6268
2644 5376
6392 6882
2639 4310
7299 7640
1080 1434
1240 1820
15 5556
6202 7595
861 6859
2670 4130
5401 5831
1636 1992
3233 4800
4577 5146
3099 7737
2215 2557
3951 6213
210 4630
4169 6047
920 4419
3276 5142
4693 4760
5236 5806
5100 7997
5626 7180
633 4753
4502 6962
1499 7507
810 7751
5709 6167
2184 3501
3894 4023
1359 4322
243 607
5527 8007
167 6882
3522 6318
199 7224
2011 4616
7589 7636
134 7598
2860 3437
223 3219
2576 3158
4439 5631
2893 6436
32 4496
1876 7767
939 1166
1171 3968
1785 5860
4652 4669
2583 3012
2977 4122
1573 7511
2106 7296
2137 3452
2462 7525
5071 5486
1939 7938
2305 7895
2032 3140
5393 5732
2207 4109
2181 4479
6222 6394
343 7301
61 7787
2270 6384
70 898
5642 7586
6351 8017
62 6461
1497 2349
1469 6252
3304 7197
436 3929
3169 5483
2442 6766
1436 3740
635 7944
7285 7574
2174 6092
4501 5673
2014 5871
2970 5730
4369 6338
2880 4305
5596 7778
1212 4566
5865 7431
3807 5028
3783 4529
822 6625
6109 6636
2831 7497
2238 4472
958 2873
6227 6618
5867 6594
2502 7288
3654 7755
5615 6832
401 4367
3647 6505
4094 4603
1324 7504
1183 4109
678 3848
3053 6049
3430 5749
517 2899
3214 6184
2268 5938
879 6145
1326 1361
1856 2688
1775 5021
2355 6637
6200 7654
1112 6583
4703 7407
5918 7044
1279 5841
5387 6644
3400 6137
572 7188
6216 6365
2386 5073
2385 3284
3604 8060
7030 7618
4502 5123
2923 7077
1808 2961
174 2076
320 3584
923 4530
4593 7430
3615 3861
4489 4656
2070 2744
336 6607
3483 4446
766 3395
4147 4480
3575 5995
4500 7233
4460 6923
5433 7336
4842 7814
5097 5910
2261 4590
6394 6609
866 3665
7398 7852
306 4461
4683 5131
5512 7209
3598 6984
2942 5006
637 2990
4168 5920
3389 4021
2252 4355
7014 7359
6511 7749
3366 4303
6428 7809
3125 7500
3748 5289
195 7397
2720 7708
1873 4628
2767 2930
5580 7512
1259 4946
2318 6017
1405 4720
2112 2983
3312 7900
3877 6982
2950 5904
369 1887
1518 6615
182 767
1747 7279
2260 2788
693 3741
459 3911
687 6838
2605 4209
2307 5036
995 1087
810 3175
970 2139
3621 5723
697 2588
2999 6055
4590 5938
3531 7814
3664 6314
2190 6098
5407 6555
2038 7469
7168 7431
5949 7409
3886 5840
1849 6368
2015 3685
1426 7328
1026 6773
2417 7898
6953 7557
3029 6399
1159 2677
395 2488
4897 6620
1217 2256
3031 5835
3080 6917
4148 5335
5412 6685
1078 2384
5328 7368
3938 4847
1702 5623
1500 3454
410 884
802 7232
2831 3831
4392 5607
3914 4312
456 5522
6550 7250
430 3918
2753 7735
3740 6806
750 1425
3854 6303
3350 7214
337 1452
1942 6747
3287 3750
3084 7899
1028 2850
3860 6104
6308 6698
1905 4666
5536 8033
2265 6567
2603 4982
5769 6122
2813 6191
1106 5732
4036 7525
5094 6360
1899 6299
591 2345
2302 5020
86 7010
1508 4820
4266 5789
109 6971
3659 5883
5248 5380
4343 5760
921 7964
3981 6052
179 2410
1969 2927
2801 7484
2260 5830
5560 6712
4114 5579
140 5743
6851 7874
189 2166
1845 2396
330 7125
5821 7214
1706 5585
3934 4373
1284 4178
800 4672
445 1107
6675 7179
2792 3211
3439 4047
5709 7299
3840 4655
2447 5826
2085 5361
6506 7000
319 2521
2438 2911
984 1103
5557 7005
3874 5369
439 756
5255 7066
4152 4926
414 7478
5845 7046
1864 7361
2485 3881
3486 5573
5357 6802
5350 7000
4426 4490
3908 4482
88 2253
2317 4296
1531 3397
1873 5299
1726 5949
221 6530
507 7736
3855 6688
6839 7833
4793 5832
3364 4519
2148 5924
2987 3937
1138 4503
4433 4713
2320 3251
2973 5702
4647 6111
275 5523
1282 4734
174 373
196 3096
3556 3792
3232 4698
2462 6200
1761 2275
1596 5069
3315 4601
4438 7335
2776 5894
1566 7631
4575 4936
2645 3777
3855 4786
1827 3873
1096 6789
2499 7292
1452 6315
95 2853
1379 6453
2722 6488
4712 5946
245 716
1666 6896
2284 2821
4333 7843
7476 8041
4117 4855
3794 7669
4802 7243
2553 6841
5132 5977
1509 6238
2809 5635
2505 5808
1291 7930
5245 7918
1828 7099
6797 7975
1438 2677
75 1638
1633 4033
1365 1524
3049 3483
5088 7823
2426 4983
6413 6923
2919 5990
3080 7048
2056 6062
2828 6230
721 6279
4001 5987
4185 7665
5220 7785
762 7974
3606 5452
28 152
3595 6234
4840 6458
1786 2042
3518 7838
2337 6043
2013 4077
1105 1285
1507 2311
3423 7537
1150 1189
210 7528
5429 7838
443 2115
3328 5475
3361 6628
2259 2852
4121 4175
3892 4043
640 5944
4473 6215
2491 6386
5164 7767
1946 3099
1452 4958
1773 7426
3911 4752
2964 4354
349 4415
3373 7163
3459 4360
1690 1878
4207 5738
2999 7439
4601 6904
4366 6437
304 3566
780 6402
3303 5759
820 2056
5259 6691
7292 8023
5922 7718
4425 7592
1044 3584
1912 2501
2873 6618
4688 5003
3855 5550
7150 7882
4248 4689
1164 4715
1196 4601
3065 6597
1722 1781
192 6629
5167 6438
4410 7200
803 6228
34 5502
6557 7388
648 1772
825 5522
2011 4422
2912 6180
993 2629
1706 5040
2016 3960
6364 7998
903 4477
1183 2988
1578 6224
3544 6793
302 7911
312 5378
4304 6522
6243 7493
338 7205
1171 1849
313 6676
731 7750
759 2099
5566 7754
1920 6789
4686 6628
4882 5812
3123 4256
2890 5081
3238 6243
1719 7800
2382 7120
3994 4073
3375 5640
6224 6539
968 4362
4448 5372
2166 4162
6159 7620
5601 7483
4910 5120
7299 7451
372 6362
2773 5163
3960 4599
2073 2697
3612 4075
1218 1524
4226 6375
7466 7824
3629 5901
347 6233
640 2170
2108 6468
3549 5012
4772 6229
836 1032
6453 7183
3663 5878
677 708
3109 4772
5320 6320
1056 3940
5379 5840
5711 7287
367 3068
2434 5536
2009 4254
3764 5388
1479 7094
6355 6547
333 1412
972 5064
2812 6490
6946 7741
3547 7229
4531 5608
3677 3966
1473 3316
878 6152
6191 6918
2006 3787
282 4385
687 2496
2682 6153
424 5946
2691 4506
3794 6480
902 6007
231 4020
559 5019
2524 2705
2271 3233
2608 7801
19 5534
1410 2370
1969 3748
5210 5256
3894 7356
239 6205
789 6983
2879 4478
3896 4602
2028 6655
1731 3566
4794 5001
392 7225
594 767
5030 7552
1475 4781
875 3156
2538 6288
447 1099
366 6991
2848 7085
2084 2873
1276 5092
515 6598
2933 5168
5135 6518
6169 6727
266 5410
2619 5493
2462 6727
7550 7571
3019 4626
4756 7173
5004 7997
335 1791
3003 5203
275 3774
7702 7769
5655 7001
4397 6856
2347 5226
43 1397
4949 5302
3421 7913
3532 4028
1072 7749
3561 6981
2975 4340
1552 3640
2576 3216
2661 5946
644 6886
1800 4924
2000 6063
328 4779
1296 6996
4038 7992
4478 6080
1391 6620
1635 5304
2299 6325
4709 6578
4085 4096
432 3357
1108 1362
2237 7840
4340 5648
2309 7741
465 2295
179 6681
5283 5983
587 4192
6034 6832
2226 3023
3538 5432
1984 2369
411 7436
82 6151
3064 6926
104 7037
487 2103
5676 6656
2162 7449
4224 6384
1938 4193
1504 4498
1027 5901
4521 6166
3879 5028
4121 5072
3144 7006
2179 5570
544 3979
5814 6643
1579 1796
2523 4572
1687 5890
5519 6746
5539 6395
478 839
2325 3811
4321 5527
675 7788
747 5602
1215 4900
2584 5790
2789 3715
355 4336
427 6731
1953 2075
3380 7747
4484 8040
1303 3317
2582 2665
1309 5075
7045 7988
3035 6536
1082 1312
470 7784
1260 2301
889 3522
3786 6302
1212 2277
1430 2773
2048 7672
1089 4228
1198 5133
1864 4888
122 339
1172 1184
3683 7953
3767 6224
3348 5684
6486 7133
7047 7626
2558 4145
5258 7660
3750 6303
4761 7882
1523 7916
3338 5227
5251 7323
5842 7408
1814 3726
1068 3198
1816 7066
816 1841
519 666
3219 7914
2474 7226
210 1685
3808 5752
4011 6168
1082 3405
1015 4260
1157 5788
77 374
2856 6526
4139 4674
3439 5049
2539 5045
3454 4852
4286 4595
3053 5910
1781 2980
270 2954
2203 7600
1453 7222
641 681
269 2758
1364 3234
99 4453
2487 5576
4946 7942
261 1216
1377 5494
5388 7827
4074 7781
1713 2929
4757 6162
3240 4929
3148 3873
195 5178
4473 6631
479 6009
287 1597
642 1262
4717 8038
854 4217
5794 6305
5814 7084
439 1740
694 1723
7142 7261
1396 6066
33 788
471 1218
863 8029
4460 6745
3706 7248
5469 7025
130 2091
1798 2429
3406 3505
330 3138
1010 3545
995 5085
1851 3431
2700 3256
4033 6653
2486 6521
2449 4459
1802 2873
7115 7259
3236 6125
2772 4581
306 7613
464 6656
3611 5311
4871 5276
1477 7461
2718 4129
4221 6422
324 3899
405 766
3516 5961
104 179
2172 7263
5983 6996
1839 4471
5540 6039
1420 7850
19 7170
53 2616
781 6043
2872 6382
5412 6437
3506 5506
4735 4849
4061 7654
3072 5194
4957 7360
1429 2704
3723 5727
3108 3973
761 5716
1046 6705
2001 2345
1607 3404
587 675
7132 7564
3548 6068
5020 6779
374 2597
1044 6253
2118 5701
7022 7761
2824 7438
394 4297
605 4415
1117 4766
5456 6359
2191 4626
1005 7467
1156 5357
6162 7695
423 5445
1756 3757
1141 4983
1250 1896
4916 5586
1829 5109
2481 6968
2943 7017
952 6552
133 4325
5085 6305
1047 2271
4397 7057
1844 5882
3797 4386
651 2236
1488 2320
4903 6153
1611 7256
470 6809
604 2438
1322 6087
1001 4044
2730 7285
7300 7531
512 811
2703 6294
2852 7997
3141 4002
2661 3802
519 1737
164 642
1306 7920
3183 6490
1161 7163
110 2206
2971 7366
2762 5334
4820 5057
4246 5860
3261 5719
447 5540
892 2731
53 3878
3337 4570
1144 6525
935 4403
1803 4836
2641 6781
4703 7782
4422 7415
57 3178
2615 4026
2525 2718
2974 6971
2489 4151
2205 7109
457 4317
1437 5185
4394 7088
3874 7337
1945 4321
646 3305
358 1517
536 1960
1337 4568
1200 1304
2111 3239
3857 7767
924 7501
437 4962
2598 5327
5470 6078
4007 5184
3212 5232
6030 7278
2432 3884
1744 2079
3947 7534
1930 5869
4510 6438
4753 7371
2376 5506
395 2115
6618 7513
3855 6359
345 4210
2114 5415
6028 6862
2475 7998
5658 7488
6299 6673
7026 7617
117 6262
6305 6979
5822 5831
2649 6269
1146 6061
6481 6735
367 6997
2679 4969
2218 7514
2683 6039
2979 5511
2344 6899
3531 5823
810 4607
3361 3734
5646 7910
1417 2013
816 6055
3697 5021
3920 6340
1170 2884
2075 4864
6252 6820
3762 5145
2909 5254
2584 3267
3582 5449
529 3450
5508 6128
2329 2517
2367 3456
1172 4678
768 5412
2243 3626
1195 3803
5027 5212
381 3156
2537 6246
1077 3337
3247 3675
4977 5553
2062 3252
4476 7149
427 7677
3342 5985
2116 4102
4488 7029
3043 7102
2765 7952
2373 4358
4761 7480
2559 7160
1699 4407
259 5554
4269 4470
287 1279
314 5527
626 4007
3502 4185
3054 5123
1958 7239
2541 5056
431 3164
685 4349
4638 5714
1949 5049
307 1576
4427 7214
391 1674
5038 7759
464 5626
2810 6690
1872 4631
488 2357
3433 4098
2494 2749
5726 5764
2414 5921
6228 6663
1214 2057
1287 4072
4445 5224
7291 7989
6018 6393
4885 5313
1901 5913
2349 2425
1065 1616
2996 3347
2048 7153
516 1967
1048 6140
1768 6516
1522 5656
4892 5679
2644 3234
402 486
2250 7087
3802 4974
2567 7683
1658 3498
2414 3564
422 6012
5232 5826
2833 4416
1554 7400
755 2109
1590 5594
2220 4477
501 6584
476 3393
5574 7083
492 3984
2621 6780
777 4514
1712 6106
3464 7057
6 1909
1149 6697
4774 6341
633 5472
1443 2364
949 4741
897 5682
3329 5510
2260 2719
2050 7671
1101 2065
965 4668
5247 6703
821 1212
378 1780
1685 6376
634 3797
5471 5970
5214 6992
954 5060
6702 7078
418 5549
1155 4109
3595 7321
3920 7250
505 7145
3492 5760
6701 7564
4011 8041
2566 7264
5213 6891
3949 6603
2597 4423
1035 2481
1114 5357
139 2406
1938 5699
3059 7054
457 3195
3724 4647
2253 6594
4344 6671
1 7299
2846 7652
6084 7152
3810 5279
7313 7997
1078 4195
2143 7232
2938 7840
446 5254
482 1364
3672 4007
5083 7129
1816 6516
6893 7017
4285 4409
770 5706
2791 3766
3356 7818
2928 5892
187 675
83 6639
3192 5370
614 1670
3672 7066
3432 7391
45 3668
2580 2882
1059 4920
1034 3695
3230 7627
902 2355
3928 8009
2623 6541
4913 6741
2072 5680
324 2737
1416 4568
2247 6914
871 6824
7473 7930
5096 6775
687 2698
2148 3413
2594 6245
1352 7311
946 4535
7386 7719
1120 4429
234 4747
4378 4486
5193 5991
822 7405
2437 2765
4400 7287
3597 4154
4412 6921
2207 3730
728 2451
3830 6178
691 7047
2577 3197
1375 1497
222 7254
1831 7408
3191 5636
4906 7046
2837 7821
4817 4978
84 6864
3444 7355
6151 6430
1028 2693
6632 6848
1215 1856
508 4930
619 7616
2650 6320
177 1506
3469 5978
857 6914
6869 7561
4380 7403
3733 4825
4065 4835
1912 2232
301 1327
4194 7408
1443 2644
1636 2179
2241 6056
6385 7360
368 6730
369 4773
1647 5817
2988 7036
4689 6667
5759 7196
2522 5582
5351 7599
4141 4671
5009 6310
4183 7986
1422 2750
2971 7048
1525 7033
1410 1848
2109 7826
593 1261
1100 3950
179 3754
4695 5329
5662 7356
2692 7124
1040 4072
1068 4524
2074 5327
1767 7700
1172 7139
216 1183
2358 7186
2280 5941
2107 4752
485 5218
5431 6566
262 4357
2811 6242
3758 5964
3207 7645
1212 2806
3728 7597
2626 2994
6496 6580
7392 7886
83 1005
1220 7951
854 5862
6711 7263
1610 6322
4388 5722
1079 2960
1566 3291
1268 4330
3877 5198
3305 3810
2042 3881
5489 8045
3932 4620
2223 5101
553 7765
640 6181
522 3426
6191 6210
2071 7907
2077 5540
441 6271
3804 6933
1709 6451
612 1907
3262 8036
1074 1866
318 6886
242 5139
4167 4572
2711 6291
45 7431
4951 7538
1493 2182
2777 4373
1257 7853
1869 4800
3990 4430
2237 6267
2542 5744
7040 7779
6754 7003
1634 3335
3347 6458
3507 4238
3048 4373
896 3309
284 741
241 7884
1644 3565
2725 5321
6558 7969
861 8007
7224 7370
942 1524
1402 6070
3802 5864
1837 2390
2195 3191
1535 1876
5827 6843
4253 5556
6990 7534
927 3953
5685 7562
4028 4528
4713 7299
3962 5599
1918 6962
6379 7419
646 7580
3361 5853
1575 4112
1106 5182
1051 6746
2747 7167
4424 5785
5643 7665
247 335
6554 7976
1910 2585
3110 7330
2321 3522
5814 7378
4091 5560
6746 7533
5402 6778
1240 7026
2529 4082
2638 5717
294 5926
1359 7724
3701 5113
2913 7583
680 6837
4396 4927
4975 7256
3135 4984
4713 8026
3175 7548
1871 4257
4567 6336
432 4917
5857 7185
4363 6855
4951 5653
1513 4750
114 5899
1201 6269
4019 6746
2516 5467
150 4719
347 8059
489 3344
2885 6972
7291 7364
1836 2772
2326 4236
1558 1993
4123 4613
6367 7338
1434 4851
3066 3850
335 5467
3583 5452
4135 4397
4880 5939
5529 7886
2941 5179
795 5139
3605 3980
2424 3364
4975 7820
1299 3002
6000 7975
1017 6606
6524 7010
2983 5637
1135 7066
4448 5051
1645 4361
2909 5059
1844 7034
1922 7457
1919 3965
31 4702
4687 6190
6372 7294
1208 5687
3896 7355
70 1522
2118 7491
866 6464
5610 6957
5175 6131
2728 4955
632 6011
4594 6093
1103 1661
2481 6253
6592 7355
1315 1747
5041 6206
7796 8012
4003 5678
510 4812
629 5655
557 3254
6141 6210
264 8062
1859 3829
4265 5174
6088 6929
78 3565
4163 5374
4481 7199
3347 6992
3217 7799
1957 2236
1685 7172
1531 7337
931 3510
1688 5603
1264 6297
3291 4727
2587 4405
2577 7067
3569 5318
1965 4170
205 1133
4600 4996
6216 7682
2807 4924
2636 8012
923 7181
95 6240
6018 7119
7013 7368
1557 5392
1131 6171
42 2468
1988 2008
2745 3991
3694 7408
4289 7033
2168 2945
5340 7352
1098 3581
860 1676
3647 3875
5296 5818
1426 4515
934 6335
924 7193
4164 6056
251 6775
3207 5060
4505 7654
5131 6184
1908 7611
3821 6273
5113 7320
2203 3551
5676 6229
1532 4202
3503 7979
3713 4796
3197 6766
178 6270
1213 2947
6930 7881
4074 4339
356 4208
2524 3421
5058 7273
6489 8016
5628 5924
7881 7907
10 3452
6416 6821
2322 7710
3221 3613
2770 2839
4942 5170
439 4179
1694 5017
5632 7178
3584 4311
1592 7965
438 2029
2448 4661
549 2005
3605 4573
774 2115
4017 6477
2109 7197
1542 7882
572 5206
716 2788
6509 7776
2624 5373
1524 7401
3582 4017
5276 7665
2336 4606
71 1495
7136 7815
2513 4935
5585 6691
2221 5187
1722 4699
840 7521
2453 2459
3365 5679
1408 5385
668 5910
6788 7904
1795 7993
1757 7329
5951 6393
7457 7691
2031 4322
1186 1467
2810 5089
3531 3965
6959 7772
46 7766
1113 1328
4797 7188
3082 4358
4217 7343
1006 1457
4523 5115
1490 4573
2320 7140
5502 5694
5326 6999
771 3728
1399 7894
69 5007
1281 6504
914 4921
3183 4771
5440 6199
417 1387
2326 6790
90 7401
428 1172
2505 6341
2818 3109
7014 7435
561 7970
249 7604
5046 6701
4740 6909
67 5243
628 3868
3381 6078
3250 4303
1123 7896
1842 3824
237 1299
2909 3451
6563 7427
4420 5204
1772 3637
5057 5186
368 4548
1096 3255
5293 7798
1255 2953
232 6840
5448 7031
80 4167
106 1685
1961 2057
2063 5755
2170 6536
535 4601
4801 5680
1575 5354
5283 7771
609 3816
1643 4051
2409 3242
3097 4644
5792 7094
1205 3605
5464 8034
3496 7550
496 3729
360 6583
1585 7379
2460 4151
468 6545
715 6196
3463 6353
2732 6484
2221 5294
647 5249
852 4237
295 831
3341 4801
2113 6512
3632 7803
1698 2156
576 6969
380 5899
757 2453
1547 4139
4263 7505
3059 7880
2350 5527
3965 7094
1313 6729
427 6862
3235 7199
4082 4793
2164 5718
3440 7310
372 3302
717 4001
1881 7204
2086 3733
4755 7706
3076 7111
641 3956
494 1679
2650 7464
3573 4781
4071 6200
874 2543
4741 6076
1815 6016
53 2564
5144 6145
4145 6595
2613 2689
4117 7765
572 8024
1730 2126
383 3822
5238 5626
1101 5368
766 6965
3551 7870
1219 6601
6632 7373
1440 6675
5875 6945
3337 3580
1536 7702
1032 5725
5436 7043
2714 5564
3112 5294
5188 6910
607 6554
5152 6607
4723 6053
1554 6127
1900 6449
6231 7377
5714 5873
3533 6174
1492 1632
1631 6851
3643 6488
4837 7759
1292 2650
376 1833
2662 4280
6559 7035
672 2897
923 1414
1165 7315
3674 4413
408 6255
1457 7947
789 5372
1551 1920
1186 5241
297 1032
2957 4672
5899 8058
2 5606
3421 3495
889 1829
1546 5432
1014 3923
5221 6925
3058 8068
1666 3705
225 3113
551 1263
3468 6628
266 7968
4859 6523
3963 5293
4510 5252
3546 6345
1436 1915
1003 3191
3507 5955
3062 3430
2742 3393
601 2497
1183 4613
1868 3084
305 2335
87 5377
5204 7459
4276 4393
1115 1235
4746 6848
3021 4616
290 5699
6345 6640
3333 5061
3278 3639
4834 6592
404 4301
475 7241
1066 8064
6049 6214
5692 7408
2527 6580
604 2028
902 5713
5427 6430
1431 3144
3699 5179
218 2420
3461 4984
1772 5702
3651 5852
3907 4540
1172 3270
4073 4763
1106 5976
4713 5693
2556 7673
6512 7657
1365 2232
1810 6932
1013 7246
1427 7595
321 709
5227 5702
61 392
4521 4665
3265 4171
4177 7466
561 2799
1101 3564
4924 6220
5131 5566
810 4952
440 6634
5848 7805
1964 7322
6737 6830
3064 3355
2905 3759
3087 4231
1132 7877
5 1712
4139 6428
2713 7903
2157 5747
640 4227
777 2104
501 6132
6473 6631
7271 8063
1337 4545
754 3505
3348 5301
2353 2617
3517 4251
5817 5884
819 4161
3213 6250
1803 7916
6760 7777
128 2652
2253 4062
7384 8029
4655 6559
4288 6598
3822 7137
1413 6162
5408 7851
2387 4983
3307 5559
2724 3978
4461 7099
5181 6513
1587 3310
1966 8066
1233 1387
5723 5783
1934 3577
3354 6643
4672 5781
335 370
2193 4365
3628 4467
1959 7698
1520 7955
1457 3169
1263 4839
4823 6532
446 2430
1929 5206
375 2076
7655 7812
481 7097
2064 2296
1591 6574
2349 3582
943 7679
2936 3112
483 3655
734 1345
3089 7510
5358 6656
3609 7921
1779 6471
5080 7069
4561 6559
5205 6980
3201 3294
1330 7732
1354 7344
888 1608
1056 3428
3438 7533
1134 7683
5303 5790
1149 2677
3827 4364
4412 6808
6641 7763
5304 8044
6388 7544
1002 7230
3776 3944
788 6974
5191 5737
2627 3609
4704 5627
4993 5665
3324 3806
941 7182
2454 6454
1146 7551
2266 6597
322 5473
3985 5613
4509 6900
5301 5424
1830 3082
5593 6483
215 5522
2823 7331
2102 5707
7502 7900
2827 7094
3028 3517
1523 2345
4160 4355
212 5615
1324 5018
3826 6549
1095 3157
5165 6504
1271 5543
5257 6484
5946 7026
1933 3740
3579 3611
166 3032
1820 4409
4182 5374
757 4915
3457 5379
6017 7089
424 6096
352 1351
3896 6116
1826 4086
1402 7330
4990 6487
162 7596
3593 4127
2157 6821
962 4872
5551 7566
1212 6251
3303 7433
382 660
257 540
1664 6739
2061 4166
1738 7094
4631 7019
507 6103
1461 3549
2088 4512
2926 3119
377 2690
641 992
27 754
6706 6747
7166 7633
7353 7621
3677 5646
1219 5794
3996 5102
1456 7074
733 5285
1624 7958
2907 5966
2239 5321
2524 4864
4802 7277
610 2207
4818 5708
2768 3509
2174 7940
3468 4366
2226 6532
3289 5299
4913 5876
1535 1697
1495 2412
976 4734
10 727
2517 3947
5524 6257
776 4030
5556 7010
65 2256
4862 5284
2111 4708
2829 3608
4351 7429
2734 5454
2494 6318
3512 5794
4571 6409
90 6414
4864 7151
1995 4697
6270 7658
4120 4610
4955 5317
1724 6086
2278 6032
1376 5020
285 5786
3713 6808
6462 7120
4686 7823
512 3195
153 5217
2194 5013
1198 3176
5542 7232
4830 7596
1693 3463
5668 6748
423 2297
3303 3991
636 6474
2214 7670
3712 5828
1892 6132
1345 2128
1586 4588
1567 2661
1476 4572
500 3144
2490 7355
908 1599
1541 1760
2809 3103
5591 7886
1606 3370
2190 2658
1875 1998
1276 3844
1328 5320
1177 1557
2613 4033
2718 7047
7392 7961
2517 5395
2465 2606
2911 4215
2317 5761
885 1945
324 1183
3196 4539
4991 5422
1084 4641
4461 4723
1024 7693
2922 7678
1861 4438
2253 5196
926 3496
1161 5581
3588 4802
1796 2472
4241 7094
953 6110
2642 6662
1523 2513
1153 3198
3035 3703
7161 7634
3051 3523
2171 7324
3174 7512
7677 7752
1060 4686
401 413
878 1720
945 1341
2352 4725
1743 7041
424 4825
7116 7948
5844 6450
2611 3500
2818 6445
3380 5030
974 3750
850 5124
4962 7776
346 1017
1597 4813
7706 7902
3187 6247
819 5018
5478 5607
658 5408
1840 5734
6586 7578
4256 7298
5585 6753
1412 3814
4430 5816
4472 5852
6704 7956
6641 7756
4103 5120
4040 5276
294 7690
121 3956
958 3972
1670 3765
6659 7428
6582 6628
3985 7729
319 7572
5024 7505
1781 3717
3358 7353
2101 3813
599 3779
1816 3320
624 2877
3463 4893
2243 3198
3983 4623
3925 4127
3421 4109
4121 7966
3605 7541
2486 3922
975 6766
3991 6135
2490 6878
667 2143
4941 6668
4751 6623
100 3088
2150 2504
3117 7636
1552 5162
845 1736
1153 2701
2443 7184
114 2143
4557 6096
2465 7116
2741 6164
656 3476
1189 1804
1106 2998
4397 4791
698 1646
2293 3605
348 5295
1943 5060
1221 4755
1118 6463
4220 5226
778 7130
2093 7218
6054 7290
1730 2084
1906 4360
4544 6097
7061 7887
6194 7355
3164 6104
3480 6929
2212 7785
1662 6828
1887 2857
3254 5159
1781 4660
4447 5562
226 5686
1718 2425
731 7859
1925 4728
1199 7033
4656 6404
2427 4408
2611 4099
1219 5478
1984 5083
201 6094
3384 4358
7326 7764
1620 2872
821 6002
1218 3149
91 6447
3882 6557
3755 7324
2748 4183
4889 6646
3122 6491
4482 7075
4633 6244
3208 5195
1282 1389
5929 7295
1878 4639
1603 4338
833 3053
2141 5876
2491 4176
1590 7059
5319 8041
6648 7937
6684 7227
2409 4517
286 8019
4592 5670
1390 1992
6010 6792
1412 7945
5980 7236
3529 6988
4329 5173
1770 7272
1935 4050
1149 2301
2906 3161
2469 5902
5030 7568
1359 3457
2539 3270
2181 4221
2928 6372
2329 6453
1112 2240
4229 6722
2594 5332
2691 2960
3289 7847
2435 7124
3901 6951
3904 4212
187 3759
600 2207
466 1073
1574 2956
2153 2554
214 1422
3363 4025
4082 4188
1017 7952
986 3265
712 5255
1553 5613
1962 3612
3542 3821
956 5640
824 4717
3910 4893
6487 7267
4613 4894
891 5177
2503 4153
720 4650
1357 3337
531 7262
4839 4840
2148 6421
3286 3865
4564 5826
5890 6168
5814 7096
424 2292
2854 6281
1696 4622
3277 5856
2367 7653
2270 6110
3905 5036
3099 5798
479 485
7156 7307
1312 2553
4358 4640
2600 5842
221 5708
1029 6246
321 2299
2954 3068
86 3746
4216 7916
1238 5033
87 2490
7381 7707
5696 7362
2677 7801
973 7617
1712 3913
708 3701
3182 5815
2834 5320
775 3531
5541 7193
1439 6545
1840 2143
179 2710
1459 4536
1516 6443
4183 5078
2576 6852
5698 7405
1559 1878
4146 7278
3124 7127
4871 7213
2150 4772
4092 5061
2266 6062
1912 7638
4189 7535
731 2483
2290 7351
1870 4816
4722 7686
3945 7414
813 5081
4546 5784
1701 3160
4465 6922
352 3527
6998 7727
426 4273
573 1526
1638 2422
1812 4043
339 6975
16 6371
1369 5712
2685 4407
5555 5916
5764 7692
2948 5359
2349 3867
2632 5456
2987 3576
68 1458
707 5356
2623 5448
2136 6173
137 2140
1404 3660
1374 6959
1274 1592
3637 4300
4575 4736
1542 2577
3732 6245
696 5444
1563 3716
132 4438
5750 7269
2787 7084
994 3467
980 5714
1169 2842
384 8067
3012 7422
1998 3830
770 3965
2232 4604
6970 7409
89 5263
3959 5662
1740 6816
1597 7598
462 4945
1582 2725
2153 2737
1837 6252
1483 2299
521 5755
7168 7539
420 1947
4397 7121
3060 6705
7223 8001
1948 5455
133 2638
766 4228
3630 5406
6725 7117
2068 7479
4401 5082
1604 5056
2466 4715
1458 2682
2270 7486
2330 4479
1148 3783
3700 6710
3135 4748
1550 5460
6821 7912
254 347
5394 6247
53 5495
2383 4228
1850 5416
3517 4950
2109 3384
5803 6075
3453 3597
3897 6062
2128 7690
1267 5159
3250 4121
2098 5213
3587 5817
3399 7609
4275 7389
2788 5316
932 3140
3761 6180
3478 5502
5728 7801
3834 3863
776 8032
1447 1632
2320 7533
4624 5956
479 3025
3824 7668
1500 3156
303 853
5655 8055
2077 7758
4631 5244
228 2204
4741 5919
6551 7093
4593 4637
461 4066
6985 8059
2702 5049
2506 5171
1399 7458
451 3263
4840 7107
2426 7958
1139 5035
2345 6253
2007 2311
525 4825
2965 3486
102 5835
6196 7742
5632 6920
783 7603
4214 4218
3237 5686
763 5087
1106 5649
2862 3153
151 7452
930 3919
3244 7751
3350 6957
5239 6627
4331 5791
4701 6896
1666 4887
3392 5324
361 3615
3489 6068
1261 6742
5310 5314
771 1962
1063 2326
3670 3794
64 340
5345 6876
1696 3008
1343 3408
5467 5667
250 1998
2805 4895
3055 6647
3156 4360
3245 6593
897 4349
1038 5902
4540 7030
1413 6695
832 3233
140 5322
1397 6285
3421 4158
1103 1595
2450 6794
3411 5884
7662 7804
4806 5373
4913 7104
674 4248
3384 7683
838 996
1436 6470
6296 7892
1933 2706
3716 6906
3166 5802
862 3253
2972 4618
1446 4609
2055 5646
3432 3537
4971 5199
3509 6279
5772 5931
74 241
2686 6245
809 5765
1064 4982
4504 6793
1156 2933
6955 7232
2426 6571
4900 7730
2831 2935
1964 5809
4787 6478
7622 7760
5471 6823
319 6318
2560 4489
305 1695
6300 7069
1236 6514
32 5049
2862 4631
1842 2546
85 7212
673 1375
1781 1843
5541 6059
559 2410
655 2416
4118 4967
4663 5850
720 7065
4327 6051
4068 5742
5137 5717
1236 3165
1485 6688
2975 5635
1451 4475
477 1204
1457 4535
1326 1737
3122 3237
275 6792
2580 3220
1471 7985
2096 3403
1836 1899
6908 7923
1514 5843
3384 7485
1840 1951
300 4641
4951 7578
2983 7317
5256 5338
4630 5478
1410 1799
3541 7473
273 5223
749 1451
6145 6164
5825 6392
2254 4828
370 3737
854 6544
37 2971
5829 5860
3003 3770
22 1689
248 5115
6493 6675
1466 2963
3135 3638
6553 7725
2635 7936
664 737
453 4269
266 7508
64 6572
1426 6598
5955 6976
1367 6080
2105 4497
4641 5478
3224 6039
1896 5343
2495 4002
338 1838
1876 3602
6089 6316
1821 5242
287 6995
1634 4683
3654 3682
3058 4095
2214 5177
2333 3388
6865 7906
2865 5446
4654 7504
1339 4726
5201 7743
2336 3420
2310 7384
317 4458
1020 6995
1091 2618
2915 5565
2958 7833
812 4798
1169 4865
2179 4243
2489 3379
795 2565
1028 5952
841 6052
3433 5397
5182 5377
3058 7141
1910 4107
3221 6531
5802 5974
2431 6415
5094 7166
352 5657
3100 6659
6400 7086
13 5105
3779 4336
420 993
1975 2902
4613 6545
2187 4625
435 6943
4967 7751
4535 7348
7255 7813
1106 2008
1849 3749
3486 5598
4798 6032
501 3933
4422 6225
4951 7973
921 4798
389 1761
4213 4597
5791 6406
1824 3084
5477 5784
2070 3066
240 1331
901 1142
2264 7066
1498 2829
5315 7856
2247 7232
4383 5834
3321 7313
4867 5822
5913 6919
2086 4101
1048 1217
3338 6654
2386 5804
181 1203
3013 8035
2531 2943
1051 7723
3568 5527
4263 6668
1768 3530
1295 2770
3609 8043
4577 6012
5992 6188
3560 6621
2035 4530
1144 2948
2009 3175
2113 6377
253 325
1375 3823
4800 5795
125 2462
156 3397
1897 5608
5503 6881
410 6235
836 5253
5477 6189
1666 4170
1646 4850
957 7937
1512 1772
5664 7256
1336 6584
3181 8060
4509 6573
1814 5531
469 3762
4179 5508
540 2023
2450 3748
1282 4436
2582 7784
1394 5683
5990 7199
2988 3682
2554 5896
1204 5522
5207 5310
4373 4803
959 3571
457 2711
42 5199
905 5046
1172 4588
1243 3935
432 4570
482 1011
4688 6582
3617 4493
3228 3261
1493 6287
1219 6984
607 909
1452 7462
2005 4789
5050 5681
2479 7588
2700 2844
507 7617
1994 4368
3446 7741
2303 4269
428 538
6604 7395
4892 5107
3977 5747
2500 4980
97 3466
1502 3768
580 7044
548 3296
3810 7688
3812 7686
1224 3505
4842 5290
4586 7974
5537 5640
1969 5179
2372 6675
3531 7218
3402 7118
1386 5149
6171 6441
2238 3813
3020 6985
681 3507
2104 4878
210 2855
1478 2462
3194 5747
4006 4811
4800 6943
1037 3077
1780 2149
3484 4093
764 1156
607 5102
2172 5055
2569 5008
1608 4568
139 7934
1293 2145
4802 6769
894 5007
1036 5939
4938 7206
1629 2721
1615 3045
5938 7306
1253 1879
2869 3363
1231 3486
4282 6069
6533 7738
3172 7066
1531 4623
2604 4270
3086 5182
645 778
6233 7801
373 1642
5066 6069
7327 7478
2863 5797
1654 4931
4721 6658
3252 6361
4616 7065
4673 7111
1368 7702
230 4654
3872 6578
749 1601
3853 6618
1529 1820
5705 7801
3725 4080
4262 5501
5753 6062
3758 5288
2143 2976
3359 6217
805 5833
2057 2838
3030 4755
904 8066
1090 5092
2610 7179
782 7810
7422 7559
4037 6807
5963 7398
2924 5028
155 3730
6776 7460
3959 5735
1980 5238
1329 7421
4956 7443
1908 7198
2148 4307
7743 7995
2576 6400
260 3927
2292 7442
4490 4790
4114 4947
107 5503
3733 4764
1402 6642
354 5264
7314 7797
2779 8058
5283 5299
4108 5100
22 3770
1511 4271
4338 5489
3403 7913
946 7383
6198 7602
6208 7821
7555 7814
4718 5909
1724 7304
804 5720
3411 7508
354 1783
1657 6224
3565 5780
3086 7103
68 3895
314 5065
62 1813
2377 5749
4782 6858
3586 5676
91 132
4237 7835
5430 5681
719 3851
5606 7719
5095 6240
2759 2944
792 8040
3183 7712
3654 7226
5285 7875
767 5183
652 5350
5092 5221
1913 4880
5536 5914
361 6931
2320 3299
1956 6899
2732 6060
4032 4880
4326 7133
4194 6988
1288 6324
1196 1458
3372 5224
102 4309
811 7739
2155 6384
836 4956
1520 7298
3911 4931
2382 3227
6186 7056
7242 7825
3524 5541
1031 3115
4270 5250
568 1475
1002 4678
1732 3097
2144 7254
4358 6653
1350 6473
1870 2695
1715 7495
643 6791
4756 7997
820 7215
2619 4603
520 3517
6490 7746
2924 3241
669 7414
726 1567
7045 7055
4834 5029
3107 8021
2674 3107
3152 3170
5231 7036
3424 7365
1295 2560
1025 1968
3253 7590
3239 7284
3141 4204
3268 5702
4373 6950
6590 7823
6502 6726
7464 7734
4590 7079
407 5702
5779 7355
566 1515
1843 2039
5435 6762
4417 7952
2748 6580
3969 5298
102 7367
5053 6509
2302 7023
3707 7869
1424 7208
1659 3457
2839 5535
2964 4412
1038 5473
5769 6936
129 6707
457 1832
3233 4445
700 6563
121 2227
4679 6481
948 6681
4506 7819
6785 7245
3441 5117
3735 5392
641 1443
2733 7951
2729 7762
2909 5480
1381 6451
7098 7933
2721 5699
174 4647
185 7490
1010 3820
5815 7562
3652 5742
754 1524
5306 6715
3175 7899
1109 7787
907 6286
1083 2566
328 5484
1458 4113
3404 7349
3344 7171
3688 5463
76 5265
3374 4237
401 7891
6803 7546
3052 4868
3132 6986
1635 6520
4609 5289
537 6021
1680 3110
1348 5075
1377 7892
911 4946
2906 6430
3295 5450
2126 3279
1462 7272
1004 2601
655 5907
432 901
2300 5980
1397 5812
2113 6645
1340 3186
2336 2883
1533 7289
393 1969
4846 5017
2553 6259
1396 1938
6425 8020
1531 7614
1183 2659
4000 6111
2573 6384
4410 6243
4963 6078
1620 3250
30 3267
4115 4230
6511 7370
4373 5736
2020 3035
1270 6796
2570 6520
3044 7964
97 6610
7 183
1752 6466
114 2312
1722 5716
821 7144
2142 3523
4322 4418
329 3617
4224 5161
1744 5717
4334 4645
4007 4944
2981 4553
2808 6191
3070 3324
3561 7157
3384 5377
3984 5063
6643 6867
1783 3985
1724 3750
1681 7710
1067 6501
5344 6445
1199 1746
318 1288
723 4127
3083 3353
4020 8011
877 7235
752 4060
6761 6982
54 3666
638 4972
810 2326
4138 4285
2134 3363
803 5472
617 7245
211 2338
2279 6579
1806 2679
10 2003
2433 6618
3627 3802
5374 6218
4086 6458
2186 6887
2775 6091
689 3777
2545 4322
460 7128
3699 8056
4088 6153
646 3708
910 5309
6055 6118
3111 4559
2544 3435
249 2512
2841 7631
4359 5930
4669 7630
3936 6261
420 2389
3693 5959
2197 5758
540 3505
1230 6594
5168 5513
6114 6294
663 5236
2778 3686
2705 7544
918 7327
3411 5120
2444 2701
1947 2861
2892 7647
3783 4203
5012 7423
616 1229
4025 7865
4211 4844
1052 2970
1289 6476
978 7678
1635 2246
5342 5759
3564 4537
5135 7092
2849 3318
2537 5742
2850 7650
1431 6387
2174 2373
3133 3631
3091 3261
191 545
6947 7882
88 1071
2686 6901
6438 6615
450 7907
4441 4644
109 5460
3527 7872
4443 5572
2089 6436
1564 4975
374 6646
5491 7392
4417 7404
1725 1802
607 1570
2272 5343
3917 5969
4845 6499
1599 6727
511 1679
2825 5578
636 7074
1591 7254
1501 1985
3443 5800
2852 5034
1248 4929
5690 7808
717 4279
3589 7240
5209 6976
2255 8028
342 5229
4873 6902
6345 7814
4995 6651
6627 7808
2289 5306
4526 6434
3495 7952
675 4579
3667 6532
3210 5724
4377 5605
886 1949
1658 4973
4879 6578
524 711
622 2331
1154 5155
4242 6411
1481 7537
1961 5216
1078 4869
3563 4450
2640 6353
6121 6717
2349 6231
6344 6411
4573 5673
3181 7559
1042 7360
6418 7366
2626 2835
3460 6317
6355 6699
6600 6852
124 4049
3408 4079
4686 5382
419 2546
2168 5880
77 3264
6641 7936
1819 5526
3700 4153
1338 7918
6896 6945
3484 3832
1848 6482
4853 7637
1862 5903
6405 7598
5565 6518
3383 6013
927 8024
3966 4320
2526 4298
2655 4664
1811 7124
2666 7767
309 479
2581 3452
810 7214
2680 3333
2005 4361
2640 3482
4755 4903
139 2830
2808 3323
3093 7690
5093 7689
4223 7161
2558 7246
3319 3509
978 2253
6277 7316
1378 2932
6278 6399
17 1431
395 7635
1606 1931
2960 7256
2985 5010
2960 5634
1269 2225
3252 6836
1272 3662
4775 6443
889 7963
5167 8061
987 1449
754 7533
2022 3955
1183 1346
4740 5551
1592 6328
177 7533
2427 3314
6677 7852
1939 5403
1996 3713
5969 6453
6360 7197
596 6292
329 1062
351 4073
1853 8049
2273 6728
2643 4544
533 3685
1055 4219
2199 5027
2079 4078
2181 3539
3266 4670
2580 4083
322 6391
3248 3363
1911 6306
2780 3635
5392 6619
203 7729
5605 6869
1317 7380
5211 7766
4696 5659
8 3883
4636 6778
417 5630
259 5564
3206 4997
4482 6255
4934 6308
1167 5524
3457 5465
3101 5709
3193 7110
585 4985
5097 6927
1175 5053
1710 4866
3759 5287
3640 7290
625 7615
3897 3997
678 1451
3637 5608
1963 4042
150 5491
5122 5769
2311 6048
319 1578
5866 6466
2728 4532
6737 7695
1260 6346
6825 7436
1990 7645
5820 7525
735 1431
4278 5402
3573 8010
490 4412
5324 6782
4509 5176
1386 5869
543 1202
18 409
5000 5418
5105 7377
2571 7469
1225 5282
3379 3964
25 6243
108 2226
2149 3400
3942 5331
199 5308
4965 6181
1783 7775
1677 3837
4553 6861
7655 7928
4516 6764
5723 7077
2133 7393
2343 5962
1538 3545
2942 5528
120 7587
2427 3962
126 3223
3380 6693
6420 7139
3803 4131
2479 6799
1195 7261
1388 6020
5578 6656
1828 3271
4097 4128
6438 7357
5104 7725
6411 7930
265 7039
5491 7026
6043 6307
4603 5794
2702 5975
1666 7125
53 2942
1121 4051
4416 5537
5474 7807
836 1542
2144 4497
3192 4866
2376 2797
4648 6770
1553 3280
2975 6127
560 4904
1399 4985
4759 6871
900 2047
4239 5578
14 6581
630 2022
4235 5672
970 3125
1307 7611
2532 3453
5076 7355
1837 4772
1067 4864
376 6679
2672 2730
971 7379
3131 5221
4429 5166
3196 3472
1229 2560
5585 6397
1656 2780
1552 4645
2100 6674
1000 1303
1227 3880
665 7765
5886 7999
1927 4144
5157 7457
2669 4336
4106 6316
725 2837
2251 5314
1256 5528
3368 6044
81 2267
4507 7439
1751 8059
212 3513
867 4932
341 5576
2385 7061
1302 6303
2966 3274
2098 3439
3105 4421
2769 7043
41 1543
4649 6229
1812 1880
3340 5916
6355 6801
3533 5425
5267 5277
934 3999
1050 6745
7262 7816
1202 1339
5889 6765
3889 7507
2192 5843
833 3332
910 5377
2350 5748
2971 5990
4517 7523
6120 7612
2777 4443
405 6799
1573 3136
6253 7376
425 5585
322 3488
5498 7677
2370 4472
3525 4834
5630 7927
4109 5182
1923 2253
1282 4034
3918 4578
2571 7652
4048 4848
5740 6390
2196 3682
4728 6777
3373 4381
1105 7818
4174 5298
1480 4255
2017 3612
5396 6963
1865 4786
3968 6831
4567 8065
2322 2791
676 2634
3018 7499
2066 2680
5322 5947
7347 7556
4706 7919
946 6373
1982 2486
3179 7426
3965 4419
5559 6601
5521 6230
4391 4715
1679 7692
317 6395
2002 5524
2596 4112
2507 4067
4825 7453
843 3669
3782 4744
2363 2579
4151 4590
3126 6971
5056 7118
434 4511
3796 7701
1103 5936
5017 7049
4670 6209
695 2440
3187 6569
5694 6293
3859 5062
3833 5654
464 2491
475 702
846 1242
1844 6428
4032 7663
4647 5456
3167 5324
5420 7318
3826 4389
2928 7710
1095 6021
2642 5383
900 1593
4740 7254
1540 3926
4075 6158
1815 2326
925 4616
6161 6842
1510 2409
421 3726
4787 4857
1539 1844
6587 7771
272 878
127 4513
2983 3069
364 2640
1049 8047
1405 5293
5660 6172
888 2921
5645 5886
2183 3308
3533 5662
3865 5615
4418 7301
3925 7342
2696 6606
1018 5194
35 6564
206 4340
3496 3815
1458 2170
3415 3810
116 2588
1196 5547
1589 6308
985 5423
1793 3260
2209 2213
3462 5195
1263 7957
1083 6922
1852 5329
1223 4576
840 6343
2046 5734
6230 7134
131 824
7313 7700
567 1592
7073 7768
3363 7839
1096 6342
505 7531
3244 3951
3312 7072
1274 4996
142 4965
1511 3671
2196 7340
1270 2343
4955 7930
3976 5867
1614 4543
6398 8056
7683 7694
3438 3453
3716 7346
6415 7094
5361 6101
699 3687
552 4134
3273 4575
322 2148
3250 5527
2209 3172
4968 6863
1416 1540
2329 7358
2623 6386
6185 7888
1649 4304
2593 4924
1519 2409
6271 6662
137 3763
5910 7154
2997 6917
1502 1940
2929 7647
2505 3415
3469 7389
1070 7798
1454 6008
3569 5352
1342 1784
2983 5838
807 2799
4374 6718
2153 4669
3566 5976
4596 4800
4315 7133
5544 7055
955 2580
2597 6873
4641 6396
4143 4544
4005 7016
2233 4795
5269 7733
1487 2472
5659 7904
237 7763
5513 6853
2793 6670
1769 5339
238 5727
2963 7893
3650 5247
606 4848
2159 7996
3769 7309
808 4196
603 4626
3133 3517
4402 6769
1999 3521
2084 3580
2942 5577
3855 6570
3492 4084
3129 7713
6442 6750
4092 4273
6924 7858
3717 6700
4200 5735
6243 7148
1810 5741
5569 7334
880 5778
2878 6686
4804 7874
1092 4463
7692 7951
3961 6789
1426 4806
1220 1389
4518 7690
822 3695
636 6091
4820 4946
2609 4209
6923 7411
5946 6581
2266 4862
1583 5384
2924 3833
2169 3457
5813 6596
3802 4269
1071 6245
3197 6457
327 7408
4385 7238
3787 7398
5093 5254
3397 3493
1938 3863
2954 3653
1203 5489
2909 7981
1315 5464
4671 4986
3619 5279
368 5412
2582 3468
6257 6971
2187 7814
3109 3921
2730 4573
1227 1960
1277 6025
135 7457
2376 7317
3920 5499
7190 7651
1485 7158
3726 4120
4574 5938
1329 2690
2305 6665
4029 6384
4940 7984
1674 3393
3422 6403
4592 6244
2441 7554
406 1052
4517 6498
694 1782
1337 5233
73 5206
940 3359
1615 6633
1285 7960
3436 4335
4533 5122
1731 8022
611 4249
4737 6080
1888 6568
2395 4171
3584 7240
1264 3791
3449 7810
5756 6271
3904 5253
2157 7178
3253 6266
2928 5614
3958 6149
3740 7347
3662 7777
1125 6782
3067 5418
3548 7081
1711 7563
1276 6252
1226 6713
2022 4293
5020 7139
2856 4971
3909 4885
5339 6752
311 5979
3674 4885
3667 6743
432 1007
44 6934
2049 5159
1483 6294
1235 2123
349 7255
1740 7006
1178 4436
1556 4022
4275 7617
1987 5906
2584 5143
4862 5158
1438 2218
2962 6962
93 2109
1081 2791
1152 6866
1473 4924
1096 5999
2165 2408
403 1320
5306 6664
3553 5823
243 1001
6294 7135
5655 6812
3056 3775
2355 5691
2287 7172
4310 6548
6155 7175
883 3578
3046 7428
4425 5491
2329 6542
4490 6594
2084 4362
967 7883
944 5098
991 4812
3033 7283
4918 7925
3198 7206
5861 7246
1360 4647
2327 6101
5913 7463
849 7514
1119 2153
810 2799
1756 7493
2378 3267
2192 2912
1294 1777
2001 5387
252 2851
1377 6045
3547 5750
2118 6265
474 6559
2388 7779
6104 7830
2256 5808
5507 7751
5675 6812
3531 5601
5518 6819
4016 6932
2903 7780
2169 6250
4009 6935
1295 2230
2388 2647
6159 7773
4173 5135
6484 7506
5131 6750
3552 7549
5205 6412
3931 6233
417 7974
4503 5401
1375 6304
384 3415
4616 7027
3804 4598
3753 4138
3115 5927
2917 4739
2355 6039
3728 6163
2655 6273
3586 5663
3239 5054
346 4901
4056 6826
1606 4803
3018 5379
6196 6604
2780 3634
2182 2753
657 2400
1100 2168
1308 4099
2452 6757
277 1955
2069 7247
2894 7704
3090 6609
1916 7107
2089 6058
5079 7684
4615 5442
4586 4738
1866 6733
6540 7733
48 2299
3938 5769
4252 7643
3698 7169
4017 6431
1445 7336
4321 7455
5318 6439
862 4980
2942 6395
1196 6047
1584 5420
3690 7065
3147 4530
2118 5967
1675 5813
283 2891
5251 6790
1689 5160
1859 2143
793 2709
5027 5061
521 5306
704 7246
213 969
114 1842
4212 5677
1498 4327
5412 5721
2050 2942
379 3939
5125 7513
3582 3696
1669 6020
1764 6589
4382 6208
3421 5950
2519 3655
476 1294
51 530
3517 7858
1888 6055
3411 7053
960 6492
5473 7731
1591 4857
2800 6878
932 5624
5729 6675
2178 3249
2048 2858
1809 1903
615 5430
2050 6439
572 6508
518 3155
3578 5131
1910 4809
2208 6577
2844 7909
1445 4502
5006 6954
2727 7706
5589 6080
4358 7469
2984 3057
3744 4848
1854 2382
142 7060
3336 6648
52 7908
6553 7298
847 874
91 5824
617 1355
2214 2571
5686 8039
6656 7951
2077 7111
4128 5740
509 2342
915 7270
1683 2589
5983 6136
505 2763
2801 7312
604 1415
2012 4409
1071 2840
999 3628
244 3236
3394 6699
2197 7636
4844 7560
826 7460
3871 3935
3170 5692
1369 6231
6014 7899
5042 7939
1122 4782
741 5891
3570 5863
6046 6738
3835 4576
210 514
51 5872
5219 7778
1418 2862
3458 5044
2751 7424
6110 8002
1527 4224
400 6642
2783 6363
4483 5927
3756 7991
1948 7912
2237 7717
1812 4661
1454 5078
2594 3826
2638 2659
2987 3383
286 1185
2986 5872
1900 2545
990 5200
2792 4239
767 5695
1882 6112
3130 6831
7228 7622
2759 6909
316 7619
4524 7529
546 1776
1794 2993
1380 2244
710 5382
2415 3729
1094 7924
3612 7784
5415 5479
916 5590
279 2059
4478 7993
941 5215
1394 6616
1451 2632
2980 6845
1651 6447
1865 2306
1356 5087
1458 5830
6031 6320
2854 6641
3014 3766
3850 7440
5966 7676
2297 4854
1482 7922
7394 7769
2151 4986
859 4370
1759 3748
6011 7117
6693 6815
1729 3745
58 3087
6173 7155
2444 7128
1670 1904
4194 5462
3567 4212
2968 4129
1454 1898
1564 6029
3966 6370
1213 4006
430 7716
5281 5915
457 784
67 5560
438 1198
298 1866
4240 5156
8 6818
33 3810
12 696
1458 6395
1391 2371
139 3144
162 5337
5593 6115
3622 7015
808 7617
429 7065
6620 7780
3004 5087
2901 4290
1979 5225
757 6436
2640 7048
5944 7797
2216 5850
6619 7271
2884 4462
2282 7625
1621 2794
813 2888
2229 7094
123 6573
1289 1428
1176 1588
1153 3393
846 4526
5655 5888
2482 7710
3871 5954
2231 6243
5091 5442
5042 5061
4250 5406
2789 5378
2219 2329
3318 4255
5144 5723
2109 6613
523 3898
3099 5910
3235 5074
4657 7403
1978 2190
4881 6068
2088 7306
5860 6490
6245 6879
3024 4949
4807 6989
16 7392
2640 4077
271 1607
299 3531
521 7868
587 2955
6576 7642
2432 5347
2451 5700
1772 7824
480 4069
933 2200
4959 7682
640 2166
2694 2824
4147 6817
5630 5805
3405 3805
4817 5085
2969 6727
2188 7804
3261 4614
4042 4722
98 3064
4235 6555
2221 6562
1095 1648
4681 5943
3892 5961
3614 6481
635 3872
3601 5236
9 1393
1848 4611
3624 7712
3366 6694
632 1187
2325 5927
918 2931
2367 4499
506 7006
3743 7623
1666 2628
4733 5228
6111 6833
2860 3098
2890 7757
11 1226
6704 7545
6041 7979
317 7565
2987 3468
3982 4887
332 1652
675 4631
2354 7076
3494 4360
727 2234
1560 7774
5527 5621
1202 3022
3080 4182
272 935
2934 5545
2517 5011
943 4472
2612 5619
2478 5638
6831 6844
1542 1938
4608 6471
3250 6942
4781 6603
537 7324
6803 7610
4567 7302
877 6327
1580 2134
862 7504
430 3965
350 3638
5439 6043
1739 5097
6123 6605
2144 5855
4617 7386
750 6871
83 4870
1457 6068
6349 6970
2251 3835
564 4683
2307 5617
138 3590
2041 7734
415 2144
1423 6481
671 3648
698 2687
3414 7024
1220 2991
5986 6915
24 5515
2390 7255
1331 3868
1399 2820
444 2746
898 6380
1613 2237
2774 6353
2086 7987
1174 1286
262 309
2438 3495
3809 6774
1157 3562
3511 5342
1509 5415
6638 7380
267 6728
3727 4224
4684 5761
4333 5831
7004 7097
1874 5142
185 3036
661 4155
1774 4426
2259 7114
1703 3162
3039 7791
2431 4643
6249 8015
4310 4451
5893 7002
1692 5160
7810 7836
1543 6884
2701 4926
675 5171
2428 3391
2050 4117
5496 6668
159 4249
1145 8002
3439 6410
5797 7390
1570 2877
1202 6605
1895 5353
88 6765
3452 6744
3762 4691
6038 6180
1530 2094
2170 5990
662 1292
2172 2604
1595 4124
4039 6703
922 3612
926 1360
2898 5357
541 7685
2850 3508
4601 6210
4382 6454
263 4335
5928 6203
1960 6937
501 6164
2254 2826
1358 3302
1247 7634
3081 7627
4657 5293
2716 4524
4580 5161
29 1259
5692 5942
1784 6903
1059 4730
2254 6378
3185 5137
4584 6016
7257 7337
1015 4630
369 2370
3682 6895
621 5984
4397 6354
919 973
1083 2786
5268 7802
4176 4218
895 7924
771 2262
2486 2678
2521 4090
2783 7949
2889 6645
1154 3914
997 4418
1149 4940
7173 7929
1719 6752
3795 4514
4648 5474
197 3385
3385 7459
3192 3198
385 6545
1859 4242
1334 3606
3273 3801
6253 6622
2975 5782
3018 4407
6656 6769
186 5126
22 5372
5116 7662
56 2118
3195 4960
4754 5581
1360 6073
1073 1686
2881 5799
1165 1999
7280 7776
13 1444
1626 4830
3142 5787
773 6901
2489 2507
1780 4353
2940 4923
344 5660
2317 3752
2735 5056
3083 3474
6097 7042
7226 7244
303 2582
3400 5868
922 4356
3701 5202
635 6536
139 6455
3142 7993
4882 6755
45 2805
1883 2002
68 6412
558 3438
3711 7836
6299 7332
103 2847
6104 7879
3076 6204
2810 5199
6857 7857
2054 5392
1804 2187
730 4416
3855 5536
2607 6636
4681 6937
1184 2947
887 4098
1244 7826
2950 3314
1999 3196
2219 7532
983 3125
5929 6688
4798 5446
225 3689
2365 5672
1069 3001
4608 6805
502 525
776 6489
1179 1727
1652 2859
1458 5145
1218 4367
2208 6688
2711 4983
3714 3783
1623 6889
1245 4867
1487 4905
335 6692
1847 2093
5068 5808
3830 6649
4453 6362
1600 2906
1197 6484
3415 4778
4925 6652
1076 3469
5399 6269
1433 5227
5488 6242
1670 4178
5442 6323
3347 7087
1749 4862
2074 2108
1360 4679
2083 4471
165 513
4063 6731
3778 6233
6005 7593
4800 7701
3306 7040
1737 5622
1255 3718
3785 5238
5605 6612
711 6981
541 4262
3952 5681
1305 7542
5464 6789
4258 7595
1740 7202
4464 6132
107 3574
878 7391
2366 4673
611 5896
1662 3453
1197 6956
3268 3434
2149 3018
3184 6140
1401 4675
369 3141
3023 6352
4265 6427
457 2518
1392 5129
2817 6100
6447 7026
6907 7202
1980 5090
18 225
2952 7787
3852 4569
7450 7472
1546 1999
3 3594
2471 3334
408 4791
4832 6890
355 5194
3047 6419
3195 7705
664 6437
4319 4562
5141 6229
4144 7584
728 6195
738 6808
445 4672
3083 5658
2490 7265
1130 6960
4548 7926
1640 5023
3743 6772
1420 4185
170 8042
4865 6721
1866 5491
3333 6033
4111 7842
550 7810
2497 4920
5855 6375
606 1502
5407 5923
4098 5846
2576 3505
3525 5925
2089 6832
840 5932
2828 7809
432 5796
717 7711
18 2224
5299 6850
3166 6438
590 4600
296 6440
1071 6471
2983 6525
4173 7854
3706 4758
5981 6183
1755 4627
4599 5066
27 824
3237 7199
3687 6351
1680 7602
858 1618
2807 4662
2866 6348
505 4964
719 2798
4015 7998
546 5381
1441 1543
1134 3887
2478 6641
2457 4711
6143 6736
1208 3781
2817 5108
1119 2881
1999 6886
1190 3083
1655 3432
2036 2167
63 7638
6807 6893
4346 6837
1128 2573
1857 6639
4896 6483
4260 4909
540 584
3308 5266
2094 4014
4427 6064
180 2984
5038 7889
1727 3993
3700 5687
3223 6264
2115 5910
782 3468
416 1170
646 804
6092 7308
2030 5476
2314 6611
6332 7417
1548 5931
2102 2199
281 2854
4692 7037
2420 2890
2586 3335
4780 6525
4295 7485
1549 5311
675 3468
4469 5746
3945 5910
2748 8009
1266 6130
5593 7154
4028 4490
493 5110
5576 6914
5987 6417
3644 5939
2835 4057
3872 6107
3222 4729
1043 1426
676 2412
570 5709
2246 3121
825 2187
1023 7401
1142 4404
1763 2991
6221 7263
679 4820
41 1511
578 6585
1102 3446
3770 6798
3129 3925
7575 7878
4420 5940
1966 7844
2995 6145
592 6386
1248 1816
706 2341
114 5958
3528 4246
868 5810
936 2487
2156 7713
4168 4432
2328 6938
1380 5550
2638 4364
1258 1632
151 5134
55 6331
2588 3037
3941 5314
3786 8030
2980 6551
2681 5421
3049 7900
5965 6503
1486 3629
6558 8048
4911 5004
6039 6223
1743 4651
17 1592
4678 6322
3409 4265
1681 5067
20 7167
138 6999
1853 4644
796 882
752 7071
5151 6551
850 7333
705 3450
3635 3769
4582 6852
1938 4619
7494 7568
3066 6161
1186 6192
4696 5473
2969 4895
5827 7016
686 3042
3139 3632
3706 4183
4085 6492
2375 5283
3159 4055
3637 5731
1144 7629
837 6525
5741 6113
382 3821
2102 2417
85 5083
2190 4199
1376 4150
2568 5727
1628 3321
2681 3181
5462 5477
1950 4577
2057 6910
3190 6647
5091 5300
5664 6003
3362 6229
268 4823
724 5445
5537 7864
1106 5849
66 1443
4045 4783
127 4857
1085 8005
135 7579
3579 6946
588 7097
3453 5604
4825 6079
3822 5476
810 7906
1407 6347
1485 1678
491 2636
2049 4671
2871 5411
642 4326
1422 6353
2115 3700
2438 4521
1504 2426
569 2032
6995 7022
3297 7832
2553 7218
1301 2530
958 5059
2522 6732
951 7974
2980 7418
2644 4487
620 7068
4485 4784
741 4463
2402 2951
1140 5619
1202 5266
183 4106
4442 5017
3144 7977
6384 7069
4009 5482
238 4396
190 2291
2677 7660
174 3642
5130 5563
55 2986
1421 4666
322 3839
3426 6802
650 6340
1298 5578
2914 4940
1215 3116
3192 5592
2537 6392
6011 7950
2667 4480
1010 1947
2649 4568
1049 2384
3863 5330
1010 2057
2396 3470
808 5027
4671 5697
2636 5460
6437 7030
5138 5208
1712 3468
3575 7282
684 1384
1757 6880
5847 7064
4652 5400
2772 6764
4377 5878
2385 4672
2490 7218
3881 6129
3862 7161
1500 3607
5641 7922
2251 3939
754 6711
496 5563
6741 7759
1771 4341
3134 5675
2214 4541
3874 7446
4938 6707
1705 6913
1960 2121
113 3566
3421 6789
1240 5709
3683 5372
6703 6786
510 3564
530 6955
759 7490
5534 5681
703 2248
1083 3579
1627 4127
1039 3151
4452 5811
6255 7088
527 4841
1950 5153
1668 4758
2040 4742
5647 8037
1689 4371
6298 7464
2863 6749
880 6159
5295 8052
309 3346
1342 7223
4267 7592
6106 6148
5025 7858
2925 7971
3337 6598
5220 5323
5452 5888
5971 7428
4634 7810
357 5428
2735 5534
324 4457
1590 7108
5580 6775
1149 5083
1483 4969
776 4970
111 449
5472 6741
1736 5032
4942 5456
1346 2467
1797 2604
1009 5346
318 5443
102 1934
2990 2991
57 4797
3754 6741
1911 6553
3592 6892
3950 7708
171 4659
2508 5667
1683 2765
1909 6456
2707 5173
4070 4263
604 6708
3924 5724
3060 3855
6364 7818
3640 6760
347 6854
555 1037
6027 7153
6948 7872
7710 8054
2542 2959
1412 3841
656 2542
1385 4743
1541 7767
2440 3118
3471 5449
2562 3080
2265 5680
1599 5858
260 2265
4468 7100
1636 4906
246 6066
374 1800
3568 6334
265 6014
977 3693
856 2472
2438 4612
508 1010
6842 7983
3198 3721
2762 5730
7107 7695
1209 2915
1578 6543
6590 8050
1976 2165
5179 5389
169 5697
144 7092
6438 7951
2755 7490
2178 4201
1261 1859
244 2486
299 6928
4106 5341
6200 6780
373 5339
1115 2648
3691 5734
3681 6583
316 5379
4352 6137
4618 6172
2875 4103
1734 5355
79 7447
7620 7996
5897 7923
529 3495
5560 6855
334 4486
1248 6253
111 3344
3740 5586
380 3455
1812 4856
1762 2201
7128 7344
5126 5679
352 4473
2211 7175
3519 7635
1395 4520
2867 4122
6749 7837
4479 6961
7482 8011
6956 7495
4771 7307
3692 5144
1790 4032
64 7278
5525 7915
1194 7025
302 2980
7722 7956
5322 7185
530 6208
1278 5960
2401 7036
7841 7993
6540 6837
1321 5691
1621 5487
1460 2633
2093 4347
4158 6738
285 5797
1573 6888
4613 5831
2227 5366
225 3773
703 6913
4119 7045
136 2398
3794 6186
4460 5988
4751 7695
6462 7795
6217 7622
1236 3320
3927 7885
191 7644
575 7988
3439 3664
4857 7622
1411 4126
2090 2235
676 1991
3074 6100
2745 3416
2891 6134
4589 5238
3646 4104
4389 4714
2403 4700
132 6537
1838 2129
1684 4526
954 6047
1010 1903
7420 8033
2876 4087
1742 5278
357 3275
1864 2632
1404 8029
3906 6524
5240 6985
741 5143
3001 6192
5364 5666
1971 7006
324 4225
40 7297
2561 6682
452 4480
3798 5306
2590 7224
4440 5910
2329 6657
3127 7166
2796 7057
713 2393
1917 5912
4851 6444
2090 3636
6457 7195
5195 5708
3835 7106
5118 5759
7082 7449
2748 7369
3841 6832
2532 7753
749 5575
171 6479
4188 4314
2517 7221
6455 6469
1717 2860
5221 6883
865 5432
2571 3128
5968 6458
220 5147
3547 6243
448 7627
5173 6448
2791 7413
4808 5567
2584 6849
2726 3489
6176 7188
3229 6958
889 4629
2318 2493
319 1055
22 2654
195 7147
1452 6597
286 1793
2411 6124
3570 5652
631 6072
1387 4830
4035 7095
319 5403
2491 7572
4009 7660
2730 3198
3866 5106
963 1463
2421 2436
2079 7563
878 3679
289 1306
2733 3298
5689 6119
3802 3991
4367 7740
4137 6121
2810 5626
6508 6902
1571 3393
319 7728
870 3403
5082 6050
2702 4010
828 4745
249 6068
851 3393
1255 3361
2130 2431
931 971
577 1792
3495 6757
1733 7268
397 5254
6942 7192
4980 5014
1542 4257
4244 5822
3640 6219
2047 6090
4647 5043
1403 3685
2481 4998
503 1996
1652 5428
2060 4826
636 2880
697 961
288 3302
3069 6962
2840 2993
1800 3880
35 7862
1266 4892
345 2899
339 1652
4319 5746
1048 1468
1647 7191
996 3999
2714 2770
1805 1851
1460 4066
5422 7198
3919 8014
1464 7726
2649 3882
944 3707
808 1772
5275 7207
4422 6274
811 5360
785 1188
42 166
1288 4822
5830 6443
5275 6619
3100 7663
3145 7420
17 3641
6751 7243
3326 4004
6748 7573
4102 5724
2313 4545
2313 4206
142 3243
1818 2373
3695 7417
4731 6488
701 5491
2320 4989
3329 5635
5052 7660
736 3438
2861 3204
3445 6080
2441 4935
1088 6987
2177 2594
79 4463
845 2021
392 1265
3765 4821
6570 6969
1975 7085
977 4183
2237 2677
389 4025
2977 4949
2765 3148
733 1691
5348 5426
3322 6101
3149 4376
1513 1702
993 4087
4471 5056
3424 7387
1895 2410
3867 3893
4542 8041
429 7666
1671 4611
3288 6343
728 973
7622 8013
3 67
85 448
737 7363
3086 4345
1659 2286
1977 4641
2795 6685
4863 5466
5593 6940
1729 6949
8053 8061
6998 7837
274 1926
5528 8015
7371 7762
1504 2509
1659 7374
3057 7184
2106 7341
1855 2651
1995 4626
3253 7845
950 5114
1001 6791
3751 6724
4644 6321
2033 2406
848 3021
4366 4466
3965 4171
4421 6492
3000 3023
4833 7372
2631 6103
1105 7659
4468 6652
1754 3803
1239 5549
989 4630
3518 6944
746 7133
1494 5128
4834 5602
5457 7702
87 3252
2640 4594
1605 3209
2661 7518
270 1665
7232 7478
7109 7397
2788 6102
2485 5182
2399 7687
235 1188
476 7971
1812 6951
1163 4926
7876 7901
5327 5915
5119 5707
6144 7111
97 4102
6607 7998
2726 5908
4470 6236
4875 5503
510 7103
3288 3410
1621 4823
4243 4430
2438 4393
1154 7696
4566 7778
5307 5692
916 5954
4293 7736
21 6799
109 3936
1748 5886
3767 5291
1117 4975
2283 6675
471 6989
4132 4196
719 6087
1494 2806
2662 5006
2971 5355
2221 6351
2746 3069
1240 4733
6761 6864
2339 2565
2575 4233
1147 6353
1137 1195
2490 3041
924 2305
231 5552
1188 3569
582 6497
3616 3898
43 4884
786 7559
3733 5292
3791 5692
2910 5232
1098 2597
1028 3861
2816 3107
2170 6359
1646 5823
582 3833
528 529
3618 5309
4246 7350
322 7187
6808 7603
1500 1677
2207 7504
433 6907
1452 1617
1372 5250
435 1637
109 4953
1999 4209
1636 2522
924 3713
1195 6602
5606 7223
1773 2574
6684 7974
1206 5179
2062 6678
3158 4297
3252 7576
1585 6369
1120 2692
5462 6134
2343 3006
1810 7317
7073 7263
3094 3292
7231 8013
1914 4624
4605 4645
335 1640
2784 4678
134 170
6784 7851
1022 2588
6319 7671
1321 5982
1093 3180
1742 7930
3645 7776
1764 4439
6978 7889
4021 4339
1172 7639
3094 4111
5345 6885
653 4388
5704 7434
533 4399
4125 6353
571 1583
3211 5588
3231 6045
1537 1782
3326 4971
277 7513
1289 2942
4948 5676
184 1828
151 878
2860 4321
463 3800
136 5676
3732 6022
627 7860
4642 7167
981 4679
1349 7769
1290 3654
3522 5416
275 6495
5558 6422
2818 4922
2730 7322
703 7504
2290 5511
739 6236
2753 3154
1630 5367
7246 7917
808 4983
273 6582
876 1860
4020 7260
3851 5139
1587 7530
731 4076
