4093 4891
1617 2857
59 3305
3500 3537
1438 3727
3076 3589
3779 3908
27 3175
1362 2920
241 868
66 1964
2760 2911
1952 3717
374 1005
529 2672
1747 2220
617 1548
2029 2836
1252 3472
559 642
1862 2495
204 3944
1328 3675
978 2893
707 3303
2120 2997
124 1876
2447 3479
800 3579
78 1495
1794 3442
855 2687
1298 2197
698 3542
318 1066
2267 3958
389 1191
630 889
359 1580
3001 3475
2704 3593
1464 1670
999 2174
2741 3707
1577 2590
3074 3721
1248 3017
1479 3963
1979 2900
3405 4051
2561 3120
471 2275
1219 2724
2209 3375
1381 4019
2378 3785
911 1455
369 4012
435 3611
1237 1878
3151 3346
108 1030
337 1131
1447 2548
266 844
665 3610
2883 3018
3064 4045
900 3262
509 671
322 3083
2674 2713
3801 3947
1279 3745
603 2447
1492 2965
2020 3270
2116 3911
1074 2294
3144 3766
907 3353
1583 3336
3513 3936
91 225
1672 3359
1185 1786
2024 2483
198 2583
380 3038
285 3304
2230 3579
2200 3260
3650 4028
2147 3460
3236 3359
1064 1819
2974 2983
1212 3773
3954 3984
1762 2526
2086 3215
1631 1743
514 1753
1754 2149
2010 2752
316 1651
1452 2894
68 3502
252 3235
435 2843
1128 2018
1846 3952
1127 4050
2257 3248
581 3137
1488 1853
2258 2727
2575 3315
1114 1930
1067 4077
3122 3385
1701 2293
833 2078
556 2794
1499 2513
558 1462
266 3723
1239 3761
3608 3998
169 1540
74 3470
1363 2900
1926 3799
2232 2329
2765 2860
1160 3925
1581 1642
1078 3474
1057 3105
636 2309
1001 1766
1225 1231
3545 3619
3160 3897
874 3941
2693 3385
2054 2866
1551 3735
1645 3506
1356 2166
593 4074
287 2148
28 2784
3730 3923
2464 3236
1482 2770
378 3401
2817 3277
2353 3657
654 3583
949 3816
3978 4013
1984 2354
1064 3988
422 833
1816 3964
2438 3943
904 1815
830 3656
2954 3895
2749 3777
2312 3583
1533 2578
611 2458
1690 3628
1184 2044
36 1156
1976 2692
1302 3971
1050 2284
123 643
3886 3939
441 1176
439 2270
71 594
1646 1901
369 1013
696 3001
82 2514
1071 2258
1488 3830
1331 2083
1027 1219
987 3975
2540 3350
22 3266
1600 2921
1322 4092
680 3216
781 1603
1596 2897
1667 3996
3423 3430
2409 2805
1814 2336
426 2522
2194 2870
3270 3753
2021 2873
1342 2094
766 1821
1440 3133
3968 4059
1573 2980
1381 3177
1414 3626
2197 3830
1126 3160
2938 3321
393 3514
2540 3444
909 2442
1104 1269
639 2462
2705 3403
748 2259
898 3721
1343 1725
1521 2437
484 2075
1051 2906
156 2729
3055 3253
680 2416
586 1369
2772 3070
428 1425
970 3201
1563 2670
1337 2410
1453 2597
2969 3353
1263 3947
1709 3471
1546 2609
710 2225
1704 2261
2657 3899
1445 4033
1070 3369
534 2819
3368 4086
2749 3045
1262 1349
3560 3563
3078 3973
2089 4038
420 461
1186 3639
3093 3144
88 3196
997 3223
410 610
1618 2530
1022 2868
936 946
340 3164
312 1484
1197 1297
647 2226
269 1881
951 1593
1878 3397
793 2144
3494 3905
2472 3166
864 1249
12 3524
47 863
89 1156
2170 2579
724 1201
998 1601
444 1962
156 3472
1708 3088
740 2572
1019 2982
1103 2154
2514 3823
1791 1971
3741 3807
1366 2778
177 1277
1109 2706
1677 2989
2181 2324
2746 3501
1011 1946
2219 3814
1005 1957
330 1187
507 1614
2505 3908
277 1053
136 3620
2013 2658
1784 3493
201 997
875 2892
2819 2965
305 3629
434 3417
1312 3374
223 254
114 3335
1278 3387
2956 4045
1357 2002
480 1196
3347 3376
429 3643
1890 2641
1538 2003
2061 3900
1520 3947
3674 3901
126 3252
187 2755
1308 2391
966 3634
1898 4057
321 3262
2356 3895
615 3298
902 3384
1519 2252
1041 1924
2476 4080
1002 3544
1627 3619
870 3667
1678 3282
138 884
68 3412
426 1315
356 718
682 3496
1617 1889
509 819
250 1106
1269 2954
1456 2633
320 2724
2916 4074
100 972
619 738
1768 3344
155 1012
477 2766
1288 2332
1821 3271
69 2181
2102 3258
1718 2053
98 2926
110 2379
1459 3759
2 3491
962 3916
2036 3475
3646 3652
1343 2418
2600 4003
2078 3675
356 1802
380 1395
1571 3982
213 264
3431 3819
453 3171
208 1483
3154 4076
2636 3511
2221 3026
870 955
2673 4002
2468 3982
1893 2808
423 2819
773 2273
2052 2276
329 561
974 1555
2641 3732
560 1487
1261 2797
204 2555
344 1595
425 1511
1211 3049
1616 2767
537 2125
196 3728
878 2481
2516 3728
1627 2389
1948 3834
1474 2672
2998 3084
321 1460
636 876
1206 2551
85 3625
1947 2197
678 2794
1816 3125
1648 2769
1633 3164
466 2463
2121 2449
2092 3213
1187 3942
2073 3687
827 1962
1496 1884
1303 1864
651 2947
957 1838
2869 3214
2791 3573
381 3251
1524 1735
1826 2072
337 2482
2887 3653
463 1652
209 2065
1932 2063
1021 2285
1408 2538
235 3730
726 3624
1004 2169
1236 3668
927 2519
1857 2684
3102 4075
599 1215
763 3517
175 3185
1603 2139
3292 4071
3030 3119
156 1876
3091 3959
533 1846
108 2434
840 2028
1352 3751
1158 1339
2817 3414
513 2486
1292 2873
1182 3876
757 1858
1203 3795
1833 2773
29 2681
276 3671
633 1730
1133 1246
3595 3691
901 1621
2685 3707
1987 3731
809 2143
1729 3516
262 750
2222 3236
2442 3719
2695 2819
543 987
3082 4014
2333 3587
3020 3686
2528 3189
1387 1435
149 835
2250 2633
2087 3350
1132 1716
908 3661
2217 3513
1055 2081
2014 2412
332 3872
1779 1987
2743 3706
1107 2061
1282 2101
2499 2846
671 3618
2893 3457
577 1615
1270 3723
892 3490
571 1689
491 2385
235 2924
3205 3299
946 2983
288 1998
1806 3906
2451 2613
3814 4034
357 3258
3678 3925
1066 3466
992 1882
148 3614
1581 2233
3091 3186
3097 3134
863 1384
1087 3897
3576 3871
508 3106
392 1935
546 1731
821 2674
442 2969
2819 3220
1228 2769
480 3585
1548 2528
1392 2626
2047 3111
1401 2192
3579 3774
3491 3700
1867 2386
77 2734
503 2020
1965 3334
2496 3528
847 2248
898 1785
2267 3222
1010 1159
1839 3102
397 1276
2617 2856
3738 3750
3688 3836
295 3580
1297 1546
2092 4093
261 2931
831 3160
456 617
636 2164
1256 1278
622 3032
1674 3747
86 2240
167 1568
575 2300
2216 3578
1626 3219
2123 3227
1921 2781
2308 2963
689 1061
201 842
440 1138
2401 2903
2219 2337
2101 2158
780 1225
1256 3387
604 3357
367 1001
1235 1664
1756 1797
228 3425
641 910
199 2131
1418 2455
173 3173
903 1110
465 3483
236 1605
347 950
570 2789
1385 2765
814 1494
2174 3991
3987 4087
1507 2983
352 2186
3630 3932
954 1667
85 761
2480 2602
3565 4057
1872 2222
2566 2795
423 2418
614 2984
724 4029
253 1023
193 2288
487 2706
717 2150
39 3943
885 1631
164 1600
385 3057
208 788
2069 2380
131 1666
134 2451
2936 3222
344 579
1850 2960
3031 3841
1616 3085
1512 1518
615 1738
1419 1893
3148 3717
1349 3061
1163 2772
2431 2754
206 1046
729 3645
1556 2327
1211 2414
1201 2965
3230 3512
804 3199
1509 2773
648 3874
3161 3675
787 2118
3420 3594
787 2216
1529 2142
1371 3001
750 1792
750 1326
2282 3830
835 3532
824 2560
1662 3665
117 2571
1417 3973
1512 1793
1269 2918
249 1216
2295 2796
1430 3347
1937 2420
559 1368
987 1845
899 949
1597 3481
1746 3816
207 1922
123 2500
787 3395
1110 3454
2325 2895
1108 2642
997 1213
1548 3189
1924 2535
2128 2904
29 3156
1180 1372
3785 4032
1972 2721
222 1726
175 2360
1669 2534
1769 3502
2840 2867
1207 1855
3096 3301
2261 3239
2353 2713
1186 2872
308 2861
1118 1364
314 1581
1595 3912
2710 3030
1653 2474
182 2567
1527 1807
2103 3806
3317 3656
1092 1869
1920 3681
2338 3162
1003 3137
3425 3770
1437 1819
1222 1824
2940 3902
2466 3584
2001 3636
3490 3869
1428 3352
2456 2605
937 1499
1560 2267
31 692
682 915
3087 3657
1742 2407
713 2720
2407 3656
845 1578
669 2317
1592 3867
56 594
476 659
307 1341
260 620
2266 3938
1726 3460
2671 3587
1650 3804
2798 3370
23 2532
1976 2224
1935 2586
72 501
2685 3254
327 973
637 2255
2138 3692
345 3379
2100 2388
1333 3036
972 2215
498 3494
474 3067
1090 2111
15 3053
1548 3405
201 202
287 2093
1964 3417
803 1461
1769 3412
485 3745
1647 1648
3327 4091
3072 4069
627 1757
968 2333
1136 3467
3597 4063
782 3857
135 3456
258 898
816 1873
1139 1969
1077 2671
2717 3441
1252 3874
3195 3624
2444 2936
1961 3982
1299 2530
1322 3043
362 2973
2495 3924
807 2220
124 3573
252 2931
150 3945
377 3149
1200 3610
160 1686
814 2048
2728 3155
219 939
1177 1492
1974 2468
1462 3549
2013 2330
3296 3485
1163 1701
2477 3422
1099 3056
3149 3456
2910 3047
3589 3627
387 442
126 3529
3309 3925
711 3809
3489 3829
1638 2296
684 1360
1402 3448
770 2719
2402 2549
2229 2947
464 3451
359 753
752 1491
2795 3162
1225 2371
1322 3931
2544 3710
3324 3512
664 3668
186 2368
1143 3236
3316 3760
157 777
600 2691
1643 3625
2363 3245
530 2711
1893 2647
326 756
3862 3913
501 2054
133 3109
2152 3843
2660 2879
2321 3618
129 2761
1183 3239
1384 1526
576 2846
665 3065
1330 1728
266 1995
1605 2717
1548 2604
1402 3347
2404 3333
925 3128
164 2263
2178 3953
821 2713
1010 3786
2439 3103
1048 2709
32 2137
1535 3645
162 2404
1419 2963
1880 3538
991 2083
2048 2545
668 2636
938 2580
3001 3955
2185 3493
1699 4019
379 3764
426 2614
1491 3462
859 1172
490 3749
958 1351
1631 3970
760 2054
1117 2703
356 2397
418 2257
1224 2139
2348 2973
828 2126
1547 3523
777 1705
1676 2265
954 3393
1593 2574
2303 3500
930 1364
365 2945
1322 2340
856 3931
733 4019
180 1144
213 2077
1204 1889
415 2093
2442 3337
255 1196
1074 2068
1504 4023
2687 3024
2031 3755
1652 3094
146 3709
2334 2364
1490 3787
1933 3739
2653 2803
1101 2436
374 1700
138 981
2295 3169
2033 2864
2167 3602
2239 3346
151 285
1606 2236
1816 3606
1628 3097
1264 4009
240 2309
813 3744
1343 1811
1774 2592
1674 1848
1776 2623
1146 1603
2153 2805
671 2644
2154 3618
588 3373
1340 3577
1202 2897
2745 3098
671 3762
560 2311
1566 3582
2579 3220
1116 3939
250 796
2124 2569
182 3663
1497 2350
3770 3862
741 2589
681 1945
555 3979
1310 2620
1740 1806
919 3100
569 2581
708 3372
178 3797
139 513
613 2271
178 2387
1312 3342
752 1793
415 875
1321 2546
857 2151
2247 3052
1919 2159
1479 1948
16 3598
1836 3534
1595 2232
771 1985
102 1216
2196 3324
1693 3628
1512 3770
1321 2413
5 239
753 2869
1208 2147
187 1371
1080 1867
2645 2985
1980 2716
95 2752
2793 2795
111 2859
1916 2527
2662 3642
315 949
49 1019
403 2130
666 3034
732 3100
1404 2669
481 2510
876 2519
66 1325
1931 3051
159 1927
3131 3981
2935 3327
2766 3437
3 1743
3313 3387
799 2237
3192 3521
1914 2402
1638 1942
894 2831
2834 2881
2054 3998
1069 1120
164 1162
292 3835
1560 3621
577 867
157 3811
1109 3321
824 3423
656 3539
214 352
2723 3332
62 3820
1516 3625
3194 4031
1151 3344
1892 3935
305 3029
344 2893
2000 3645
657 3656
1953 3302
737 3190
439 1027
1241 2368
523 2756
1198 2309
624 1557
2876 3350
2470 3634
2288 2355
2875 3934
3194 3520
588 2416
787 1496
797 1080
286 2290
459 1074
2044 2178
2559 2560
2309 2477
2231 2737
1260 1620
117 1159
757 4057
1938 2218
582 2328
1029 1824
1711 2727
1112 2707
1339 2216
834 1309
1942 3415
1261 1417
1574 3410
804 1175
4 1640
3399 4038
1734 2394
1793 3832
2538 3830
2528 3126
1971 3050
1708 3344
1041 2008
3500 3974
521 2955
206 4055
2579 2695
1135 3129
752 3785
1603 3476
849 1480
1349 3812
20 3356
1849 2137
3493 3788
2318 2616
1089 1688
2913 2949
3071 3327
1044 2162
3073 3125
841 2655
3772 3777
53 3451
351 3830
583 2706
35 336
1375 3031
470 677
1539 1988
1431 2685
567 2911
728 1575
1359 3197
969 2106
2661 3084
1495 3696
871 1127
802 2249
760 2642
968 1743
1625 2683
746 3432
2472 2835
634 1244
209 929
1929 3713
1667 2027
713 782
1553 2069
144 2281
621 3397
1186 2309
655 2112
2058 2515
2150 3311
1603 1983
1120 2480
1395 1522
1701 3563
720 1692
248 2715
3846 4070
274 2078
1400 3289
2776 3426
163 1541
643 2500
175 2953
2646 3427
183 1135
1884 2929
1510 1741
2187 2319
1595 4057
2727 3870
1013 1758
105 1123
573 3274
1403 3925
2612 3366
77 1156
472 2870
2837 3577
422 806
744 3728
2684 3583
1824 2731
2878 3340
1918 2313
713 2764
1431 3879
36 89
914 3498
910 1062
614 3920
2001 2965
2393 3980
2123 3215
3229 3772
751 3640
595 2454
3614 3714
246 2533
214 2876
3326 4077
171 618
770 1201
2076 2140
3023 3491
273 1609
175 3001
1281 1765
1381 1744
500 2376
45 1979
439 1094
2068 3232
224 3007
1776 2819
1140 2766
1188 2364
3717 4012
1345 1946
436 2342
2436 3410
279 3024
579 2311
2015 2061
224 3115
555 743
118 2234
2236 2587
1558 1883
1945 3007
291 3484
177 2575
858 1877
16 683
547 946
414 900
674 3810
2599 3426
309 738
1969 4039
1803 3143
1125 1440
307 1036
768 1631
1496 2169
72 1420
2234 3440
2591 3003
301 2141
766 3271
3986 4042
1380 4021
1333 3918
3389 3568
3212 3527
1185 3505
1232 3310
1737 2523
2013 2295
1624 3734
2586 3051
2473 3410
712 2790
1096 2357
1572 2741
1729 3573
3420 3853
399 3623
355 2578
250 324
2635 4074
1404 2085
2952 3563
227 1477
1675 2702
2419 3095
471 3204
1681 3443
2615 3855
1166 1687
486 3796
423 1454
587 919
584 3281
486 1870
266 2804
692 3961
807 1301
2068 2901
566 3012
2061 3473
391 3732
1949 2104
581 1980
2474 3476
816 1928
2309 3237
613 1409
1134 1657
239 2666
3068 3456
353 3830
1998 2955
820 2533
769 3687
2898 2972
530 3440
202 3219
911 2354
3568 3792
1486 2577
2976 3492
2471 3661
2421 3780
182 2364
1117 2756
2826 4011
2361 3152
1917 3281
2383 3861
94 3912
2373 3560
469 1487
1946 2292
978 3022
173 3368
1977 3658
371 637
82 2189
510 825
2283 2653
1175 3173
1315 3970
2196 2517
1165 1189
1216 3679
393 3934
1497 1506
632 1201
61 3375
2203 2747
230 762
896 2748
1558 4081
175 1977
1290 1569
356 532
403 3413
3307 3687
95 1751
2434 3783
899 1515
785 1257
1317 2135
3567 3986
534 562
567 2760
3539 3897
595 2721
1952 4012
2753 3937
67 2415
655 1584
539 2773
385 1943
850 3452
2154 3646
843 3248
448 1566
268 2846
541 2900
1242 3793
506 1469
1275 2777
204 893
158 224
271 1005
2948 3025
1166 2989
1609 3747
2139 3656
1807 3156
1056 3202
456 1548
779 3140
478 985
2318 2696
356 2023
387 3924
1594 2947
341 1175
300 3784
2840 2845
2545 2612
3172 3468
1287 1741
3222 3483
1306 2414
2184 2979
1581 2967
3384 3434
922 3663
941 946
170 2917
1159 3486
1655 2895
1232 1679
1743 3585
508 1319
3643 3649
778 3014
683 2088
1811 3690
1409 1541
671 3656
182 3618
493 1090
391 2943
190 1923
1394 3850
1407 1450
2849 3144
2081 3147
1417 1973
274 2197
3474 3478
3066 3732
2533 2968
468 2959
1275 2745
1220 3426
990 2836
3570 3783
510 2650
916 3264
2557 2941
1703 3909
202 1358
760 3837
126 2961
1686 3526
2573 3196
1663 3081
3560 3711
1003 1980
2924 3733
2099 2899
1695 3670
1551 2811
1236 1438
3071 3726
574 2342
925 2644
2141 3764
2177 3241
2829 3165
518 3154
2308 3681
1019 3294
1181 3930
2429 3179
875 2997
882 3238
285 488
1313 2575
1285 1766
924 3695
203 1773
172 181
2396 3619
1460 2664
531 2934
3011 3191
2443 3840
1033 1208
2263 2913
2141 3631
808 3034
604 3956
1584 1645
628 3574
2504 3647
2061 2413
2541 3153
1547 1985
2700 2777
3325 3769
2466 2811
1382 1417
1309 2756
705 2403
43 922
2554 3030
1742 3904
254 1851
1938 3144
287 326
1137 2204
453 3495
671 819
1899 2427
174 2264
477 1528
1196 3547
1908 3968
820 2968
499 1621
2604 3616
1238 1672
358 1134
3001 3744
2090 3010
361 3719
538 2497
158 3334
2474 3628
1605 2700
185 1830
1883 3250
1465 2563
608 2676
908 2509
2686 2697
2903 4093
669 2635
2889 3181
715 1081
854 1644
627 2827
1416 2464
794 2799
486 3146
2349 3994
2325 3047
2116 3974
2790 3096
3223 3602
489 2749
3447 4059
801 1173
2297 2783
395 2446
2009 2780
1151 3088
2507 2537
1331 1877
1421 1686
268 576
2403 2937
1394 2192
1223 3463
477 629
1008 1154
2083 2238
653 3818
2111 3710
1133 1274
2136 3469
248 468
400 670
1595 3660
486 1543
73 958
1087 4052
588 1804
2041 3048
2322 3382
738 2754
2491 3190
1970 3980
702 3371
3244 3977
768 1437
515 1897
2680 4018
750 2483
847 1178
2125 3133
1863 2110
1315 2385
3077 3500
1958 2254
1548 1809
3392 3420
2646 3316
360 1134
1929 3522
327 2841
1759 2714
184 243
2152 3618
1566 3274
522 2537
2382 3994
2697 3312
344 3149
41 1724
3530 3795
2234 2785
1161 2759
1319 3144
359 2819
474 3391
3446 3499
1525 1662
994 2305
557 3845
33 1000
1354 3562
473 2939
647 3907
2673 3975
47 562
919 1099
2184 3037
18 1861
1031 3900
2828 3044
1545 1898
3241 3447
497 3330
1500 1945
3121 3940
190 3805
632 3971
1437 2272
2706 3920
1159 2453
476 2819
79 3995
9 2384
234 3788
2433 2718
2716 2891
1237 2252
1411 3542
1005 2827
900 1069
1774 2152
400 3688
3141 3337
305 1678
1866 2897
504 3670
2599 3624
2397 3966
1658 3967
1744 3776
263 1212
2134 3805
1028 1188
222 2147
587 1844
1520 3019
1604 2397
2213 2422
678 2624
580 2998
343 1625
2826 3311
1109 1111
625 729
83 285
1564 3082
1079 3991
833 3298
2201 3310
1133 2829
2256 3885
1841 3908
2936 3323
1981 2937
3860 4040
2710 2890
380 1522
1723 3878
3475 4087
3124 3278
1168 1988
312 1592
1358 2103
3331 3430
156 417
895 3241
3188 3901
2273 3714
893 2689
1883 2138
743 1512
2075 2306
128 1617
1193 3875
986 2832
1497 1537
2148 2214
854 3974
1566 3808
2663 2954
190 2708
588 2065
2138 3872
2536 2641
2317 3662
2760 3728
1114 1794
554 2938
119 1775
943 1321
670 3688
680 1310
491 1098
881 1393
2391 3045
145 2022
680 752
961 3235
2593 2888
557 2547
2059 3675
2732 3133
1922 3722
1838 2581
1440 2640
311 3640
297 3407
46 1354
39 294
175 1283
1725 2469
855 3914
2690 2733
2497 2898
870 3230
2873 2988
1740 3906
2334 2458
747 2411
687 2004
1598 1664
575 2627
801 3115
78 2499
1031 3610
2043 3409
2659 3060
1 1247
900 3007
1554 2310
2988 3095
3352 3981
710 3207
1573 2400
936 2817
100 2215
1551 1910
1421 2056
1748 3558
636 1856
3402 3944
1688 3258
1216 3303
750 1040
1039 3776
668 3608
1783 2393
2058 2469
1406 2995
1278 3163
1666 1874
660 3007
1535 1542
4 290
1415 2194
993 3143
882 1947
453 1054
1599 3322
3390 3557
2194 2957
2494 2961
2649 3945
1272 1641
3350 3613
37 1450
217 2736
428 3831
87 3851
1775 1955
386 3476
1757 2827
551 917
1354 1730
46 3705
1314 2225
2028 2805
2624 3865
1530 3492
1390 2886
817 2354
348 3204
3330 3844
1668 1985
1999 3694
501 2462
2579 3008
2205 3596
123 2883
86 3925
647 1811
2909 3581
1902 3840
1763 2054
2211 2517
445 3816
16 2005
952 1837
2925 3620
466 3292
2038 2987
29 3471
109 1067
428 2788
2782 3505
2691 2859
1519 2830
188 1373
3649 3908
1786 2395
438 1312
1983 3969
1983 3321
164 4074
3449 3503
1080 3128
625 3448
1502 3212
1585 3539
492 3932
2941 3689
1884 3720
1592 3726
1511 1699
92 348
1744 2763
1615 2008
1313 3722
106 393
1731 3471
2536 3732
1050 1669
2514 2607
2697 2728
61 2209
2971 3126
503 2503
1886 3461
1512 2012
3279 3827
370 1305
2597 3287
2423 3290
1504 2741
439 764
1828 3506
805 3167
265 1437
137 2358
211 1669
162 1670
3794 3818
970 1466
1830 3252
1547 3603
332 1088
1813 3409
16 1850
127 3622
1259 3554
1042 3830
270 2922
870 3512
2294 2691
3034 3963
2995 3742
845 2374
2412 3737
2485 2525
3263 3267
924 3179
1997 2409
101 1547
2188 2525
171 1383
319 1355
1802 3983
1318 3708
793 1214
2129 3610
2005 2960
2855 3099
527 1327
742 3248
227 1022
938 2222
1743 3765
3638 3677
44 3442
355 592
147 3224
652 1416
1613 1969
12 3532
2042 2417
947 3465
1130 3953
2006 3670
583 3183
553 3265
757 1595
2954 3449
943 1018
974 2194
2116 2393
532 3983
3507 3970
1028 2364
1288 2092
368 1382
284 1416
1376 2664
280 3339
2493 3587
2189 3135
731 1362
2634 3969
2267 3483
968 3515
440 2099
787 3948
1318 2718
285 1091
3058 4042
344 3885
1505 1519
9 2578
2741 3226
389 2019
2969 3770
2105 2442
1053 1207
389 475
1966 3154
3372 3736
3066 3672
475 2132
601 1357
1976 2510
275 2851
2257 2792
876 3709
1983 2470
897 3765
743 1147
198 1765
1649 3417
2511 2619
1881 2062
243 2319
2222 2553
993 1194
664 3932
1463 3159
3398 3455
2328 2618
354 1801
1226 1352
2930 3010
3819 4027
2178 3009
855 1628
1871 2510
1800 3528
2963 3876
405 3740
2179 2225
2036 3987
457 3866
654 2312
3481 3688
243 2187
519 2449
2455 4032
1708 3759
3003 3235
2831 3830
1849 3823
2424 3830
1015 2685
464 3001
2 3548
2262 2293
1551 3275
1705 3811
3167 3423
1241 2029
2676 3663
2070 2885
554 2038
1911 2092
699 3149
2123 2700
378 2856
2969 3243
3016 3367
589 3423
1233 3047
803 3733
2764 3920
2491 3105
2931 3140
2608 2866
1043 4047
1835 2939
2900 3420
413 2482
1410 1696
2631 2711
593 1741
586 2445
1484 3247
46 262
308 1095
719 1841
952 3046
3513 3734
2345 2381
258 3074
1770 3255
804 1907
250 1782
1 109
900 1120
1698 2932
573 3582
1165 3643
948 3731
1980 2891
1931 1935
2153 2344
2942 3331
212 1885
2625 3704
629 1906
1889 3543
2681 3682
545 1526
98 966
834 3687
736 2202
1607 1967
841 1785
16 2872
1009 2730
574 1268
254 731
701 3349
394 3553
2405 2859
758 3666
650 1570
353 891
731 1230
1910 2016
153 1092
1145 4074
1344 3708
2970 4090
2938 2987
1275 3012
905 1953
707 1216
673 4045
102 1978
423 3084
77 1721
1078 3333
1403 3848
571 2928
1042 3631
2767 3557
1035 2266
930 2542
48 2724
522 999
1968 2250
2235 2938
1265 3909
923 1134
2578 3927
1225 2667
1622 1649
166 1603
2400 2980
3217 4062
1370 2733
558 3549
936 3277
564 3033
1105 1382
968 1631
1330 3676
1313 2853
205 413
69 306
3317 4025
2654 3625
124 2791
881 3406
828 1568
294 2438
276 896
50 829
175 1288
1236 3530
2779 3725
1709 1731
274 3001
890 1061
1328 3161
2342 3499
959 2327
2701 3842
703 1215
2867 3589
2092 2461
834 1117
142 732
1619 1983
499 901
1353 2133
1277 3798
1441 2632
2344 2805
264 948
363 3130
679 2438
593 2176
3521 3898
2165 2898
658 1497
1213 3602
1895 4044
229 2101
2940 3680
1292 2730
2095 3642
1109 4041
1315 3934
932 3853
3016 3992
502 2527
204 3402
1480 2549
2800 3633
1386 1753
1609 1674
188 433
1974 2723
656 4081
1267 3027
1154 3891
399 401
1506 1537
951 1689
1681 3348
1508 1748
370 2858
1224 2704
1876 2964
570 3752
2496 3968
2026 2693
1031 2991
780 4019
226 1321
925 2806
210 861
84 2759
812 2255
44 2121
2357 3822
1417 2813
377 2291
107 3766
592 1533
780 1936
649 4079
344 830
136 449
1085 2264
269 3344
1720 2652
1755 3729
1291 2143
690 2636
3657 3824
245 1045
853 1678
1574 2190
3287 4008
947 2999
13 365
1815 2294
524 2665
3229 3614
1971 2048
3309 3678
335 2291
804 1473
838 995
1270 2363
1981 2403
2726 3055
28 1847
2127 3664
2139 3079
1458 2123
1444 2438
2143 2621
1522 2188
156 1041
248 2243
1017 1608
450 1465
2834 3123
741 1781
319 3365
1703 2831
1794 3021
1170 2590
552 3079
1446 3109
45 2523
1380 1650
519 4089
675 947
2994 3394
115 2648
2785 3440
3679 3900
2653 3256
406 3949
3649 3779
3038 3198
45 1363
1983 2634
2247 3362
2413 2427
1 214
765 1691
1837 3908
846 3243
197 1841
1912 1962
3232 4020
2256 2893
51 67
1595 2739
3557 3615
189 2003
1127 2457
1338 3941
1415 4016
1550 3344
2321 2331
1273 1417
1620 3001
511 3713
876 2735
416 676
2501 2698
550 2663
235 1525
962 2825
1834 1940
3753 3933
395 1149
562 1384
1829 2236
2757 3520
2052 2480
278 1812
3835 3978
2613 3089
2161 2168
2404 3488
2263 2536
369 1631
561 2122
694 2548
3152 3802
2467 3543
1132 3283
167 2126
3436 3882
2533 2645
1401 3850
2848 3768
3245 3894
2570 3066
60 1012
1294 3265
451 1001
537 3802
3017 3314
1593 2346
2094 3466
1349 2377
2713 3087
127 1786
716 3823
250 1776
1157 3209
1262 3448
1408 3851
1630 3866
99 3911
2116 3712
2240 3750
396 445
697 763
1472 2298
1481 3816
57 2554
179 2893
1396 1978
2764 4009
81 125
1897 3171
697 856
906 3652
2247 3131
1992 3380
1338 1661
1045 2833
333 816
1238 3236
936 1061
587 2314
390 1677
1412 3904
999 2507
1485 3526
784 2318
1703 3431
1582 3561
2874 3739
164 1573
1974 3332
1021 3069
1424 2341
583 1663
2139 3321
839 2653
1361 1895
2499 4036
3427 3760
404 2102
2665 3130
3146 3796
396 3816
3809 3910
2376 2743
2051 2184
3920 4041
7 1817
2865 3732
2069 4057
1350 4017
989 1955
1183 1868
162 3389
1639 2109
354 882
1443 2787
2147 2416
3243 3782
1086 3131
1016 2441
339 2338
798 2642
907 3536
2915 3847
2538 2995
1549 1634
1868 2213
168 1908
1907 2584
588 2551
3265 3599
3019 3469
417 1446
3555 3729
1495 4036
165 2900
1944 2627
161 3357
1413 2926
2107 2932
1030 2434
1766 4004
2803 2992
1152 3715
686 1867
2080 4007
1076 2365
1134 2778
859 3828
1085 3194
1437 3171
1181 2413
61 1022
1404 2505
1227 3211
1160 3848
2966 3421
42 2611
1164 3663
1994 2653
2946 3742
597 3112
602 3604
1112 2568
1348 1463
977 3301
2117 2855
1943 3057
1483 3417
458 1689
517 2897
251 3007
511 2309
2227 3463
2107 2907
1034 1718
1615 3566
651 1594
305 2771
212 2335
797 925
232 3671
786 1621
121 1080
755 2821
2260 2419
3108 3330
511 2119
156 3322
131 3276
897 1743
1031 3222
1807 2160
716 1179
3117 3137
559 1508
183 2634
2585 4018
146 2735
963 2584
2421 3777
263 1982
152 1606
1565 2935
622 3648
1579 2006
73 1351
479 2942
641 4032
1399 3829
1251 2442
317 1764
26 1975
233 1077
193 2355
1038 2558
494 2825
1364 3027
2230 2362
104 928
721 875
883 3756
1004 1798
2030 3840
2930 3456
1297 1629
2454 2844
747 1025
421 3506
347 622
2070 3477
171 1038
343 1386
1290 2172
363 2665
2111 2572
1442 1822
1998 2417
2254 3989
1808 2757
375 2792
223 1556
1274 3656
1794 1930
64 982
325 2026
476 2011
1527 2802
368 1105
2144 3915
1200 3065
454 1005
1286 3611
2739 3912
2678 2812
1436 2996
3306 3421
598 1249
3789 3920
881 3581
1585 3160
547 2983
696 3136
202 1626
656 1967
510 2843
1073 3763
3431 3830
1468 4044
3267 3453
1893 2472
161 3956
1963 2842
1576 2094
1228 1647
995 2403
390 1166
60 2152
3061 3552
2780 3376
1150 2566
2545 3890
1138 3261
660 3419
2180 2408
1876 2498
2984 3224
3569 4064
311 4077
164 1180
3524 3532
3027 3748
461 3868
1825 3600
1375 3841
2440 2497
1334 2490
1169 2079
272 1019
1385 2860
569 957
963 1907
1036 3941
314 3330
1347 1586
555 870
1173 1752
645 2640
511 2116
988 2977
528 3410
1742 3481
549 2555
21 4078
91 1389
184 3755
1304 2848
2248 2413
591 3470
2448 4018
155 2066
2386 2408
1519 1697
15 1195
1281 2583
612 3050
1588 2351
3233 3510
1396 1732
1155 1242
2288 3948
2531 2875
2630 3638
299 2806
371 2255
3429 4067
163 718
3350 3444
2925 3617
1035 1907
3770 3774
1528 1906
417 1503
196 2760
2160 2593
318 2094
887 3337
896 1237
1398 4072
2282 2898
296 2543
2193 3086
1340 2837
1086 3352
2017 3330
3372 4024
334 992
1589 3150
1235 2214
1886 3826
2317 3157
1525 2883
163 3024
1957 2280
1756 3693
2360 3032
1718 2378
1601 1663
1104 2078
175 257
2503 3270
2740 3398
274 2277
133 1446
351 2863
692 730
1712 2738
1603 3970
2995 3388
3243 4021
3691 3809
98 3037
1440 3432
671 1224
1462 2855
1968 3959
314 1285
823 3604
1859 3243
1627 3656
776 1552
723 4082
286 3691
1701 2770
717 3423
766 2824
3058 4090
858 3967
889 3740
956 3600
1251 1887
393 595
2155 3249
1338 3491
768 1733
822 1756
1035 1473
366 923
1212 3329
2 384
673 1820
3961 4066
2175 2749
1877 3024
3388 3590
1929 4015
66 3747
13 3350
38 1852
812 3842
1776 3846
70 745
2287 2380
259 1005
1235 1598
3017 3518
105 3768
2437 2923
3434 3558
3234 3301
2890 3030
207 3722
496 2108
1425 3180
1149 3739
800 2323
2191 3798
734 2738
335 3361
202 1446
700 3473
2948 3233
2814 3925
1581 1653
1506 3998
226 1018
219 2316
799 3002
2057 3559
1382 3312
121 1719
755 4077
11 818
703 2574
1037 3894
2626 3793
2986 3157
482 2976
1414 1417
3188 3202
1646 2687
1532 2202
1487 2171
13 688
112 2499
450 1193
144 741
1621 1845
2041 2656
279 3445
293 1735
3289 3994
1919 3139
2110 2922
1776 3531
1332 2629
2561 2842
854 4080
1078 1838
890 3946
1157 2399
18 3294
2780 3347
2547 3845
2013 3940
35 3285
1343 3907
623 2846
3450 3921
3263 3519
341 804
846 926
3330 3993
954 2367
40 948
586 3778
905 2801
3439 3824
1595 3456
1253 2980
787 2595
415 3962
3040 3936
109 2876
325 1323
318 495
768 2441
790 3467
100 1951
2376 3706
1068 1953
191 1146
1263 1520
164 2921
536 3326
1250 2648
752 2416
196 918
23 690
90 3544
1520 2136
2684 3424
2450 3307
1341 3941
1459 1708
287 4054
2744 3002
594 2122
408 3807
880 1013
768 2651
231 2044
2201 4067
2198 3258
1095 3182
1498 3344
899 1554
1071 2727
293 1524
496 3360
2201 3507
741 2281
2447 3620
2452 3165
15 452
570 1460
1686 3103
1156 2885
2101 3420
3192 3898
1588 1696
791 3725
370 1555
1466 4060
2566 2796
329 2508
342 3891
1097 3015
2067 2123
2531 3934
1235 3041
2521 2712
3294 3493
2232 3751
1386 2683
2320 3689
1327 3007
831 1126
511 2678
3335 3783
1603 2524
2421 2784
1065 3015
1674 2290
1131 3827
348 3901
2147 3005
1154 2852
1121 1163
1128 2867
1841 2792
412 4046
1721 3744
2816 3580
772 1825
723 3090
1840 2962
179 1762
2021 2357
3242 3695
1490 1807
3202 3674
592 2485
461 2307
1110 2012
685 1974
824 931
3153 3934
1177 1918
1889 2117
210 879
1324 1713
304 1460
867 3566
3010 3917
2902 3786
1179 3823
1163 1482
1446 3071
873 2172
2047 3127
1043 4092
3273 3799
920 1033
2404 3442
159 496
610 1818
904 1079
2069 2254
3027 3773
3542 3575
1568 2677
248 1953
2347 3049
1514 2021
798 3017
132 3525
1558 2138
1925 4045
191 3942
2931 3496
1103 3618
1113 3542
507 2518
1447 1720
66 1563
1734 2173
2159 4048
153 542
608 973
917 2167
768 816
375 2048
598 759
1006 3073
227 2502
801 1752
1966 3613
1266 3069
483 2695
505 2619
198 1074
328 1908
1047 3010
303 1250
2185 3294
323 2439
33 3294
760 3017
1201 2915
253 3136
2445 3778
2416 3005
209 2463
1858 3509
3115 4083
14 1295
768 2342
1074 2691
2753 4078
1419 1768
3674 3688
2247 3773
1307 3729
3325 3386
3243 3353
818 2765
1088 2668
3306 3724
1006 3164
1813 2614
2101 3392
1835 3761
3833 3928
1888 3299
331 2857
136 3949
1342 3116
98 775
3263 3984
3839 3847
732 1099
6 2103
2652 3231
685 3015
262 2483
214 440
1022 1636
2320 2577
349 760
3125 3832
853 3240
1500 2569
2915 4029
357 2198
596 1419
1653 2762
3051 4037
3453 3519
2259 3464
1682 3032
982 1775
892 1891
2263 3471
1510 3102
2572 3466
2643 3066
444 2136
427 574
182 3724
1058 2808
1764 3622
1382 2813
745 3045
2369 3618
414 548
971 3410
935 2959
902 2409
1913 3036
171 177
2375 3428
955 3667
1564 3039
2016 3773
1323 2693
951 3653
326 2148
82 2607
210 260
2390 3058
3738 3951
1008 2852
423 1580
1289 1811
1489 3881
2693 3174
1839 4075
1496 2261
764 3498
278 2410
596 1728
731 2737
1172 3828
953 3657
2189 3990
1012 2877
948 1617
2315 3643
2553 3364
1243 3690
605 992
2076 3409
34 504
2867 4073
3469 3985
3484 3749
1545 4006
656 1854
757 3509
490 2866
735 2489
1005 1465
830 2181
383 2758
706 1773
59 1905
2082 2408
1315 1603
843 1335
776 3855
1989 3649
3410 3507
281 3659
324 1106
413 1131
883 1573
259 2563
2091 3335
1311 3334
3567 4042
1224 3593
1724 2189
708 1814
1227 3538
442 1795
1246 2862
380 3198
2576 2644
1909 3960
631 1816
2054 3757
1736 2978
310 1819
2302 2351
91 2400
1819 2342
691 850
1582 2298
1345 2292
2017 3844
762 2305
1777 3557
1169 2972
172 4033
2022 2975
90 1104
1993 2974
437 3789
528 3054
3025 3510
128 1780
2447 3112
1567 3456
162 3792
3372 3635
754 3606
1880 3211
2026 3433
2650 3723
1718 4032
582 656
32 1771
534 1297
245 2833
1269 3503
1898 3565
100 3838
2959 4063
215 4082
2595 3553
2383 3436
3673 3835
2605 4016
2328 3605
209 1129
52 3327
2419 2873
2990 3723
57 3119
1084 3513
1238 3150
3093 3369
1556 4092
944 3915
927 934
1306 3325
676 3390
1711 3318
2288 3258
42 3903
1314 3207
2965 3636
2168 2244
158 4083
244 2289
938 1872
346 3011
1189 3649
418 843
976 998
1094 3893
616 1497
2382 3158
107 3144
1538 3744
2662 3497
3424 3583
2335 3817
1259 2722
1144 3065
1775 3830
595 2844
407 3915
2522 2917
2747 3736
242 2307
397 2942
2639 3576
2657 3926
45 1737
798 1312
1010 4053
994 2553
614 1429
789 1131
1084 1624
109 1558
1845 3209
152 3044
2766 3184
2514 3423
1070 1426
2815 3645
2658 2783
704 3185
192 2236
1828 3697
1059 2167
1326 1739
1420 2212
424 2148
1060 2026
1243 1289
286 933
1447 1517
2467 3810
1508 3294
212 1220
71 2122
288 2241
2177 3487
58 2827
2550 3921
213 3293
2321 4065
244 3605
1272 2882
818 2182
1637 1675
550 2954
1760 2411
1556 4034
1884 3654
243 3755
1065 3400
84 4082
1109 2685
656 1558
1753 2896
1611 3610
1642 2233
1461 4058
1631 3346
45 426
2347 2414
76 1351
1604 2688
1275 3612
231 1184
752 2879
526 2625
1016 4010
1983 2656
81 2594
1480 1912
1515 4036
989 1775
21 826
790 2010
68 669
2297 2658
131 1874
2736 3557
1595 2939
1109 1415
2116 3537
62 2308
1714 3962
433 2267
794 1238
1327 4033
2658 3321
549 1990
979 4025
349 2488
574 3110
434 1622
2638 3804
1040 1792
1282 2158
1423 1644
1535 2906
1255 2958
1067 3640
984 2072
44 827
1995 2804
240 2477
1484 3699
2399 2625
457 1659
1316 3270
1436 1605
596 1893
356 1720
2423 2462
3668 3932
2301 3402
2571 3459
1366 1735
3599 3610
15 2411
1122 2996
903 2012
431 1116
2898 3830
1322 4082
1668 3338
875 1986
599 2574
1374 2731
2084 2783
252 1772
1889 3203
2499 3071
1678 3629
787 819
545 3586
1390 3788
3722 3861
973 1167
1751 2010
671 3028
1219 3465
1146 1788
1465 3875
1895 2058
86 2814
1904 2003
840 2805
563 2900
2465 2995
381 1317
3390 3693
1303 2566
2460 3295
72 2228
2700 3300
2993 3720
1418 4032
2245 3420
514 1386
1496 1798
292 2210
1258 1867
1857 3664
1155 3793
915 3655
3171 3994
1889 3810
398 1627
2326 3251
26 704
1630 3650
2276 3000
990 1241
860 2568
512 1011
1387 2199
951 3781
3247 3699
3263 3954
1444 1790
1073 2847
158 2071
220 3361
173 1609
338 1697
1712 3482
899 2398
1322 2197
1710 2553
779 2931
381 2135
2668 3872
2013 2796
388 1152
638 1119
699 2291
948 2994
1536 1787
1480 1914
203 3683
791 2779
913 2087
2476 3974
996 2549
936 3083
326 3701
1670 2404
1989 3737
883 2758
583 792
260 946
1721 1852
1443 2508
1351 1807
785 1476
2387 3797
2829 3656
3305 3635
1657 1822
1876 3168
1841 2637
2397 2688
2236 2791
392 3702
808 2163
1050 2934
3138 4066
1041 1397
2297 3190
105 1467
1755 3555
164 3642
776 813
2880 3838
402 3979
2043 2140
1079 2214
2873 3028
237 3659
1170 2956
2490 3089
1020 1192
713 1264
3075 3507
3104 3238
144 2235
986 1877
1275 1996
228 3774
1325 3417
2109 3988
220 2291
395 2874
1823 2792
1745 2972
1915 3143
2157 2667
2251 2420
2541 3934
546 624
1017 2110
278 2913
764 1934
3066 3785
1047 1875
141 1979
8 891
259 2816
1130 2097
1186 1300
1653 1706
1321 3834
1343 1671
1333 3177
764 1027
2208 2630
2462 3290
1032 1634
1288 2845
2202 3442
1266 2285
1109 2741
2746 3125
1347 3062
462 3743
980 3328
428 3423
1082 3058
2165 2972
1331 1681
1005 1354
940 3448
698 4084
2692 3703
1293 3047
1975 3185
177 3738
789 2034
939 2316
18 3977
671 2381
3104 3877
928 1680
1056 2428
2328 2740
2809 3619
784 2779
1140 1364
2751 3573
669 1540
991 2238
270 1863
837 1985
1438 3795
1348 3159
533 3952
2943 3732
1296 1653
376 2343
2121 4089
115 3440
1910 2206
2861 3182
2289 3605
852 1986
3200 3422
197 3908
409 1090
939 3257
688 2945
1656 2567
1271 2362
395 3556
2265 2809
1245 1526
2333 3515
2063 3042
3110 3499
1452 3314
1605 3300
437 2764
298 714
151 388
100 1195
547 3685
443 2470
933 3595
217 1694
1291 2387
372 572
201 3607
1522 2485
2272 4007
542 1100
625 2514
464 2459
467 3085
1894 3264
1781 2589
1529 3612
3152 3480
1032 2626
2283 2596
2915 3839
3564 3840
1903 2610
145 620
2126 2235
712 3218
1531 3718
2134 2708
1388 3197
27 3511
1156 1852
544 2278
2724 3320
1606 3044
843 3729
1329 2169
210 1137
447 2520
2045 3873
1323 3588
3321 3396
221 3603
2096 2447
2129 3265
697 3517
1652 3430
306 1778
764 2985
1290 4082
646 3588
202 3504
2082 4026
272 662
809 3559
1298 3852
308 1382
1134 1442
814 1971
99 2552
447 1835
1333 2710
2261 2354
439 3893
1288 2867
2030 3564
772 956
2377 3552
1723 2298
196 1884
660 2078
2116 2552
1414 3902
428 475
2213 2227
2303 3077
2853 3861
572 1224
30 1127
1911 2365
3156 3682
1562 3099
2475 2501
122 2750
813 1382
1315 3408
756 3701
2720 3857
303 3051
1466 3032
144 2781
90 3800
642 1508
1470 3620
566 1275
1155 1808
2246 3879
2496 4010
3888 3897
1451 2571
1546 3360
717 4043
541 3594
789 3279
1336 2459
1691 1884
1368 3889
2418 3084
252 2591
1593 3221
117 1010
1198 3355
1673 3840
346 2417
851 1104
82 586
703 3259
583 2296
1013 3842
1037 2363
1573 2635
3410 3970
306 2055
2536 2868
953 3824
1927 2539
568 3654
2156 2682
1856 2164
2396 3294
109 1322
646 3381
601 3830
1078 2404
82 1724
1463 3037
2403 2457
727 2420
1845 2399
512 2039
2452 2829
1474 2352
2473 4063
346 3191
588 3363
3126 3291
1240 3036
76 1807
2300 3145
143 3948
131 759
449 3803
148 3714
1323 3381
906 2154
661 814
528 971
744 2516
988 1457
1919 3272
358 1939
572 663
114 1736
1311 1770
871 3884
130 616
2106 2985
446 1092
1478 2414
2443 3354
1155 3520
947 2489
1044 4085
177 2191
3632 3817
2387 2621
481 1020
1587 1956
452 2411
945 3661
2037 3732
2420 3156
1162 2662
3092 3480
1393 2909
298 2683
3212 4027
1905 3635
593 3541
1523 4010
494 4039
764 3919
1612 1908
1973 3078
1010 2249
679 1822
721 3644
3447 3487
1650 3243
885 1344
113 3637
1032 1549
1308 3045
1767 1932
493 2572
2084 3340
660 1570
130 2350
2564 3075
3319 4088
1201 1302
463 3210
2725 2887
960 3665
1887 2105
737 3105
1983 2041
1356 2106
1278 1316
854 1423
1650 2316
1627 2630
144 1921
1740 4034
3032 3648
225 3808
697 1322
1247 3284
427 4088
2779 3610
21 3197
315 1746
2556 2763
1778 2055
412 2626
1367 2169
1771 1849
990 2016
299 3824
923 1939
2 1338
1575 3107
195 3227
1669 3873
3108 3993
1658 1877
1383 3485
2435 3942
405 630
3961 4017
2952 3711
2328 3455
448 795
3861 3882
1576 3116
2048 3366
356 3966
1072 1171
1092 1100
1076 2432
82 1369
1327 2699
1109 2658
860 3775
1389 3808
832 1467
2698 2724
38 4040
1168 1539
90 1112
2306 2833
696 1288
1041 4017
454 1700
1320 3317
3686 3971
725 3821
2748 3416
1238 2582
2251 3156
2413 3868
1405 3370
252 728
1005 2280
2113 3172
200 2843
71 540
2260 3114
464 3379
1175 1609
1234 1288
407 3203
400 635
1748 3294
2477 3200
2117 3992
3336 3912
2319 2985
727 1937
544 2619
17 1312
176 1724
1422 1693
671 2457
1257 1318
1033 2754
2025 3545
1315 1605
457 717
1884 2261
1063 2047
591 1273
1250 4037
375 671
2125 3152
78 3609
1370 1768
141 845
590 959
3461 3826
2574 3037
521 1998
385 2104
551 1059
1273 2797
2162 4085
1969 2825
482 1530
1049 1913
2183 2419
1569 2950
1321 3900
1301 4047
2372 2975
1392 3494
3218 3880
1210 3063
1924 2301
2851 3497
1910 2683
223 1851
127 317
1221 2523
578 3396
2933 4005
408 973
1478 3379
598 3364
1744 2556
1945 2078
3093 3975
1500 2124
1038 3738
1993 2983
441 2746
314 3143
3013 3935
37 1407
1038 3899
1673 3022
475 2019
1399 3489
1615 1702
105 3404
1550 3086
175 2818
1756 2149
3144 3975
162 681
13 607
1104 2568
1038 3745
2404 2956
3024 3396
786 3365
3059 3613
3036 3177
2881 3123
568 1884
277 1441
145 2372
1455 2773
15 3838
2793 3069
956 1098
1212 1982
1872 2632
430 1535
1293 3405
563 702
3103 3738
50 1332
280 3367
2387 2634
62 1419
1916 2815
2602 3193
743 870
948 2077
13 2876
788 1483
23 1531
987 2214
1161 4082
67 1867
1343 2058
230 2305
1597 3674
2098 3842
98 1463
2090 3456
1319 2218
3180 3831
1569 2156
1019 3936
608 3663
625 1513
786 1355
2421 2749
426 2269
3212 3431
2784 3520
597 2096
2359 3185
1210 2706
1439 3354
81 3939
227 3976
684 2274
410 2822
2475 2724
971 1255
1977 3828
2207 3224
2626 4046
302 2393
939 2046
805 4039
299 2644
990 2683
3614 3777
2634 3129
517 2363
1665 2579
14 1417
638 3871
202 3327
2795 3069
785 3708
1168 3162
524 3488
2253 3351
2194 2481
169 4018
1130 3111
1842 2754
385 2765
115 3760
2040 3248
3999 4045
1201 2719
275 2662
1220 3791
86 2451
1145 2916
1167 2841
1991 3043
1733 2504
3186 3959
1569 4082
2488 3837
592 3913
795 3808
605 1882
403 3953
236 1436
3547 3585
1526 3586
1904 3281
3405 3955
1307 1335
135 1567
1580 1635
2485 3913
2412 3649
1879 3409
701 1353
2037 2865
229 1205
2686 3155
743 2969
1093 3068
63 3059
604 3570
1807 2802
1339 1496
2866 3656
2809 3545
1318 2433
105 474
1248 1623
2835 3166
842 997
218 668
1963 3120
2895 2910
472 2194
682 1683
1602 3480
612 1791
3261 3407
1288 3213
1683 3655
48 965
3006 3264
3815 3892
1176 2746
2130 3953
1960 2318
2268 3821
2384 3927
2366 3908
3263 3668
2582 2799
2978 3335
3557 3815
1744 3123
888 3083
2195 3669
1379 3322
1415 2456
1699 1744
1400 3171
329 2787
1631 3842
462 1144
2623 2819
1512 3723
313 4066
721 3962
2061 2914
171 2768
127 1588
862 2643
350 642
2336 3372
736 1532
1271 3117
3378 3856
2128 3128
3452 3995
3118 3437
387 1862
2939 3751
2142 3612
2442 3997
528 3520
1427 2714
767 3181
2765 2944
1265 3534
1405 2798
2375 3381
2824 3465
1199 2156
695 3520
63 3350
1810 2796
3353 3536
2405 2691
181 4033
1777 2810
474 1889
1685 2849
373 2950
2570 3082
2296 3415
3750 3838
1492 2819
2831 3694
1093 1299
1237 3608
512 1776
3086 3272
1877 2083
15 729
2140 2847
865 3942
1880 2054
556 678
2675 3143
451 1766
107 679
1573 3756
844 2990
1501 2180
608 2603
761 1508
1615 3490
1299 3055
864 2425
410 3872
1879 2614
2140 3763
543 1845
1427 2175
190 276
3733 4058
2290 3194
1017 1242
575 1530
70 2749
671 1127
2 126
1186 3249
748 1845
1920 2308
54 2936
1392 3793
3210 3430
731 1641
1275 3972
872 885
2685 3286
1637 2343
1687 2484
1730 2460
563 1698
1327 2379
3410 4063
247 2496
652 3236
234 2886
1849 3345
3175 3511
45 2269
1327 1457
1078 1660
529 3010
88 213
570 1805
209 466
1794 3278
3016 3339
979 1320
1643 2654
1782 2286
557 1730
919 1844
1378 3397
1960 2616
2854 3220
625 3596
696 1023
242 461
156 1397
1667 1697
300 3892
323 3103
134 3089
539 1509
2511 2745
2122 3372
1948 2546
192 1829
1156 3477
717 1229
345 1478
2092 2114
535 3435
85 2004
2828 3535
623 3071
1689 3221
496 1927
1182 2963
1102 2316
565 761
885 1166
3448 3812
2561 3964
1027 3320
541 2884
1441 1882
2789 2807
2235 3854
947 3550
1513 3448
216 3596
401 3623
692 3939
681 3883
984 3457
2074 2749
1249 2553
360 2778
1233 2732
3393 3996
3158 3994
2470 3935
1064 1639
1416 2470
2243 3790
621 1878
2126 3854
1768 2223
515 3171
3123 3142
1841 3540
2127 2598
2685 3879
2810 3615
1640 4001
656 3605
2851 3771
640 1457
198 459
3001 3569
1209 2319
694 1517
141 2145
1358 3806
2755 3001
1936 2478
20 1903
1946 2039
714 2683
2390 3773
2314 3965
2319 3001
3251 3596
3773 4042
559 3889
145 260
781 2474
1401 2775
717 2050
2721 3934
855 3134
715 3444
680 937
1507 2200
3329 3773
1186 3007
2048 2792
1153 3136
966 3864
1033 3570
62 2948
135 1007
1206 3373
1767 2063
1940 2276
893 2555
75 644
322 2871
855 3024
1805 2807
802 936
1818 2822
2480 3193
1546 2108
1911 2622
2577 2710
289 3273
1810 3870
1653 3132
1270 3208
2771 3029
2046 3257
1024 2348
3094 3228
491 956
2529 2688
722 2610
868 2054
502 1916
538 2898
1880 3163
2110 2358
1361 2058
1653 3143
1217 1588
1035 3952
67 686
171 3296
265 520
929 1284
3479 3620
1109 2194
1419 2223
75 3308
2114 2461
1599 3551
223 1740
1287 3102
838 2403
1511 2705
672 3752
129 3411
967 1492
160 1485
2309 3932
1470 3617
1804 2416
1005 4074
2166 2985
2577 2941
361 2518
3866 4028
306 2324
679 3458
742 2040
1475 2966
83 2064
835 1074
2722 3656
810 2772
1712 3423
1511 1727
191 2435
40 3394
126 274
2535 3402
1051 1535
279 3396
1686 3738
1433 3526
481 1192
2784 3780
4 3391
79 1205
692 1218
511 2393
211 1050
1880 3776
2962 3286
250 3846
575 1208
2494 3252
411 1880
1866 3574
3430 3482
1011 2306
3081 3183
1586 4024
1216 1591
881 2417
212 3632
1031 3679
1623 3017
719 3540
3138 3961
1024 2081
812 912
1208 2300
1315 2819
2585 2838
44 1391
1316 1880
1439 3840
1041 3490
2479 2824
1010 1493
1768 2679
110 1327
750 1739
3101 3960
2322 3820
2894 3017
1998 2628
1605 3441
2411 3684
3065 3743
1796 3139
1077 2333
2419 3080
42 260
117 3459
677 3115
1226 3751
2619 3098
649 3018
614 3224
2904 3572
302 1044
836 1427
1684 2185
3237 3713
168 328
952 2366
61 3929
431 3886
401 4068
300 3557
177 1313
932 3420
65 2949
2115 2529
928 2514
1773 3683
3637 3884
433 3958
3113 3541
1148 4023
536 1142
3921 4086
1258 2408
3174 3385
1250 3760
873 3957
557 633
691 3452
561 3635
1404 3908
653 3794
675 3550
3201 4060
827 2404
720 2568
2457 3858
434 1950
1904 1917
602 687
382 3968
173 3921
2296 2850
1728 3676
813 1552
680 2513
21 3264
209 1284
2264 3194
1319 3106
3047 3133
1876 3472
1124 1688
2316 3804
1849 2514
402 2565
387 2969
948 1779
2113 3468
1468 1895
1910 2466
948 1889
64 1775
1050 2700
68 3435
1865 3639
1471 1481
166 2524
320 965
1333 1486
2570 3542
339 3162
1748 3384
254 2231
570 3262
3516 3573
1146 4069
922 3178
1871 3663
922 1164
1559 3664
96 1758
1636 2536
1593 2184
1380 3377
277 1855
2700 3612
1331 3348
2866 3749
1405 1935
1230 2920
931 2559
886 3088
706 2956
2148 3975
61 3976
1699 1727
103 1034
3255 3334
1070 3093
308 2697
31 730
2370 3029
2492 3269
1801 1947
1603 1717
1430 3448
1730 3295
1742 2007
817 3239
2018 4073
407 1889
1562 2855
3322 3551
862 3066
650 3419
24 2436
2212 2228
129 3086
163 1877
1678 3240
1288 3666
1041 3961
1579 3670
2645 3438
2666 4054
1938 3716
709 882
822 3390
257 1977
1398 3196
2444 3323
570 672
609 2436
2012 3308
2838 4018
2426 2979
2684 3664
460 924
2405 3865
1199 3026
1168 2795
1280 2634
802 1493
1823 3508
1582 2514
1559 2127
1518 3308
2653 2990
1286 2843
460 2429
3610 4049
914 1934
426 1190
1799 2159
928 1582
2465 3590
555 2565
898 2655
175 1682
585 4030
1267 1654
2671 3358
1068 3302
74 1273
285 814
3618 3843
630 3115
127 1410
2983 3260
2089 2274
1536 4020
103 667
2408 4026
2365 4093
1719 1867
30 2889
2727 3343
1974 3015
2197 3732
316 1790
752 3462
611 2334
20 722
698 2570
3060 4005
1448 3971
857 3029
1541 2271
656 3440
2294 2406
154 1057
3896 3975
3341 3955
2750 3767
1886 3126
3280 3561
1880 3656
2800 3242
361 909
2002 3830
1505 2830
252 2244
164 2536
1506 2054
2045 2534
291 3749
528 837
1561 3879
1437 4007
2947 3929
2139 3732
2016 3748
1713 2900
453 1437
2152 2592
882 3591
30 767
2062 3344
1786 2782
2064 3246
1305 2858
525 949
1828 3913
2914 3473
2317 3435
194 3173
1101 1574
3874 4056
486 2496
162 1500
2224 3703
19 185
487 942
526 2399
877 2999
527 1445
401 1603
1244 1768
2404 2665
367 1346
1214 3915
2940 3626
1534 2741
98 1610
385 1949
2186 3380
248 4063
1768 2690
251 2471
2446 3556
779 890
799 3672
981 2905
111 1132
2750 3772
1956 2361
127 2395
1336 3033
3462 4022
489 2074
1705 2695
1796 1919
271 2827
687 823
1789 2127
1239 1835
1748 4000
2907 2932
3089 3863
664 1761
921 1074
1301 4092
102 1732
2924 3115
150 2133
422 2078
80 2873
370 2194
97 1768
2 274
1730 4074
951 2725
274 2139
2035 2876
1645 2112
1686 2056
814 1091
1886 3291
1575 2931
789 3950
3656 3813
1852 3860
1301 2220
238 3507
945 2509
478 1078
705 983
1501 2408
96 1013
852 875
290 4001
3664 3975
1741 3113
583 3641
2694 2703
119 2424
926 3243
104 1680
3825 3864
645 1125
149 3532
1324 2900
636 3378
2636 3608
3732 3785
2182 3601
1679 3310
1149 3769
1052 1923
278 1337
1710 2305
760 3900
107 1822
2131 2155
2235 3321
4 3067
61 2229
1435 3147
1434 1905
3938 3952
2438 3466
964 1718
1104 3675
2133 3349
760 1347
3472 4056
1915 2675
642 2617
2709 4069
625 3251
912 3842
848 2786
1087 3888
1365 3581
432 2329
1767 1812
1538 3794
1026 4000
529 2352
2079 2304
938 2430
905 3833
2309 3355
2644 3762
1147 3266
127 3372
2521 3317
531 2908
1316 3933
2512 3234
563 2932
2388 3443
1587 3152
1894 3197
2951 4070
182 3306
1834 3000
1000 3294
29 2263
1143 2553
498 3905
827 2136
425 3403
65 2913
305 3953
3989 4057
136 684
7 1259
406 449
466 4071
410 3692
383 883
429 2315
3859 4035
419 3387
768 3647
2146 4018
2489 2999
1891 3869
286 1848
2385 2514
2726 3225
2366 3383
1422 3628
3206 3525
1060 3433
2768 3859
171 4035
690 3511
421 3697
890 2133
186 1241
2365 2432
60 3849
749 1789
116 169
109 1896
72 639
2042 3406
1217 2302
3101 3231
170 2522
247 1870
634 1768
1458 2086
894 1999
2318 3610
2125 3432
638 4082
1804 3187
241 501
1605 3489
1701 2262
385 3504
484 2306
1019 3619
1300 1865
1002 3800
774 1220
827 869
1909 3231
93 3656
2356 2954
464 1336
1969 2919
1730 2339
760 1586
1653 3628
693 1449
1861 3244
3044 3535
458 2928
506 2319
92 3901
20 3435
1061 1446
1391 2121
1606 2791
2210 3649
1130 3127
232 896
365 626
1941 2588
3195 3426
511 2562
2317 2986
2268 3708
2526 2893
678 2405
851 2918
3658 3828
729 3423
3052 3362
666 2163
2442 2644
2323 3579
80 2730
1578 1979
1123 2341
1401 3656
644 980
2492 3301
1295 1414
1620 3405
182 2334
924 1971
196 3546
3351 3739
2202 3021
598 3276
606 2971
455 3823
2805 3384
769 834
888 2871
428 717
829 2629
1364 2542
419 3313
689 779
3381 3428
1898 4006
1888 3889
2170 3008
1254 2049
140 1512
1648 3533
438 3374
3475 4064
3205 3889
1075 3154
404 3669
1219 2376
1521 2923
1058 1893
1293 1548
590 1556
2927 3183
1375 3881
1299 1715
138 843
552 2139
765 1884
771 3338
8 353
2362 3774
2561 3125
2032 2755
25 3054
137 1017
579 2181
2908 2934
1344 3821
200 825
836 2749
2538 2946
102 3679
2274 3399
1892 3013
260 1141
1571 1974
656 1607
469 2311
1873 3217
123 649
631 3533
1941 3840
