13623 6817
7695 9277
2304 2727
8449 10403
4857 9841
10935 13551
4584 5236
6958 8193
2764 13240
11773 11825
4088 6318
6715 7835
8058 12901
2019 7765
3209 9788
4161 6409
7831 10332
3817 4780
6236 10892
3235 8551
1573 8188
319 420
4229 11935
11540 11922
2375 3121
5135 9127
1336 3419
5269 13509
9055 10901
1137 2129
2830 11479
682 12187
5860 12964
884 6484
8993 10390
6736 12162
7216 12640
5993 7248
7843 11373
2377 8835
7661 9607
1867 6892
9881 10271
4862 6078
3146 12115
3223 7717
10146 10285
1974 3075
3440 9067
263 11947
6407 13346
6031 9196
7892 9811
3172 7982
1242 13069
5557 8503
1492 6057
405 6812
9846 12317
2978 7906
6692 12063
255 9122
5730 9258
5531 7871
7247 7483
7230 12222
153 13204
3929 13341
501 8970
6693 10355
8493 12701
23 176
11280 12690
2312 11104
3942 7786
3223 11944
3764 7118
3924 5627
4634 9985
1689 12816
2050 13282
8225 8982
2840 12817
905 11877
6991 13108
3329 6023
589 5732
7102 10390
7270 10136
5630 10989
1269 2299
12436 12827
598 3362
3701 7317
5468 7668
7209 8127
4300 7503
4442 5245
2089 4215
3910 11691
9507 12587
8589 11393
1668 9158
1495 3887
1984 5404
3 2871
11851 12781
1685 10448
2136 13500
8814 9316
8819 9600
1711 9306
3959 11666
4681 6051
4276 8918
8147 9285
8503 11902
10250 12736
779 10272
9060 11218
9957 12626
9061 11804
6754 12045
2732 6805
348 2400
3058 9424
5957 8569
2450 12762
6164 10280
7976 11813
5913 10111
2537 6946
962 12830
9179 10556
6141 10315
8642 9442
924 11770
6147 10630
6058 11884
8471 8939
3158 7266
9093 10165
1818 13055
968 7338
4293 10514
6371 10346
4598 7204
11781 12368
9206 11868
7112 11084
2839 5986
3076 6044
191 11928
1175 5805
4536 7509
453 9410
9987 13396
9421 9892
1104 8432
2727 6105
11357 12518
4943 7662
4290 7714
1714 5127
6621 8323
5997 8261
2012 5886
2756 9348
8853 12335
8103 9379
1132 8529
5815 9295
1920 4512
7905 10364
5330 6728
4998 8606
1638 4173
406 8553
6104 8068
4037 8991
341 2480
3778 8832
5988 10172
7431 9653
10797 12010
5730 7929
381 7070
6127 12302
5612 10095
6027 7802
825 2836
5140 7773
549 5583
12952 13266
8241 12537
2765 13513
1096 13229
7623 9071
2789 2974
10141 12967
2619 11400
10254 10525
5199 12909
908 5447
411 4977
2670 11092
2617 3909
7701 9287
3904 4106
1872 5884
6319 7848
10117 12075
5248 7225
5577 7236
1002 4450
1925 12559
4090 12782
5750 9579
5542 9126
4927 8529
1054 9193
1659 11429
8154 10052
968 11228
5040 10714
1705 8284
4545 9737
686 6550
3548 6552
3392 10839
1912 8609
5621 7184
1403 13059
7652 8980
2471 10236
2993 4062
5456 6002
4432 10768
2065 3881
386 7588
2047 11753
5315 11125
6833 9334
134 13464
6899 12585
2103 2838
7473 11039
938 6289
734 7113
4735 8239
2279 8792
3006 11884
9044 12882
6748 8694
1092 12649
592 10812
4137 4669
3256 12558
3141 9895
1594 3631
10513 11871
1416 3696
4554 8990
2783 10847
2266 12815
251 7622
1735 9495
800 9476
8915 12885
7316 10356
2404 2750
775 7841
1971 3164
4472 9863
6057 13328
1751 6794
8985 9929
11078 11147
3621 11346
1526 8459
748 12636
3215 7088
232 10268
7687 10360
2267 3232
569 9138
4110 5485
19 6864
3555 5209
4686 10533
2062 6526
10934 13092
3502 4019
3081 4356
1553 6811
5976 9451
1013 12525
5498 6632
2422 3004
712 10882
5486 8562
7397 12773
7423 12614
1708 3253
1573 4103
12263 13209
3741 12749
827 11792
2981 3662
839 6201
894 3399
8811 10887
9451 9664
407 10686
206 13409
5076 6836
5095 6144
5095 11386
1860 11597
2842 9953
11345 11819
5121 7771
10828 10845
11008 12247
6811 9261
8112 11930
9196 10246
3744 10451
1775 4144
8639 10261
4049 6838
7393 9688
1063 11667
8409 9912
6920 10435
984 5336
1396 4245
1057 12834
10370 11603
5626 6604
1039 10015
5978 7288
10438 11452
7158 10935
1042 13393
767 7494
8520 13372
9489 12341
3433 4723
3216 12321
5502 8291
1230 5753
1651 10416
799 2355
2086 13243
6244 6499
9005 10640
5075 9572
30 9503
8386 10366
11502 13285
2847 9298
1951 8122
8234 9081
4496 12043
2390 7481
3339 4414
2012 6979
6952 9207
5566 11798
6774 9792
254 8573
7123 9022
4353 4705
12449 12717
4663 9466
2675 4327
4450 13588
1213 10539
4338 10235
9485 12180
5078 6930
3332 7880
527 7997
7577 8144
4631 12588
4912 6325
8228 10800
442 12149
8704 10466
432 6966
8103 11284
3520 8679
7787 10033
943 5576
2039 11418
4667 10901
6652 10521
3010 13004
1051 2862
3377 10772
3419 4126
8353 9213
5594 5599
8448 12187
8279 13419
2801 4946
5416 8083
6638 9571
9616 11682
332 6316
4698 13053
3559 12336
1165 10900
1586 8753
1808 12792
988 3936
9619 10242
9132 11551
7880 9357
3744 4616
4888 6246
8921 13175
3328 11831
5540 7115
1279 12630
1271 9927
4922 9037
3095 7996
202 5285
5964 7064
12205 13378
5225 11506
7240 11371
8934 9383
9090 13561
1268 12483
454 6538
6756 11626
1455 8518
8135 13461
2421 3528
4920 6585
532 2581
5401 11367
6348 13522
7471 12778
8945 12288
6807 9162
8834 11373
366 2409
2559 7804
1159 1628
3461 12095
4870 12548
1046 5473
75 13376
6606 12787
2452 8224
521 999
8500 9847
858 7609
7625 10481
4024 12666
6609 10906
222 1959
12060 13497
7139 9152
4793 13229
571 3457
6880 7396
909 8890
1312 6194
1755 10941
4944 13430
9358 11336
2950 7412
4916 10559
3341 10999
8138 11529
2163 5463
11120 12979
3490 3633
5708 13259
5309 12987
2897 8336
2959 5056
5236 5394
660 2020
2856 9399
1300 12421
2209 9352
2667 7790
4139 7495
11712 12582
7005 9585
8238 9505
3816 5868
6033 6905
8815 11150
11644 13280
3063 3847
5965 7896
5541 7755
756 1609
2076 8179
2148 2405
10852 11903
4701 8186
1626 10691
4266 4689
3659 4911
605 9046
6157 8481
253 7927
283 3888
6913 12510
2494 5885
5033 8701
9733 10499
12477 12818
2394 4066
9692 10803
1229 3731
4156 7275
12380 12857
4787 5258
4027 6520
3973 10205
1495 9573
3647 7868
81 1360
7969 9966
6734 10726
3686 12877
10753 11588
1902 3383
4315 12591
3813 5777
6657 11553
2090 8399
1318 6719
6180 9880
740 5532
10231 11473
7463 11487
1598 12446
9427 10527
1361 6157
705 9207
5797 12488
3026 12956
3006 5117
12144 12573
5710 10926
1164 7497
2123 4267
1224 6901
7894 8585
2305 2505
7903 8388
7016 13360
3375 5758
2831 3085
3111 8469
3138 5407
3318 4091
625 5940
11658 12535
4546 6577
4526 10778
3817 6080
47 5473
1781 12166
224 2067
9583 11233
6217 12515
9062 10568
719 5042
2529 7295
2725 4901
7392 9900
334 4264
572 10947
7344 12035
7735 8514
2121 10189
1384 10833
10416 12124
1062 2805
7077 9597
3737 10752
248 1117
8626 10832
706 13163
4680 9588
4590 9267
2250 5089
3926 7864
4820 7574
6351 13095
747 5462
533 12185
78 9594
7917 10938
4867 8532
2170 7075
2805 11108
4182 9412
11417 11656
5090 5148
3151 8652
2947 5431
3234 3818
933 9329
4044 13047
7165 13083
10433 12613
8857 10014
236 6096
997 13041
4256 8342
2585 4025
4748 6166
6909 13532
624 11584
1113 9545
7441 12324
8666 12173
3674 12804
4274 5569
3311 3436
1029 7534
7158 11657
10645 13165
8945 10022
5901 7523
3677 7318
6191 9155
2609 8625
9 8797
77 1368
1273 1863
6052 9100
5605 6678
2320 4839
1026 12649
6178 13089
2928 5516
10512 12142
3120 11783
1044 12740
2055 11989
118 4220
5357 11747
8271 9970
132 9388
6387 12744
865 1149
3299 3668
9111 10701
826 11628
7090 13180
8209 10493
1799 11607
1423 4067
7934 11364
7678 12149
9979 12797
1464 10227
2226 8380
2203 13401
9741 10763
6639 12401
3676 10547
1972 8586
1415 4205
10818 11370
94 2674
4405 10044
2684 7826
1050 8387
7066 9191
1746 12687
3497 6015
1361 7321
4117 7810
887 3422
8141 12577
9059 9620
4841 7134
6932 12503
1030 7632
12901 13220
36 2486
1714 5560
2183 8780
2424 2848
4358 9188
6678 10454
3820 9581
4016 10503
2322 7321
6584 9195
8446 11074
228 10324
9385 12928
713 8504
2998 6559
7303 9047
2959 8828
2852 12786
7664 9945
7219 12433
7209 9748
5053 11624
1178 3370
1518 3239
2984 10386
4209 5719
8573 11086
8897 8930
3195 4474
10189 10703
1100 8299
8919 9976
6739 12239
5992 8255
1423 6199
2966 13212
192 9924
4150 4462
4911 12916
1344 1591
7560 13240
9327 10780
2309 8665
367 1376
11960 12813
3100 8821
3720 8477
2570 8251
2516 2907
7135 10000
1435 8863
10257 10955
4093 4910
299 13038
5267 6413
2699 3933
4048 5313
5415 11070
9181 10204
5858 12172
4577 5001
3181 11113
3651 13072
2988 8268
2670 2970
11385 13046
5163 7888
10979 13423
4537 8396
4349 12703
5983 7456
3671 6750
673 8327
4509 9587
4594 11671
446 1525
6554 10717
3692 12573
4735 11502
2464 7121
2223 6492
4313 8986
1245 6314
7854 11780
6553 8248
7440 8153
5780 11355
2420 8151
1621 12074
10879 13150
7602 10450
1061 10517
6319 11437
1571 2360
8524 11468
3978 10290
5218 8372
6441 7260
10113 13232
6535 9560
2868 9058
9831 13507
5864 6810
2698 5533
7527 12722
5645 8678
7894 11704
7643 11169
287 5450
3352 6227
8032 11956
1090 11708
3783 5443
808 4826
2619 6068
3366 12527
1274 10197
8177 12217
7555 9669
2274 3333
4281 10875
1896 3005
3855 5773
4704 11912
7278 9570
2031 8565
2082 12575
10138 10287
215 995
1994 11344
1422 4630
4829 6275
1086 6055
1214 12682
4635 7704
9473 13581
3598 8398
163 8506
2295 5934
2687 5376
4799 9984
7841 12905
5256 8128
3204 9005
496 11584
4662 7492
658 7019
10315 12781
1710 11181
9156 9284
4112 8232
2631 4223
7181 9996
7958 13403
7116 7715
1496 13033
8882 11211
8770 10396
945 11797
6230 6539
1292 1949
4965 7918
3660 8657
9114 10325
1807 6857
2663 4020
4746 10006
6522 9387
1976 4319
1391 6349
539 12681
1637 10098
5025 6054
4127 5690
3745 6304
2237 4180
750 4063
4307 10589
790 13478
1388 4996
3736 8839
2724 4716
1565 13496
2048 5651
3252 9303
5187 8704
6955 7690
4397 13214
1890 12289
9116 9361
1687 8686
4288 7264
5239 12798
688 7947
1353 1518
10202 13474
2431 10316
65 8412
2120 6868
956 2029
1881 5932
614 11732
8221 10676
4510 7743
840 1507
3652 10405
1107 2040
6792 8888
4469 7040
6150 10031
6294 13455
8130 13439
5317 11255
7764 11022
4683 6463
10697 10843
7146 11604
2490 3833
5099 11411
5147 11802
4719 8441
558 9936
6262 12427
13138 13169
9299 11210
3270 11339
2196 3548
10860 12071
2382 3750
6478 7891
1611 9460
1234 2594
1856 9853
1444 5686
3537 7246
2572 10487
10680 11078
11697 12517
741 5048
6869 8080
1928 12903
3895 4623
11791 12210
11419 11756
1209 5437
5145 10381
6352 10740
2785 5477
11568 12731
1718 3845
3824 8688
5050 8263
2281 3180
4568 11461
408 11292
83 11138
2168 11030
1384 12409
641 2928
5539 6261
6749 9752
7486 10202
4655 9530
825 3757
10857 11311
2842 6900
6174 7460
3170 13148
858 2415
5214 12294
1842 13032
2965 13310
10030 11350
4705 11862
7161 9610
3097 11455
11997 12353
11081 11279
2037 12056
1371 4125
6101 11280
978 4932
462 10962
792 2909
535 12116
2530 5445
3550 8207
1089 1625
1579 9790
3759 10639
699 7441
3542 6343
2101 4671
819 2031
4224 8761
1290 4100
1496 3988
5327 7693
3627 10911
3156 7860
6479 13132
178 7475
2157 2165
8611 9037
691 3610
5288 10208
6290 6617
1588 4239
6574 8226
9380 11176
5963 9677
292 7808
3153 10235
1413 8591
1374 9266
5825 11369
2006 4051
3329 5307
1121 11868
10187 12647
1702 8675
2678 4402
7060 10397
11827 12159
4716 12895
2446 2503
11724 13135
2483 12824
581 4159
7626 11332
10056 11602
684 3802
9166 11616
9011 13329
4287 9626
4738 5595
3428 9066
4206 4606
141 12002
351 3104
395 6273
7692 11054
7061 11858
3055 8040
8244 9694
2314 11856
8168 10634
2680 7525
3922 6598
1259 11200
4431 8813
7290 13420
2816 8552
755 2022
6368 10789
12186 12274
532 2800
6598 11572
2769 3145
6248 6558
8129 11645
7865 8226
7315 9033
1390 3508
4471 4913
2007 12877
475 5656
3807 6965
13219 13383
669 9260
537 3462
4524 9422
1602 5468
4951 10065
3797 10239
4021 8434
5536 8131
7806 8314
4822 7057
566 12043
272 8509
1825 10478
2812 9312
3917 4201
4748 8892
1409 1832
1168 1217
6720 7535
9933 10062
379 11224
5981 9767
132 9716
6428 9714
934 11486
68 452
4171 9378
7750 12127
11910 11913
659 11071
1834 6612
5537 8653
4061 4798
4428 6964
2264 9608
8170 11643
2183 8734
9919 13182
8027 9549
346 10660
2448 9088
5046 8354
2888 11058
5331 6897
10486 12891
3836 10899
2925 13243
2032 10521
4980 6669
2566 8949
6274 12443
5799 6913
4867 8316
4633 7476
2452 2740
5464 9588
11103 13272
542 12028
4468 6316
121 2545
625 10240
9157 9514
12700 13374
9269 10545
1000 12831
7450 9889
2391 10478
1088 5414
3464 10636
1757 11968
1629 9897
7581 8377
2389 6317
9661 12194
415 440
8076 8322
7382 7810
10790 13445
6286 12796
5093 10476
8634 13026
8390 9548
2054 4448
9168 13473
267 1143
4392 10001
6689 11988
1231 11845
1620 6487
4121 5546
9522 9866
5461 8762
3404 11598
2132 12921
2049 11721
2645 3526
4507 12176
4004 9628
852 3111
11786 13247
11506 12691
3967 10082
2602 12628
9149 10910
1146 8505
1523 6109
4224 4656
3142 11586
3307 10030
118 3756
343 10557
667 13612
6230 11281
2878 5937
4178 9919
879 12611
8646 12968
2767 13438
1018 9926
661 9104
3360 3478
1195 6727
4584 8810
677 7809
394 6686
9241 11605
7962 11937
7542 8917
5809 12785
9891 11888
716 11475
4877 11877
2097 9293
3770 13589
1023 6162
1569 10176
7422 7941
9816 11340
1567 8164
4718 12544
1488 3373
7092 9532
5896 9567
4388 7763
3745 6663
928 6247
11841 12346
2811 10166
8959 11157
1698 10802
15 6158
2940 8913
7520 8960
7135 11477
5284 7464
1136 8146
2159 2860
9231 11245
1069 12162
1730 8445
9008 11031
7621 11903
1133 9488
8068 12969
1757 13469
3763 7404
6707 11555
393 9995
3699 12098
4738 8319
7351 9609
8714 12408
1267 7711
8813 11121
2581 4038
1048 12771
5474 9967
280 3016
10519 10770
2462 2690
1677 11421
883 3042
6974 8075
3249 13002
10994 12506
4754 9680
7443 10737
2469 2953
4464 5975
475 1431
8414 9665
12318 13398
9326 11173
3664 8671
1520 4733
7992 9411
8362 9945
1426 8707
6112 11068
4493 13040
8943 11384
1310 2051
1364 9538
3961 4184
3471 10126
8708 11261
1698 11086
4517 9046
498 6160
5646 11017
3485 13143
1443 9841
5213 10939
3420 9056
544 12605
8439 9851
4780 6691
5516 9532
3435 11517
8174 10206
8613 11183
2693 5322
6402 8603
1192 8788
8160 10834
2797 3912
6155 12258
5405 12658
2654 12859
2734 4539
2904 6969
9704 11441
3928 9419
2926 5830
617 9674
8669 9734
1861 3618
9640 9822
11997 12849
8253 9170
661 2352
2075 11969
5361 10070
2702 3034
3303 9372
6357 7325
7128 8427
5725 13000
10552 12491
10919 13408
170 10367
9652 9691
10848 11823
1782 13037
2290 10026
1287 5492
1353 9367
6414 9512
35 652
5907 13266
1872 10371
1230 11232
3889 7251
1678 9103
1644 10188
1276 9002
10197 12044
4330 11684
266 12236
1644 9521
760 3706
3773 13584
4579 8548
151 7094
880 6486
1387 13134
2179 13334
664 5436
9267 10736
1470 10978
3051 10023
1126 7699
4289 13571
1270 10421
9708 10320
7654 9424
7729 10815
7285 11269
5182 11625
930 5566
3152 3989
900 10893
4742 10988
923 4990
9697 13602
3354 8197
457 3808
5263 5359
11782 12227
10599 11703
3281 11867
4199 5747
10915 13400
2193 6299
1906 12887
8759 11196
10047 12371
8575 8940
7921 10195
7529 8665
4394 13495
639 6422
7753 9623
12735 12796
574 6494
2696 7168
3601 12600
11484 11983
11794 13454
2850 11577
235 3108
1486 11102
4306 8258
9375 11725
1380 13182
9167 9326
422 12835
1908 6910
964 7162
3508 11240
2306 10569
5335 5634
6861 11406
10544 10956
6958 11391
6224 7552
2513 11651
824 8346
9246 9709
4108 6677
6412 10393
6588 9749
5835 7357
2351 7858
2820 11288
689 8588
443 10314
6572 13307
11970 13224
456 2395
6956 13585
3611 7529
3843 4831
4612 4731
3561 3887
11112 13471
642 6698
4679 4774
1187 1471
5383 7542
841 4847
2629 5828
6009 13586
4918 11146
9905 12020
990 5203
1189 1437
1428 3353
4270 6465
8116 11160
5481 13258
4709 12426
34 4833
9433 13583
3738 4390
3562 7482
4727 12453
5591 6384
4486 13264
8262 9928
94 5801
213 6655
795 7777
2408 7405
9962 12077
519 9565
6643 12525
2332 11667
96 6277
4087 8952
5041 10394
13536 13550
3665 11685
2136 12986
441 11320
2642 6168
4181 12265
9407 11436
5046 6089
2467 4003
4456 11821
6566 11866
1038 8742
8164 9605
655 11129
5204 8856
2360 2650
5745 13270
1744 11330
7712 11093
1447 11109
1418 8277
4149 6883
3360 8636
2999 9810
6753 11564
9273 11097
8618 10221
1795 3075
2134 6659
2803 12806
10529 11391
5291 5657
5631 11470
3129 6602
5042 10338
4437 5708
3065 13448
148 475
8633 9911
549 10827
8941 12466
5125 9439
107 437
3243 6693
9794 10971
2899 11981
8652 11561
2881 11457
3649 4233
3326 3867
24 2515
4947 5942
10 1278
7866 9471
10165 11569
160 7874
312 3754
3535 12212
833 8357
920 2943
12632 13517
6761 13249
2065 5154
3571 11941
4208 11799
4643 5941
3894 4167
4962 6571
8858 11345
2337 6771
8106 10126
2445 4406
9786 12278
3523 6854
1777 2127
6796 10119
4505 11290
1848 9464
349 895
3804 4148
5439 10574
6098 8071
3812 11303
5417 9738
5847 13368
209 11640
7086 13248
565 2361
10939 13140
10570 11128
1171 6364
5752 6165
5117 9962
3119 5450
3019 8908
2290 12900
9804 12323
3995 7220
8406 10734
816 12308
12530 12837
11429 11539
5427 10890
4897 8197
3932 6967
2887 8073
3840 8884
1389 2395
9890 11155
5025 13113
4710 7076
2712 4933
5454 12754
8741 10382
3714 6231
874 3558
4407 7686
6775 11009
7487 13040
1788 4444
3693 4020
10961 13352
10118 11018
3138 3942
2478 3570
925 10522
1150 5395
5809 12443
1469 8345
9510 11182
3536 5679
5274 12133
4158 12872
686 6594
4651 10766
6097 7365
1826 7083
22 3906
3405 11002
1656 13501
1003 7834
5888 8043
3692 8758
10122 10631
2766 13197
3573 12735
6182 7055
3761 5584
3756 12469
2892 12644
392 1119
3378 12991
2374 8169
1110 11329
1225 9951
1679 5899
28 10205
7956 11557
4473 10899
977 3438
7585 13372
382 4925
3813 6761
2623 2682
3385 12930
8277 8590
10211 13605
1798 6846
297 7227
1562 10307
1183 7222
6115 8495
1470 6950
4098 13514
6545 8946
7122 12924
5220 8485
2209 9820
13006 13200
4152 11004
10210 13111
1042 7611
107 1563
6569 13029
7268 10221
9368 10949
2238 12690
5930 12340
885 4804
981 10784
2799 12754
1921 11662
2377 10943
4339 5217
9051 10113
11434 12208
352 10398
3021 13192
1603 4402
332 12418
4825 12456
8793 10655
727 9365
12807 13399
8820 11965
4122 13470
1434 11144
245 9952
528 4216
2337 4134
5346 8504
733 11995
12082 12760
6181 11007
3440 13126
641 1962
5683 8763
5174 9546
5426 7779
7591 8401
1845 11394
3336 4128
1298 12465
2845 4080
642 5639
4711 13225
11262 13101
6561 8913
2595 8989
2310 6365
5301 7206
9905 10375
4828 8829
2576 6248
4950 8907
2508 9360
12083 13499
6730 8512
7332 10198
1886 5020
1226 12079
3694 10650
1424 4657
707 3318
3313 5378
630 11396
2289 2905
2863 7025
2253 3970
618 5545
11305 12013
1286 7284
277 5503
5855 9085
3643 7094
7746 9621
514 10537
8298 12372
11523 12297
5659 9665
6855 10719
3173 7837
179 11826
3254 4682
550 1424
6018 11595
4128 12912
4021 9559
3052 6563
5280 8266
1401 3807
811 2323
2534 9894
9721 12250
4788 9923
9716 10838
631 769
7752 10244
9301 10103
10874 11636
5737 6502
9265 10661
468 10579
4725 10502
8824 9890
3007 5749
9976 10045
8435 8648
2980 8954
2611 10819
5092 7796
8086 9908
5234 12090
5649 6946
5679 6542
6408 12006
810 12005
9950 11627
3326 7163
9160 9269
3017 10624
8376 12055
4749 9831
8422 13225
4766 8720
5363 7952
2706 8352
967 4743
4267 10265
765 11158
2017 13486
2575 9041
1296 11209
23 12763
8540 13623
4739 10363
732 10085
2379 3059
7149 11166
1551 8579
654 3935
5675 8943
7311 12286
1432 6860
2251 9140
6525 7648
2140 4810
6326 8947
1543 8967
3174 10341
2967 4417
5421 7883
1465 10863
2504 3762
3522 5367
2873 7298
6181 10957
6784 12647
2910 7816
1704 2854
2997 6737
7614 7923
3074 3970
1265 6167
6312 11381
9395 11094
2014 9480
2095 12007
324 9842
1821 10361
1091 3408
7980 8828
73 12772
6440 12285
3302 8276
2966 4228
4859 5155
2633 6488
3096 3097
2574 7002
3506 5496
5904 6085
7008 11267
41 5036
6879 7402
1383 3742
12396 12762
2841 4700
4065 7322
8608 12636
1746 6800
1691 3035
3873 6928
11420 12389
10494 11166
2029 9721
6674 9101
7916 12840
3619 12972
8693 8782
4312 7153
290 11629
5392 10910
2441 5889
2617 3743
8212 12412
6197 9243
2406 2616
2237 13285
6645 13077
225 2161
41 1492
4191 10142
6220 9538
199 13221
5466 12147
569 10514
12595 13502
6118 8742
7684 10846
2033 5547
3914 4500
3620 8569
5786 7029
7372 7387
965 6026
8520 13198
2849 8271
9757 12195
7200 11490
608 6925
11749 12604
1232 11408
2862 11051
8613 10508
1016 9318
7115 10388
6200 9383
8295 9430
2555 2997
7524 12126
3472 11694
9553 10977
6034 13074
7987 9884
2195 7592
8060 11489
7108 7569
5176 9228
3207 11079
8297 9338
11065 11838
3236 7922
4383 10829
1840 7495
7600 9004
2283 4342
10864 11971
3371 7097
3622 9413
5412 9107
5795 13274
10442 13559
4095 4971
6942 8490
8694 10018
7804 13082
606 5518
3600 12538
1691 1877
2338 10220
7561 8352
11170 13504
1404 9853
1725 3614
2709 7988
3 4565
2460 3345
5579 5714
5856 11790
4455 8699
4688 4774
3439 9527
2555 3407
9060 10964
8123 10603
7562 8502
7126 13216
3331 12034
6535 6869
3252 8814
5122 5736
6133 8139
1435 11690
7309 13270
430 5740
3250 6979
289 5790
105 7261
6717 11913
4646 11208
1281 6770
8731 11070
8439 12497
535 5775
5892 12927
378 6611
7479 8906
2463 10301
4973 10894
3991 10425
8900 11074
3781 7160
8136 9887
4715 13506
5630 11967
3769 13098
1025 3683
4817 9705
3875 12193
4938 7324
3893 11933
2465 10270
3860 12006
8956 12142
131 6567
10530 13338
1805 3969
5692 13487
1165 5221
369 2420
11701 11788
1035 10356
43 7264
5751 13612
634 2430
4302 13617
6387 11164
11321 13606
1125 6265
3958 9410
12 9761
6664 11016
1953 11386
9533 12584
3825 8138
2342 2445
2939 6807
2358 11872
1407 5863
4940 7346
1347 6469
5833 8022
7055 9777
647 6547
5358 8628
595 12537
797 1036
2592 11919
7672 10509
3290 5103
1139 12331
5119 11825
6414 7681
5138 12955
10840 12569
4291 10945
7207 11145
8374 13541
3652 8671
6858 7066
3049 12041
1297 13155
8614 12410
6753 13309
5528 9663
9445 12025
498 12610
4011 10553
1980 6956
4357 5230
8549 9806
3238 9933
11594 12057
6722 11679
2242 9141
3739 8565
2207 13445
6947 10254
2137 5273
2591 10697
2442 12242
4467 6366
5092 7907
932 8215
4629 12765
738 3895
2425 6634
5252 8557
9294 11512
3543 10498
7979 12155
8724 12196
2853 6270
3459 13148
5373 10106
6690 13213
3485 4278
5137 8488
6973 8713
11336 11958
7119 12838
6565 11655
7541 12321
7207 8999
214 10875
674 6996
2227 12936
546 9028
5960 9229
4260 10861
2660 4073
1570 10608
1356 5619
7629 10880
6522 9066
1258 7393
3131 13355
6644 10526
6277 6457
402 8995
10447 13112
4528 9140
1410 3369
5984 9363
3737 10950
942 6893
4283 4910
7635 10211
9023 10789
2008 6858
7604 9852
1039 7516
5637 7328
2525 7079
10830 12214
1494 7975
1457 13371
4008 5134
3462 8254
9206 10602
1372 5735
38 9064
8328 11776
1721 5845
6803 11119
1102 11242
6198 11264
10687 11830
479 5348
6177 10500
11258 12892
8909 12071
1114 9212
359 10031
9711 10225
1753 7174
6366 7543
3822 11327
1930 4706
9279 12999
3595 11507
3901 9706
1305 10199
11474 13218
4161 4436
6653 10003
6679 9694
2150 7939
1578 6082
5548 12089
2115 12567
794 3708
2980 12344
2475 3094
2304 2829
7074 7366
3381 5153
2787 9236
5347 9649
5399 6298
503 2846
555 12801
2532 11808
3448 5738
3666 4844
302 8687
5677 7587
2284 11066
1152 6704
1742 7071
7510 12256
7627 13238
11525 11801
8145 9941
8322 10345
2736 6917
893 11946
3027 4496
448 10322
773 4162
6491 7147
1394 9242
977 13278
1868 2618
956 6198
1676 2589
1066 7912
11648 12203
6896 8716
2787 4359
1530 4476
9934 12198
1517 2457
7557 12104
11593 11769
7991 8591
7827 8580
2455 2748
3050 4354
1642 10540
5864 8246
6546 7412
386 3187
5854 7282
3730 12973
1210 10340
2027 4589
491 13026
5748 11578
6916 10428
7182 11075
3628 13336
3667 12064
4411 10229
7859 13303
5887 10688
6866 7875
9151 13075
2347 2499
9214 10722
4309 10450
973 2078
2941 3577
4994 5013
3627 13008
3247 5321
4389 9327
8606 10777
1615 3147
3792 7851
8979 9160
6335 7745
8510 13530
4222 7978
11277 13545
10807 13306
3414 9862
6749 13458
234 7785
158 12797
9613 13153
8429 10520
1197 12534
13031 13599
159 10414
3052 9226
4796 13286
3020 7253
6970 9489
1600 3978
9758 12384
8360 11222
383 10255
3581 10991
551 13228
7576 13042
11445 11774
1314 9836
1392 2953
5852 7256
6429 10821
2167 8079
7470 11952
5181 12137
11766 11837
206 5214
140 4986
2456 4398
4047 6780
8072 9203
11388 12836
4566 9869
1093 6840
3321 13553
2994 4988
5705 5991
7868 10363
931 2215
2861 7255
5548 9606
5611 5966
3342 8054
3552 12714
3612 4052
827 2282
6473 9302
588 11751
7507 8372
3986 11676
4240 5174
6951 8528
5338 10670
1013 3486
1362 8426
6442 12616
9024 10537
5072 5422
3840 9309
353 13538
2582 3676
3930 5592
8078 8383
4993 13330
3241 8899
7477 11734
4420 13484
2303 4440
2497 8134
1564 7607
10291 11890
3283 12917
2222 10543
7728 13251
1690 4557
4297 9318
3297 9166
8425 11712
4647 11806
9012 10621
7933 11709
5861 12457
4778 13471
8566 9673
3372 7578
7232 11318
7739 13025
2733 10102
1095 7845
2295 4340
1010 10946
6453 6847
4045 11328
10803 13120
1093 4543
764 4117
3546 5193
5917 10090
2216 4600
4902 7384
8728 10225
7972 8205
2546 6068
8856 11424
5314 10761
8455 9398
571 9343
6493 11675
3323 8921
568 11664
5530 10087
7735 9458
5239 10426
1049 1561
1741 10477
3916 10993
6145 12606
2165 8525
4944 9295
5881 12520
6096 8619
7467 10980
8195 8264
6381 10141
5472 10427
782 12204
5309 7927
1440 6107
6306 10749
6302 7963
7645 11886
881 2067
6902 11948
663 8944
6322 8329
2115 11442
3305 13462
3945 13115
6532 8417
2336 13496
1741 4572
481 5225
4396 9554
8773 10292
11234 13016
910 11095
4790 7234
1 13551
167 3030
1027 13621
421 4568
8165 12765
4041 4990
3103 13482
33 149
3228 9133
3669 13481
204 2562
7904 9825
7292 8057
3177 7172
802 10577
1408 8133
11585 13514
8433 13467
9759 10145
1532 7039
10460 11011
37 10544
1739 4691
10465 10820
4526 13015
7301 10474
373 12380
1096 3630
6227 7722
11425 12173
4848 5409
4972 11752
10745 12995
1528 10824
5927 10515
8862 9407
3313 11042
6489 13438
4251 11033
2258 13055
633 901
3991 5364
239 11964
1661 12500
10007 10982
1441 7679
1198 7694
3539 10483
5837 6245
3780 12640
210 6410
9045 11791
12351 12357
9470 12146
12936 13037
5718 8965
5689 13434
10874 13578
5008 5998
1034 4594
1295 9516
6359 6845
5123 10596
10120 12388
3950 11270
1396 3246
3207 5501
4591 5920
373 12675
4137 8252
842 954
3208 7943
1133 9558
357 11713
1488 3209
9094 12480
2419 2713
4314 12934
6509 8612
5242 13313
8632 9562
3780 7276
2033 12989
10040 11017
3591 13271
737 9917
10137 12465
6125 9185
9280 10667
4769 10618
45 7913
273 4812
7380 8796
1591 8031
2418 10830
1925 7813
1964 6241
9447 12102
1739 3071
4305 8644
805 1463
126 1623
5774 9272
597 5030
2906 5722
10201 11633
7989 12527
4551 9477
8150 9499
439 8666
1722 9666
886 8567
5775 11676
4712 11087
2806 7438
2068 8532
3263 6444
947 13568
2710 8440
4249 7373
2020 5369
2515 13089
3427 4067
2486 6250
10563 11294
799 11725
1239 9983
9102 12271
3268 3437
7192 10776
72 4681
3376 9700
11515 12629
5686 10233
8294 10551
5770 8762
10744 13014
12121 12274
5088 10982
11855 12383
509 12101
989 3398
212 10924
5508 13205
877 3157
2041 8638
9963 11980
4950 11893
1622 5909
10305 11172
10493 11597
3717 9354
3201 10391
2627 3346
7121 11812
2637 5344
9570 10260
7287 10972
9954 11905
202 3013
4324 12361
5922 9075
5655 8316
367 4198
2543 12235
4005 6166
2062 11849
7345 10967
8546 12876
1622 12469
7921 10312
5908 11992
5176 11952
8141 13061
2476 5386
6657 9056
5954 6867
471 11426
102 5959
3218 8030
9413 9555
2418 9357
46 8494
2753 12164
9737 12625
1374 10349
6463 13156
460 9024
2890 7229
4006 12356
5188 10610
5335 8648
4563 10873
1736 9030
1318 11178
308 1860
33 3137
1386 3502
6608 8968
2882 7572
7423 8787
11748 13137
7823 10457
194 8931
7901 9599
11641 12941
1620 5457
2470 9450
2586 9287
5552 11482
3139 8281
7305 9105
846 6876
2105 4166
139 11927
6190 13117
2307 12662
3248 3404
1968 12492
2909 5879
1485 11005
5729 10956
2620 5696
279 5401
4146 6236
7725 8221
6759 11205
5271 7874
1365 5007
3551 12753
1136 2641
10357 12623
8930 12305
357 2986
6509 12246
2736 6530
3167 7504
4939 10133
1199 13164
1768 4348
1011 13059
11855 13249
1547 4248
9485 10856
2520 3897
3391 3882
12309 12638
417 1023
7615 13090
5791 10664
5614 11100
2874 6510
7176 11330
6353 10239
3106 11779
2154 7018
1724 5731
7899 8543
3304 13323
5752 12994
5636 6744
7216 11575
556 3540
477 13286
7394 12257
2238 11865
1092 2140
3384 11513
2549 3016
299 12987
5168 10510
8044 12872
11711 12190
524 9775
3386 10576
3428 6001
2339 9932
5166 7099
5977 11297
2371 4414
4017 10813
9860 13227
7205 9078
4189 9074
6104 7166
7143 10652
6505 7050
1523 12352
9658 13561
6268 12363
2898 5296
665 886
4986 5475
2647 9643
5197 6935
6832 11081
9793 13577
791 12777
11372 12422
5962 11230
6450 12641
4445 5585
8029 9496
8173 8710
4210 11788
4131 4967
10488 12845
4274 9718
1193 9200
5073 9256
1277 11463
4246 7374
4765 7564
3481 11490
11355 12584
7524 7707
79 6955
5968 12299
9727 12930
2038 13531
6189 10123
948 4111
6820 9683
2301 10651
7942 11142
2700 7005
5426 13130
11105 13171
10214 12205
9761 12745
8278 9622
3654 4514
3436 3527
5693 12576
12032 13118
1747 2875
920 3854
5457 5820
7569 8308
7930 10277
162 3287
4791 6891
2385 7004
2776 2780
10557 11672
6894 10971
6949 10990
4098 9778
1497 8556
8319 12092
6406 6729
7120 8351
2604 6304
8896 9057
13053 13318
5787 13480
7836 11466
4131 7668
11004 11887
11420 13429
2436 3109
12751 13001
6013 6233
9095 10296
1493 7546
7194 12599
829 9378
3998 8481
5297 13092
1430 12788
3608 4221
3216 7133
1599 9625
7204 12571
1135 12126
8006 12544
219 12627
10418 11554
3298 3647
3017 4781
3064 12325
756 8341
9678 12663
2828 6282
3359 7778
3793 4553
1179 9069
3771 12565
5522 6221
3678 12619
9211 11262
171 7339
8038 11894
9491 10979
543 13610
12514 13485
6174 13311
3299 9870
1522 6852
2142 11367
4595 10163
6383 9629
5413 11875
2601 6262
6938 7057
2190 9973
5106 6760
798 9065
3772 7150
5289 10487
806 3374
2385 4937
10896 13307
6682 9106
242 616
1810 8854
300 898
4312 6602
8484 11612
959 9697
10684 13024
8198 10509
5495 9740
3384 10470
5152 12128
59 1762
5061 12622
10158 10331
11686 12944
10190 11300
939 10379
1305 6972
6062 13256
8012 9470
1320 13291
1679 9543
12399 13116
1929 5891
8723 11481
2016 3536
9171 13275
2142 6193
610 11221
1812 11223
1286 4427
8 1791
8730 9144
8417 9695
4694 11511
2271 11593
9238 11630
945 7568
3623 7825
7990 12873
6390 11850
6619 11718
2356 9701
2350 2748
3479 10047
10762 11707
1357 4596
6775 7612
2795 5820
1815 11554
6692 7259
4247 10087
2937 12541
2073 4176
8661 13157
3726 12715
5113 7043
7882 11985
2459 4408
2164 8119
8214 13207
6836 12338
2975 4869
473 10287
2328 8808
1986 2102
5607 6823
4979 8324
4464 8357
5746 8926
3983 13497
3015 6758
1809 9908
276 11216
955 13235
1375 1905
3433 6777
31 4995
2713 11750
1019 13449
4542 10136
1015 1883
5066 7536
5674 11972
5656 11484
11561 12040
8247 9305
88 2269
902 5695
5754 11882
497 10255
7410 12434
7036 8795
5760 7566
5789 10712
2285 7747
4622 5832
4482 5817
2206 7340
2014 11026
11346 13384
9398 13114
4244 10469
2891 9648
3954 8869
4525 7512
9813 12604
2906 4483
821 12888
9829 10566
8496 11955
276 4722
5299 12298
2930 9147
3222 4562
464 4804
90 2112
635 3348
555 7173
145 778
6355 11243
863 10443
1555 5507
8247 11499
6554 9175
813 6585
1615 6176
7301 10455
1482 6779
7265 8207
2005 9930
1448 8040
1428 12015
1094 8171
10515 11000
1539 1915
6578 8279
8168 13143
1889 4466
2859 12183
5184 8975
3883 11716
1289 8184
6457 8997
3388 6865
133 1855
3881 4878
1750 11683
403 13566
9918 10384
1972 4943
861 11266
597 7159
2539 4762
7029 8233
743 10479
4143 7856
6735 7899
3221 5171
4308 10844
407 4627
7706 12059
6363 9636
4317 8726
3289 10274
5388 7962
1966 7273
4763 6137
2687 3298
4377 7715
773 1549
1501 2656
4258 6123
6460 9360
4660 9804
3002 6755
255 1105
1120 1444
7432 9878
7093 8988
6165 11542
449 7059
1756 3484
120 10961
7845 8047
2708 10945
8871 13365
6332 13607
4053 12834
4560 13295
3875 13356
3047 7049
9682 12391
992 11547
3283 7227
622 5387
3702 13261
3116 10467
1160 4425
8305 9441
6604 11456
5086 10354
11194 13066
9439 13248
130 3397
478 3032
534 12342
3073 6754
351 6555
1913 2415
10021 10616
3187 10897
893 6004
4175 5874
2835 13558
9977 10748
399 13581
2317 2849
6485 9112
960 11726
889 9342
11932 13076
3363 8375
2467 2902
10535 12413
915 11294
5935 10981
8884 13287
8402 11250
4991 12030
9484 10374
8855 12053
1839 6784
2362 6003
2804 9347
3003 4099
4853 8635
19 607
57 11323
7559 11636
5636 11846
3766 10434
7371 8692
5875 11591
3125 4033
4926 9844
9639 12657
3109 9366
3045 9642
3827 6573
3407 5503
3364 6153
6701 7175
1180 5018
3648 9414
2423 5525
3367 11633
8204 12995
1132 13252
1331 6767
3309 9650
1060 7797
812 12440
2929 4923
3418 11401
3497 12463
4424 6611
1072 12494
10704 11960
5971 12756
7910 9223
6742 6846
4923 13510
232 10623
1646 4321
7551 9359
5441 6781
2346 13459
6114 12981
4246 12516
12072 13136
7210 9312
4477 5947
2044 6889
1934 2759
6615 7932
2454 7418
7602 8077
331 10769
11534 12792
986 6825
4914 8654
2144 11733
5938 12191
3235 3838
6162 8423
3251 6195
6326 8443
12480 12546
440 4460
2158 6239
4216 12783
9696 12228
590 7654
3684 5691
8963 10942
10368 13022
3325 6525
4721 8850
3872 7885
6320 13358
1458 9536
3685 13389
645 12668
7725 13062
3337 13187
7292 11044
1858 1942
2514 10284
1632 13369
540 11183
9073 11539
4394 8886
3416 8418
4838 7877
1153 13252
1233 12810
3025 9937
3371 8596
4491 9915
2895 11729
2638 3603
8093 9300
3214 5185
1101 11798
5429 9556
2412 5940
250 2300
1299 4142
2548 5788
8363 10034
2083 9885
1687 7358
940 6849
3240 5521
4631 5831
8805 13449
1878 3681
8865 8992
461 3229
3093 3985
2992 12327
740 7719
6623 10247
10417 10596
146 4746
6679 10250
4118 10021
6152 7148
3106 4342
2691 5919
12886 13084
3297 9836
1272 8935
10275 12875
10491 12275
8473 12021
4183 8436
1307 3023
2779 4540
5418 12342
2766 13260
3914 8684
733 1639
6111 12871
5253 5419
1223 11316
4636 12245
1787 9678
3346 11710
9971 10591
8020 13446
2357 13533
483 6850
8296 11305
3046 4928
3639 8667
5006 10109
11291 11663
186 1753
6583 6670
288 5684
705 6696
296 5265
4902 9823
1734 6456
9204 9714
4362 13613
2942 5260
6208 9406
1533 13133
7936 10143
587 6405
1481 2675
2885 13552
2272 4761
8579 13268
1674 11721
1241 9632
1537 7129
4361 10981
904 10944
786 3613
9591 12467
10383 12976
1519 8111
4210 10456
3654 3919
1818 9496
5585 6308
11907 13494
135 3866
1624 8740
8987 9827
4419 11293
2809 9168
7817 13566
2648 11757
8241 13058
908 10890
11019 11215
2577 4159
1610 3335
3713 7250
2749 10050
3982 6323
2955 4957
2821 3823
2896 5350
4836 11152
1693 4059
25 3005
718 4458
4758 8955
7548 9211
5424 10600
8066 13522
11114 13298
6840 11543
262 652
12059 12711
5328 7474
11019 12683
4852 10043
3191 13433
4070 7314
10572 11093
10125 10534
7839 11808
9053 12776
6477 8743
7832 11414
4503 10008
11106 13601
243 1221
5813 12628
8342 8791
8535 12831
588 6774
60 4431
2624 4341
3849 10027
5130 8118
1176 7890
2244 5357
4708 4757
11453 13457
1723 8953
1099 5004
12073 13565
4440 7369
10125 13242
8411 9001
2069 8161
4775 6515
434 5945
6857 7601
6017 7665
3203 6447
11566 13202
4354 6831
1464 8217
6957 12268
181 11286
8056 10424
862 1588
1345 6534
1018 4154
529 10497
8084 10501
3748 10575
9754 13393
495 10742
9221 9340
3646 10455
9731 13527
7639 9675
3521 5228
4974 5280
2189 7237
2038 6112
11442 13144
7007 10326
4138 5839
4214 10922
11079 12138
8158 13443
1414 13337
1991 10374
7193 9347
6667 11308
6690 9875
2400 3531
3925 6695
5377 9301
7026 13364
4957 9530
4534 4942
12163 12572
6022 7911
10004 11405
1131 12524
6649 6824
314 2204
155 9828
311 12192
2905 5517
24 10073
6814 10151
3271 8259
1182 10817
5624 11637
3510 5714
221 12462
2248 9074
6580 13141
4665 6890
728 9889
3826 9739
7883 8403
3399 10392
9098 10682
9725 11397
2576 10719
8285 9586
3648 6968
5350 6225
2024 13601
4640 6255
5173 5573
506 1062
6732 8005
6592 11755
3839 4101
7274 12588
2177 4528
7632 10130
8070 9284
331 6367
147 1398
85 12307
4632 9991
3084 6148
64 10593
8479 11431
10930 11870
5263 7957
8334 8942
3733 6296
2990 12657
5102 8218
8637 12741
5683 13205
8709 10721
3144 5257
4576 9011
5246 7188
5819 10653
2608 5551
482 10102
8725 13374
1308 11465
1673 13218
787 5384
4898 4905
349 9529
5723 5862
54 13541
4954 11106
5561 12483
4720 12161
11015 11082
505 12876
9879 10974
3575 13411
3134 9542
3645 9334
2072 7369
6783 10100
127 9329
5061 8006
378 4840
2568 4290
5199 9018
7269 7791
6939 8187
6888 9266
3943 6395
3830 9158
1767 10076
515 12997
3365 9553
1345 5120
1045 9857
7859 8070
8422 13186
5255 6874
7156 8047
5002 12826
12757 12926
743 13172
5982 6425
4451 5593
4775 7457
1445 13344
1504 7485
5538 8554
8717 10558
4819 5346
2429 12948
3028 5750
4972 12108
1261 7087
7151 9507
6336 12345
20 6361
11528 11841
7650 10629
1701 6868
2918 8599
8689 13394
7453 12318
584 7052
469 9650
2961 4798
9906 11768
3687 7162
4009 12504
113 6391
1593 12942
1501 3501
172 11219
2987 4876
396 4766
7132 12559
2819 7516
2974 3662
7895 9148
1776 4372
1313 3656
930 1006
7538 8862
8240 13098
8455 8660
6865 9139
4178 5294
3175 8794
3465 4019
5015 9595
1637 5596
5215 11688
1870 4751
6004 10972
5333 8623
8723 11304
3568 8325
6647 10274
2999 12881
166 4648
8384 9534
1197 8370
4553 4885
5419 9566
13043 13613
1536 5484
6768 13108
6699 9554
2837 5180
8461 12345
3387 6400
830 4764
1550 6644
7139 8166
940 9998
4034 9906
2088 6661
2347 13019
6069 13315
7230 12622
10190 10432
2975 9936
2235 13122
9543 9921
2323 12812
1712 11517
4625 8898
7644 11809
6500 10821
2702 5969
3564 7333
11425 11817
9192 13386
9909 13068
6620 12425
3604 10575
2150 4432
4741 8948
87 10270
1271 13564
1260 2718
184 12402
6899 9469
822 3202
7194 8107
144 7322
847 5203
281 13220
394 8205
7766 11151
11744 12171
182 1475
3750 4698
1203 7222
318 12672
6254 7205
3823 13050
8899 10954
3555 5040
5060 6163
4754 10041
5744 12617
9722 11784
8727 9765
8661 12329
7729 9468
4860 6498
695 3110
11029 12708
1729 5332
1499 8581
1727 10668
5078 7137
11158 12822
1191 3658
4585 5052
4448 5172
1082 10302
5923 13175
5764 7231
8967 10850
223 8017
1322 2199
2126 13362
289 10594
6451 13215
2231 3711
11295 11875
7149 10532
5136 11428
8101 9404
946 5694
7385 10229
640 11257
5717 9128
6092 8711
8163 13303
9826 10908
8010 13353
5873 10002
675 7562
300 11534
4046 11134
3781 6070
2583 5835
6898 7201
1028 6852
1815 7854
9118 12014
1686 4271
6726 13269
7163 12262
8446 13568
785 10953
741 11378
364 9178
10468 12920
856 9742
3163 5867
828 2370
1098 9774
10675 11607
9076 10333
2214 6710
5093 7476
7414 10380
10263 12338
4072 7324
5500 10608
125 11976
5281 6672
80 8891
1330 5743
3389 13288
1922 10333
4304 12856
2910 7428
6820 11462
2578 8901
2840 7726
489 11493
6729 13574
2481 6376
5537 8721
2982 9169
38 4794
9572 11486
5760 7732
3997 7982
7125 12902
4028 8196
5721 11519
6641 12078
474 11779
2864 5365
3727 9744
51 7689
2870 6373
1081 3694
1765 6117
2416 7965
1101 12216
2344 8341
7945 8483
7296 10198
5396 8772
1986 2121
2257 9566
888 2535
2566 10458
2969 6507
4644 10745
1962 13410
9157 11117
951 8404
5868 7656
2397 5209
3865 11735
1204 2531
5282 5384
690 1834
5658 5787
1763 8199
10974 12160
372 2149
4714 8679
10266 11013
7399 12883
3992 4114
9230 11041
2042 10209
5393 12822
971 13013
6572 13406
3944 12192
10028 11509
8683 10027
6232 12403
4669 9428
5082 6648
8311 9803
3975 11844
5254 5979
2231 3657
7249 8382
7610 8089
3842 10286
6582 8053
9608 9776
3464 7506
907 8208
4635 9459
6073 9745
1173 13600
7245 12533
5671 11403
3127 7478
3763 6149
3790 11087
1266 5975
12456 13010
651 7069
1881 6423
1206 9950
454 5308
512 4332
4468 11343
11528 12344
11925 13151
4423 10404
3126 12450
1790 2589
5653 11409
958 2498
6981 8600
6028 8674
9225 13528
8576 11934
8310 9986
10023 10599
3837 6951
1797 13057
1681 3768
1657 5621
3998 9254
10994 13380
4462 12911
2474 9857
1887 8017
265 7622
2872 13255
339 2411
12817 13476
2427 11422
3230 5123
4623 12809
1215 3691
244 5400
1162 1932
2190 8042
2946 11876
2996 11333
5528 12277
8775 10293
4999 6516
3613 13477
162 4000
612 1820
7938 13023
5609 6788
5611 10184
1548 12523
3091 6808
8577 12011
157 1452
8611 12125
7361 10788
4822 8885
1545 3288
4582 10541
1478 9082
6405 12695
4460 6095
66 11476
4444 9769
5765 9255
1626 3622
1846 4156
5846 10782
1122 7574
9235 12669
365 6132
104 3079
6170 7036
3208 11126
1911 9373
8733 13608
3568 8938
11454 12264
1204 11154
3670 3918
7719 12970
3285 3544
10109 11377
4789 12830
2108 7465
108 12415
460 869
355 8052
2790 5703
2000 7401
6719 6941
5125 13466
7812 12898
4842 10193
6944 9137
5742 12448
3856 4647
9094 10314
5961 10889
1955 12201
4335 6393
4076 8879
2979 3460
4295 10516
7713 7772
261 4793
3733 5634
12093 13451
4238 12601
472 10560
5306 6884
2340 3107
2741 13457
4144 8371
891 7677
7054 7438
9584 10407
138 5344
5924 11390
6672 10731
2059 5186
6495 12242
4063 9807
4541 12895
6436 6912
10518 12738
3486 9491
896 8238
4416 7128
1367 13174
4208 13430
9163 9809
8816 11024
9629 11448
8857 11248
6675 7571
5980 11510
6891 10588
2461 7054
986 8356
5414 9067
6259 12645
4693 13489
470 6409
1408 1791
9146 11739
1910 9186
1350 8752
6485 7753
10498 13498
3304 8214
2410 4524
3143 10936
3964 7793
3169 8758
3364 4005
981 4836
4834 12506
4704 9182
11741 12687
7774 8871
57 1655
2800 4637
7897 12999
4559 11027
5308 9119
10350 12265
3424 13623
2545 7382
9960 10183
5162 8231
10464 13241
6415 9858
4700 6224
932 10327
110 8458
658 4612
8194 8833
9595 12793
2292 12772
7942 8223
7228 10262
3511 9371
6226 8378
10381 12570
7380 10582
850 10622
3725 4158
11263 12196
1241 13260
412 3789
1608 10020
4613 6155
3059 7487
7586 9052
9304 10075
7198 10554
2381 2668
2600 5292
7138 9528
360 5339
8938 10276
7247 11817
6475 11981
6179 8413
4241 8313
5514 10996
6146 8056
2399 10952
3561 10411
10881 13186
6215 7666
4756 10099
7362 11961
7193 12214
4090 6782
1666 4551
5000 6943
2087 7104
270 11935
11843 13516
4519 9281
3024 13263
2213 2479
3789 12248
3785 7721
11226 11829
1341 2754
11734 11893
4255 9384
220 4666
3055 12501
1472 9670
7185 11743
12414 13461
7356 11818
1783 12223
619 5250
2699 13364
6439 9942
5218 5435
8117 11359
9110 13161
9782 10313
8162 8315
730 2816
3269 5691
10044 13045
3393 7957
8045 12411
12369 13600
4691 6918
5361 6314
9873 11218
4536 11614
10263 10792
2025 3596
2600 5113
2383 5878
9375 13432
11632 12784
1329 6147
305 4253
7931 12878
7397 8994
2137 3630
8300 12726
8270 10695
4286 6234
7203 7351
8140 12141
1559 8160
7215 11419
729 5066
777 11775
1933 13528
2843 6471
4072 5453
8249 13591
7053 9282
2053 4865
1775 12289
6850 9145
4494 9462
5660 12148
2544 3937
4433 7840
5418 10869
2835 13246
529 7815
1256 9688
6920 9818
3370 6860
8586 12435
4904 11695
9752 12563
2249 10054
414 5555
5100 11646
6631 11167
9848 13192
6195 7537
5070 9286
2325 9310
3168 8379
1540 9419
4779 11601
4466 4581
5486 13021
8007 12859
4948 11742
6960 11073
7951 8110
231 12721
5013 9509
5672 8849
5755 13035
3722 10892
2011 10957
4124 12125
1636 11536
1784 2796
5550 7989
10798 11046
1246 10829
1752 12847
1585 9019
5846 6437
9344 10984
1294 2104
5617 8530
1158 10422
2180 4143
12160 13412
8894 13579
3456 8748
65 12997
11 6755
11069 11555
165 4971
2401 6741
163 9555
1700 2832
5172 12112
6190 9361
1078 5011
496 3624
10441 13370
6980 10273
5292 8539
670 6142
315 1451
5513 11348
1151 8639
4891 5448
8111 8185
4935 8870
4642 6896
1020 8552
484 8969
1202 3581
6263 8062
4015 5128
12 5449
2965 8932
4733 4847
3644 10495
116 7631
8599 11501
5629 11559
8637 11362
11193 13377
4591 9669
1222 9500
4703 10115
1911 9344
5034 10581
2693 4611
189 6592
10296 11775
377 1673
9076 10051
4736 13320
4724 12400
6617 9757
3746 5733
9641 10200
8131 13136
4139 7707
9903 12296
2000 5108
6328 7085
2903 8140
3257 10825
789 9511
3409 4811
5118 5814
5464 10590
975 4823
6378 8936
3833 8159
4877 6127
6442 13340
4506 5080
5880 13119
1166 3054
520 1885
4069 6618
8588 12175
4403 8437
9136 10637
1543 10343
303 7372
4573 6875
399 13312
1481 12718
2034 8848
12554 13325
7044 8624
2417 3902
6152 7403
3512 7589
4840 9990
7090 13253
2895 11206
9800 9974
3041 7506
5037 7141
538 4600
5453 11924
2059 10694
6169 12462
2405 8889
1 5972
6014 11895
10064 12863
11928 12023
2403 3890
1993 11253
9899 13349
6511 9095
5041 11803
2252 11560
1599 2404
8940 9711
6242 10916
3728 11834
1354 6599
3287 11277
2689 6582
7595 13442
875 11956
6139 10673
1331 11402
3429 10679
3878 5589
5562 6375
5821 12117
1916 7950
7887 13395
805 7853
2931 3312
1467 2122
2312 3542
1789 11315
623 11810
11375 13126
2439 10758
5644 12074
831 2718
5642 11045
2804 4299
2634 9907
5089 7795
605 7198
4012 9453
1066 6627
903 5771
226 5087
9628 10173
6537 12539
492 5711
6612 9323
800 1652
186 10641
3392 4036
278 9773
6508 12447
5699 7178
5284 9703
375 4655
7171 13086
7361 11314
1706 11186
5978 6183
6419 11758
834 12476
4707 11533
10174 10373
5719 8731
336 10788
2493 12293
8654 9459
970 11938
1044 7953
2269 12199
425 6530
6603 7027
6977 9732
10337 12953
8312 12198
3260 5237
3973 10642
2669 4152
2541 4410
5012 12635
12799 13142
2270 10851
3336 5240
5186 5510
1921 6705
9798 11670
11341 13235
1991 11141
7563 12156
7650 13513
10622 12795
953 2775
530 11782
6271 6797
7440 8044
183 9932
6499 10528
6772 8254
1166 3735
8517 12778
7379 8189
5247 10603
1605 1875
882 11366
11422 13028
5547 10828
2935 11168
264 11804
6103 10689
301 2976
7003 12366
10380 11629
853 5104
9252 9313
1342 13069
4146 7328
3901 6410
1212 12495
6986 9350
2552 10999
4762 5465
3136 7531
9022 12863
10654 13103
5391 5776
1899 7378
3940 6640
1052 4029
8428 13583
7621 11407
4123 12283
1310 11872
4042 7920
4475 10787
7212 12248
6416 11559
9216 12123
3043 4575
5408 10364
13124 13319
7680 12376
6244 9111
8016 11746
937 4588
5851 7001
7757 9895
2761 10933
8389 10414
5242 7056
6494 8448
3779 13228
2720 9441
3255 4181
2942 7511
5658 8090
926 1097
596 11666
9079 9422
3425 13297
7869 12068
1417 3606
1507 11453
8542 9787
2074 6954
4190 5111
8301 13096
148 4516
1663 8947
3661 9231
6822 8656
1242 11638
6169 10733
1487 6176
2362 7332
2828 7078
3411 12477
8783 10071
3519 10844
3742 11955
1985 11411
217 3505
3444 12583
2765 9805
3735 12254
1185 6712
5141 9789
6978 13519
7337 8384
3104 10765
11842 12862
4968 9965
4988 8286
10131 13345
3560 5485
11957 13160
9795 10145
12949 13611
8703 11228
4628 9389
4688 9007
12360 13423
1077 12715
1884 9910
384 7152
567 2073
11619 11975
12269 13051
5588 10973
72 13549
44 2070
6651 7560
2811 13562
362 12068
10486 11137
11128 12992
2571 12671
5148 12550
11570 11794
10547 12297
1349 1941
1086 8973
6622 7426
6926 10042
2548 5160
615 10848
3937 6845
4636 12482
4465 8442
8760 10196
2441 12317
4310 6045
554 12491
6182 9467
380 7095
998 1382
5372 11615
4426 9540
3178 9333
2815 3192
1207 10586
1806 13033
9779 12102
4790 11271
861 2139
974 5606
2011 6973
1803 7300
8338 10452
3968 6256
2716 10385
2017 11694
3421 8756
3765 8087
7214 8275
9454 13279
2243 3746
8621 13456
10857 11371
10078 11145
4838 13402
3263 11669
3886 12848
2885 4363
7882 13502
3764 12612
5201 9569
115 5256
753 4268
467 11251
3517 12923
4302 13595
398 11563
3658 3809
3145 6797
1542 3572
6970 8445
9345 11634
7643 10747
248 5354
3363 5003
10928 11146
10079 11357
6035 13262
6824 8544
4375 10349
7089 7759
5564 11784
6897 11498
7801 9692
1514 4275
224 8451
8072 8981
1080 4952
632 8177
1617 12466
360 1971
2752 3880
957 9587
1037 8161
924 10765
9208 12998
7415 12803
2685 11570
7491 10717
3954 13117
4784 10598
2225 3406
9531 13354
10823 12165
6556 7447
1385 12748
6961 10289
9874 13078
5558 6980
2777 6798
10055 12768
362 3001
1478 13329
1981 5783
1047 5701
2293 10162
1486 12392
1847 12713
723 5396
6574 11769
7561 10816
10005 13001
7649 11996
4745 6085
915 11125
3275 5397
7886 10309
1792 7648
810 3163
1140 8443
2488 5289
272 12961
10399 12238
5268 7826
2205 3197
5429 10977
2108 4404
7314 10929
1713 8181
6427 10228
638 13539
5438 6077
2547 5162
9208 11945
1413 4597
710 1837
4368 12303
2060 13398
3669 5620
1655 10025
3974 6280
12282 13436
873 7083
621 12475
1727 3009
2921 6394
1959 7815
2582 13572
4684 8009
723 2181
5971 9845
3599 13452
2198 2781
8412 8523
5992 13271
851 3050
1690 5395
3245 4270
2674 13101
1742 6911
7893 12211
821 12310
6708 9888
1702 2267
1493 6458
7011 8206
1782 6533
7376 11343
4662 5470
10625 10753
8321 11870
4854 9559
3846 7142
1247 3309
8837 11673
5432 5685
8845 10992
10137 12114
1379 10019
2383 11544
3624 8028
7473 10921
1586 4973
2776 10462
2743 7532
488 1344
5967 9040
5032 6780
8427 8656
2760 11197
8514 11268
3102 12615
7926 10686
7593 7596
3506 8753
4743 4815
4384 9660
4050 4602
2743 9865
8289 10059
11440 12695
508 5244
1668 11590
4639 10760
7122 11896
3144 12087
8525 12175
2314 6207
4675 10678
972 9434
1811 7926
8135 9474
10243 12084
6983 7023
7251 10233
8881 11322
9059 10319
9894 12343
1570 5773
2114 7137
225 9832
5016 8216
8024 9296
3607 11522
4300 11471
2855 12106
3296 10757
5313 10781
10696 11707
4933 12360
2633 9339
4981 11402
3149 3417
5858 7603
489 13103
8347 11789
1720 8035
3758 9794
2232 2968
1806 12702
5482 13377
2792 6474
2993 5286
3270 13413
8130 12490
979 3491
8767 12613
4992 11264
7020 8087
1453 12180
8208 11430
2032 13460
9123 10701
455 10210
10439 11117
1800 2324
8977 12455
5318 11049
8823 12018
3798 11164
9522 11702
7107 11433
2325 7514
10043 12316
3889 4093
16 3776
4323 6935
1181 9651
2023 6349
2003 7783
6030 10176
2376 8788
5165 13264
4145 11092
1429 3444
4772 12129
4465 8273
1262 10837
640 4760
3217 4352
4515 8447
5191 10579
246 5891
2739 9251
769 11892
1610 9949
261 5908
578 3532
2277 13028
4349 6116
11276 13409
368 5201
5047 6794
3402 9512
5154 9473
5826 12213
1155 5657
2146 12668
1002 11404
6885 8202
7013 12004
3053 4142
899 3563
2579 6959
775 9834
5506 8994
1022 8832
3496 10912
1490 5266
7771 9511
2334 4282
5872 12263
2494 7283
2070 6854
7946 10078
7744 12846
2819 2954
4294 13540
5910 11986
3558 3832
1982 12578
3182 5389
217 5171
3162 6506
9219 11417
356 10607
4114 9025
1272 8253
7433 11848
5014 11852
8133 12942
897 9280
6593 6954
5739 8543
1106 6727
7459 10562
2281 4185
352 8859
11704 11940
3178 10840
518 1448
1341 3116
5651 5997
8816 12294
8033 9991
1990 8823
8073 10815
6266 10273
7521 11525
12048 12306
2511 6993
2245 11249
8091 9286
10962 11362
4055 4347
4280 13081
9138 12060
961 12228
243 2170
6010 7458
3880 4601
5383 6705
5933 9805
27 6521
6564 10574
3955 6654
5654 9823
2192 10086
6962 9611
2495 8736
3668 5678
2292 10038
2963 7474
4805 10149
3053 5567
3140 9084
4211 11678
6930 12348
1977 9937
4561 9254
5540 11454
1907 4411
1112 6007
3920 7100
1670 9770
1909 6344
9604 10475
2951 10004
9190 13017
4909 10870
11995 12951
6128 11757
2464 12208
5311 5371
595 1347
5081 7034
3405 12164
2388 10872
7349 12547
185 12598
306 1857
5110 7968
2476 9734
9123 13200
7405 9108
4946 5800
10752 12862
115 7598
610 11365
2983 9619
7908 12729
424 5751
9904 12367
7732 13341
11521 12599
4322 4927
2244 13203
4881 12618
1732 9537
1530 9377
2599 9027
122 8442
552 10392
6102 11071
6789 11409
3149 4040
5608 7969
4386 12892
2158 5198
3128 6130
10642 11349
8235 9176
1407 6082
1333 5839
5320 6388
1635 6159
3593 3790
3770 4687
2053 3814
2045 5647
7843 12882
6884 7112
4189 6186
307 6364
1323 4277
1906 11880
5986 9245
2229 12741
4767 11273
1127 2051
4376 11764
12807 13480
1010 9273
1703 12818
1658 8302
8605 9093
5692 13027
7651 12723
2212 3779
1249 11692
491 4177
12908 13411
8174 11842
6804 13510
3774 7617
5579 10774
8381 12394
1350 10853
10283 13131
3479 9859
292 4961
3459 6178
5882 10148
1263 10101
557 8789
5240 13427
1202 6639
379 449
12399 13335
3913 5409
5511 10049
3860 6789
9858 12927
9490 11962
2439 5789
7388 13587
5074 8696
2864 12352
88 12704
3939 10370
213 2503
4111 8986
404 1838
1182 5641
9071 13097
2786 8627
4337 9720
9350 10201
1081 11765
9050 11055
7186 11959
7983 11996
5159 10128
1669 5466
623 8201
8173 8937
4261 13183
1841 2815
2414 9190
10601 13226
2781 13549
3305 10067
1627 4053
1358 6216
5836 13230
207 10248
3265 11673
9790 10185
11654 12092
3608 6706
867 6532
4882 5343
3896 4341
2392 4604
9189 10923
1446 4400
2646 8185
1262 8883
871 1742
9034 12540
5112 13322
2216 8110
7852 11492
1477 10631
55 5733
4171 8219
6541 12984
12437 12755
7466 12463
522 13301
9201 10725
7185 7594
10169 11139
1594 6308
2066 8035
218 5393
7326 10928
4644 5532
10039 11715
1732 9983
7973 8338
5115 11175
3308 12295
8067 8834
5767 6093
1216 1373
2041 12763
1631 8802
4800 7367
604 1590
8033 10231
8296 8660
659 1228
8538 8617
1489 2740
9656 13618
3599 12402
2402 3918
3672 9994
1222 10663
2262 2427
1300 6050
3071 9288
10748 11599
1614 7318
5663 12241
7460 9672
564 7346
980 8510
8486 13149
6835 10511
838 13293
4174 13298
817 10046
3159 6912
5995 7448
4586 6408
3859 6974
3981 6660
5191 10045
764 11099
6506 11609
7738 13319
8162 10605
3358 8855
5330 10859
3982 10258
4666 9593
6738 7408
1748 10948
2396 6253
4963 12521
5375 5597
9561 10360
4728 8774
3628 9258
8681 12309
3695 7416
1715 6742
2037 5526
3493 11980
2266 12827
3890 5974
419 11307
10002 10182
11492 12708
2767 13403
1208 9624
3884 5056
3306 9999
117 9582
3327 4048
6874 11504
890 1870
754 1640
4860 9592
2640 6990
5132 5721
5230 5857
5827 12980
6687 9086
1107 3791
1113 8008
1400 4626
854 2808
5556 9874
4003 12946
2501 7545
8234 8564
2 5922
8655 13154
3805 9907
10677 11285
1910 8397
3956 10592
5581 13562
10453 10944
4129 5366
5166 8315
3582 9008
3393 4881
4242 11326
8250 11826
4294 8085
8782 10387
2595 4182
1245 13334
1547 13073
1135 6048
12574 13254
10265 12165
4427 6403
7955 12945
1813 11519
2715 4729
3007 4889
727 6504
7720 9365
1747 11231
528 3879
2985 4109
3155 10816
6264 10194
6670 7101
8178 13401
5906 6923
4291 6895
2172 4186
4599 7587
4975 12130
5023 11392
5562 11447
5793 12442
4032 4982
9083 12768
2522 3008
1370 8124
6859 12219
3383 5680
5019 6833
9683 12326
5417 12737
6399 8456
1551 9261
4147 9560
3923 8970
6443 11535
1307 5087
8297 8521
58 3441
3844 9575
11610 12065
2668 5116
49 9431
9179 12963
6330 12129
772 3947
4899 13397
140 8817
9237 10709
828 7246
2628 4926
154 10891
4503 6223
9328 13441
1801 9253
5676 8109
5478 13222
1998 8566
7923 8706
1154 7468
1167 7842
2364 9713
11378 11750
3592 12922
1713 4187
10024 11511
10324 12320
5804 12347
3825 9817
3740 10967
326 6671
10088 10617
3380 11179
3087 11532
3429 4378
7557 8732
4162 6386
4826 6106
837 3752
2132 12139
3876 12152
512 5526
3795 12865
6867 9898
6059 8508
2757 5545
1447 4001
1311 9638
9652 11202
9194 12504
8382 11830
5456 6514
5378 11922
1981 2638
2117 6476
168 11939
891 7934
9070 11364
8105 13061
2539 10492
89 9700
752 936
636 7422
9525 12493
1298 10986
3230 7171
3623 5045
8595 10877
7051 10685
513 4231
10479 12473
2568 9920
1019 8013
7873 10578
8043 10398
7309 10243
1634 13073
5195 6122
2413 12924
2639 4851
1302 2567
3663 11916
3420 9535
10524 11588
2719 7095
1252 4323
7517 8396
1205 5786
2022 8846
9305 11600
5783 10035
12197 12648
3355 6584
2620 4393
7235 11574
1094 10010
6003 12322
2499 10332
1263 2034
709 9472
4890 13091
6313 9135
9082 13018
3124 12866
6776 9051
11510 13546
2050 5151
327 6538
6151 7358
493 4544
2338 13245
425 11368
323 4130
9247 10308
6823 9088
1060 9020
544 4603
5319 7275
10633 12030
9050 12874
3811 4203
5004 5618
3560 9369
693 9194
3852 6696
1717 10410
1664 4674
5254 7781
499 5822
124 3710
3490 9146
259 10771
1338 5366
3888 5565
2894 11450
1784 9753
1509 12311
2526 8480
4954 8261
1487 7611
1425 5158
2916 3576
9162 13007
713 7794
97 4519
3112 7521
3915 9877
1592 8719
3344 7805
10143 10546
4939 7628
3596 11227
5624 12123
6086 8114
3064 5462
4879 11348
2826 5295
54 12343
1358 12903
3855 10785
7330 8487
9938 13277
10736 13011
3722 4538
5661 13511
1459 11352
2717 10237
1974 6928
4010 11514
4887 8430
749 4096
2688 3096
12084 12452
1539 8809
6212 6773
7451 11255
2602 10279
3394 9504
7411 9465
12143 13210
1589 3285
12468 12474
5610 7540
1502 2694
548 4546
1184 7444
2356 10084
3776 10012
2154 2830
2751 7581
2128 2598
11662 11829
9115 12388
7404 10128
95 1414
1031 1699
8964 10041
7547 11194
1862 7505
6806 8088
1898 7349
1901 5300
6037 11881
1118 1442
7786 12814
2794 11276
2396 7239
9058 11361
2446 5709
4548 8640
5559 12413
6339 8978
8303 10174
3468 8663
5541 7580
1328 2440
5895 8957
4784 12512
4894 10310
703 5003
765 4541
325 9054
9232 12305
3721 10453
8874 11958
2671 2889
9621 11286
726 3705
1171 13582
7697 12493
6793 12137
2807 12134
6496 12825
5574 7525
11186 11815
4001 6124
8426 11189
1402 1720
5549 10218
7466 12039
304 2147
3369 9693
3688 6685
11127 12404
1498 2043
2784 3955
5219 5803
1381 13603
4056 11845
8620 12684
1080 12455
3198 9428
1118 4084
249 3333
2827 4262
167 6654
9188 11647
8307 12065
5924 10589
3189 10338
853 13451
385 5448
4160 12161
762 11235
5237 12086
157 3797
10634 12536
994 7518
1483 3484
3705 6339
3272 9183
8327 9549
2772 4722
2861 12440
11807 11901
4800 7429
1534 6338
2369 6788
12683 13560
8049 8952
2872 7145
7374 7765
69 4883
7041 7293
5334 5993
818 5697
1596 8595
6684 12629
7935 11867
6853 11885
11764 13013
6398 7459
2141 5898
4034 9840
6517 10760
11778 13544
5863 13433
770 5849
2590 10842
4702 12457
5277 8250
5157 8101
11864 13526
8824 10059
1521 8980
2361 4695
991 6695
8444 13326
8592 10612
4381 8406
2709 5211
2565 9180
8777 11702
10285 13299
6985 9909
269 5998
4283 11719
10427 12453
4773 6969
1467 13605
3521 7507
11796 13125
852 6213
7284 7401
1755 8094
3519 10674
3047 7499
3912 11252
3736 10786
3091 9715
2224 3545
660 7186
9142 13402
5412 8461
9707 10110
4684 12451
1223 3723
3997 9324
547 1140
669 2187
6375 10104
868 949
10334 10546
4501 5440
2874 6650
2985 5298
7827 9766
10352 11703
4878 13238
3946 5490
2520 4489
4219 10068
1994 7255
3292 9080
4664 12423
9501 11544
8670 11047
2263 2630
5028 10725
746 6145
95 3213
10308 10597
8524 8982
8163 10822
6746 8218
2852 5933
4616 8126
3499 8191
872 11211
809 7238
794 9754
8305 9128
3183 12375
7757 12820
3014 10317
2329 6591
7817 10496
4049 7993
7955 12334
1966 9471
165 7646
233 5952
1198 6225
4348 5482
975 4825
6257 7760
3398 6038
704 8785
12646 12938
9054 10692
1894 4016
2172 6733
484 4871
5682 9850
3913 7687
18 4849
7645 10973
106 626
406 4398
1014 9265
3512 13255
208 11275
2923 13492
8023 9335
2064 7286
1346 12324
5968 12241
9888 11338
4334 6334
10809 11054
4924 12403
10157 13281
787 11669
6465 11730
5188 9000
1964 10352
4463 4849
6553 11114
1395 10217
2398 4558
4976 10700
3985 7724
3103 7647
848 7189
2941 5193
7339 7997
5706 6350
517 865
3427 8489
7310 7807
3619 10866
6795 12887
1147 4630
2268 5064
949 4665
361 12639
758 7119
6985 8527
4215 11569
13000 13391
942 13170
2856 11165
7439 9531
6667 9768
8653 13276
6527 8051
9479 12793
7199 7590
5731 12300
4921 11234
5785 8065
7544 12732
5437 8616
7147 8903
7991 12013
5995 10940
4288 13239
4295 7789
7731 8132
2437 12122
10711 10743
1285 2192
8258 12621
1429 10778
5586 6301
955 4941
6662 6665
820 1012
1017 1562
3040 8702
9864 11405
10262 11283
462 9387
12109 13373
1037 1823
8649 8893
3769 13195
7974 9750
1593 2100
4028 9792
3397 12262
8909 12460
2204 8502
8124 9657
7376 13366
9544 10196
2248 8129
7288 9817
5872 11895
4770 13397
6289 13424
1190 10313
156 5574
3377 7748
143 7183
191 3586
3382 11814
5793 8385
5200 6887
10195 11063
3019 5382
823 6295
5014 9218
241 8325
902 1993
1024 2655
3773 8039
735 9644
3939 11139
9173 12941
3455 12653
8993 9404
2026 5694
1893 6628
938 12267
8212 8700
2517 11057
824 11062
8852 10786
2227 10966
10690 13406
1138 6751
9323 10009
503 2125
6019 8642
5334 10203
3863 4906
188 11203
6016 7638
996 6041
4132 11176
6472 11270
9154 12312
3885 4593
2353 10560
3948 5149
1473 11327
5725 7898
5212 11785
7976 9009
8020 13094
4710 11207
1951 9390
10322 12838
5802 6281
1822 11504
12268 12287
6372 10181
7294 10216
6358 8097
2944 4002
5130 6918
13146 13599
6492 11435
1597 1983
7092 7543
2527 5932
6560 10282
1777 13416
402 5297
5622 10975
793 7902
1109 11998
1632 11200
4499 9772
667 7067
1389 9647
7313 10640
7236 8534
5594 11383
5999 7867
1235 10298
10809 13203
11760 12119
1743 6126
5645 8667
12087 12865
3786 5756
1296 12026
6931 12809
5336 9418
1619 6608
259 11737
8195 9033
3529 10278
1185 1854
6536 9217
4610 12458
792 9808
1427 2044
318 12933
6829 9849
657 673
87 7234
4598 8255
2111 5712
3842 6041
10750 10783
2224 6006
2367 13464
1639 7568
1255 3331
9322 12073
5264 7749
1564 4457
3695 11943
4607 6397
4269 11011
2417 11122
4024 13230
6039 7897
6694 7617
1303 1596
11199 12044
5871 7478
11191 12185
409 543
1161 10096
358 5976
1306 3848
1785 11005
10836 11498
2085 3356
9772 9954
6778 9930
11573 12080
5328 8791
9202 9483
1771 2554
5206 12061
1904 6888
4200 11897
1234 10460
2742 12742
3124 12219
9747 11652
697 12852
6635 10978
4898 9699
4041 11987
7824 11994
391 8867
10790 11536
3435 8099
1769 12907
6284 12943
3161 9177
3796 11427
2489 8019
13076 13389
1568 6031
5990 11718
384 3162
7702 8472
1528 6497
6383 12880
536 10723
5200 12738
774 10153
1788 5626
9249 10403
8144 13196
4717 6203
1476 7800
638 721
6042 11513
2916 13134
235 5327
1796 11611
5707 10424
3614 6411
3473 8493
390 10517
3368 13086
742 4529
3205 10415
786 10755
7259 12464
8596 9795
3518 7333
4889 9170
2305 12775
7273 7575
8466 11869
3365 7140
5455 9956
4695 7323
7336 9364
5584 7544
2181 11520
7832 8822
2708 8115
550 3101
5211 7600
4229 4685
8643 12705
6712 7505
5353 12570
4884 11929
5126 9049
901 1485
6215 8351
5267 13224
6453 8842
2732 7007
3980 6249
7605 10491
257 1537
9425 9978
4900 5700
1557 6189
2260 11000
6091 11549
5084 11185
6745 7491
9433 10383
617 12406
6066 8601
2019 11789
4896 11500
2563 5248
3349 8269
4192 5628
4520 11505
804 8086
1618 5581
11900 12022
3709 7669
109 12706
685 5722
2122 13476
3565 6321
7233 7673
2250 12851
2005 4884
5094 12597
2167 4810
8833 12667
3172 4413
1529 10208
4103 7410
5291 7889
5261 11638
8694 12174
1595 9935
10336 12655
18 11889
7501 7954
180 5470
6204 12890
602 1200
2839 4799
1505 7381
1177 4449
4456 7944
3032 4479
463 11224
3341 6280
12503 12881
8771 11474
1730 3633
3388 8906
4417 9229
9475 10409
7966 10826
10430 12302
3466 11971
8102 9715
9717 13316
3557 7658
10117 13331
7583 9506
3960 11653
8308 12829
1154 2947
515 8624
3188 6452
7718 7828
5305 8775
3603 10039
421 12107
4806 13152
4094 11192
1282 11672
762 6607
2538 12853
2615 4007
6513 10020
2585 13387
1505 2099
4727 5370
2553 12932
3347 5925
10037 11849
81 11698
5834 6172
8818 13179
93 1897
3074 4586
3315 5666
931 3671
6412 13544
5843 12994
5380 10114
12365 12983
1647 9187
2197 6861
10555 12147
826 13325
6524 11545
3625 4683
7168 9446
3135 5520
8444 13355
2751 12490
3864 9536
1701 7068
9276 11680
1218 5055
2218 9217
8172 11335
2679 8118
4563 10028
2731 10171
1524 3475
9282 12929
521 6185
5500 12974
3316 7565
8691 12353
2931 5577
507 4529
10264 13128
546 8408
70 13075
3640 9670
7658 11967
3190 5754
9129 12743
6065 11617
10375 12893
4602 4892
7065 9077
371 9735
11606 11976
2793 3503
3734 10499
3724 5818
478 6008
2487 7224
12697 13234
7442 7661
4641 10471
10580 11012
62 1227
451 9944
3054 4104
2145 10049
1634 1787
4777 5253
10223 11483
2480 11170
4147 7189
4107 6462
1055 2496
10323 12476
3883 4470
6345 12867
28 2485
5183 10134
8059 9353
7861 10257
12083 12246
7277 11399
10318 12642
5278 9431
314 892
8848 10817
11451 12290
7104 9638
5556 9289
6063 10984
11404 12337
4966 7042
4855 8584
187 2176
11076 13171
1683 3221
2166 11724
1541 9049
7000 10122
4929 13448
6810 8398
397 7904
3719 8590
4579 6306
3893 7354
1689 5192
7675 8836
1546 8910
866 12659
7336 11397
7363 9902
2846 8817
6332 8518
2954 5404
3791 4039
14 4352
2591 13135
1309 5582
1945 5069
3550 10764
4387 8365
1874 10801
6488 8876
175 4654
5705 8282
5074 9568
6882 10155
1550 10885
1240 7419
2367 10327
5006 6628
7023 10191
3108 11408
737 11583
11059 12022
3537 10682
6614 9115
4446 5638
3594 8533
864 6566
9358 12285
139 3986
559 8083
238 11443
3725 6821
1068 5680
9784 11271
85 2451
5149 5420
7657 13523
833 2206
12308 12595
1333 2177
2179 4649
589 12486
7097 13184
3523 11438
13 4406
3414 8958
2421 12412
2793 11857
12251 13418
3268 3481
6288 11977
6900 9963
2870 4102
10073 13381
433 6576
6040 6721
5279 9222
7593 8057
2789 11820
3551 6075
5990 7640
311 1961
9904 12557
4676 9426
1762 7833
9802 10194
6483 9405
3683 7960
3184 12234
5535 11765
3248 12272
152 11147
8585 10456
7829 8954
5391 6020
3188 7030
4458 12938
6235 12000
2814 10335
5543 11527
9969 11021
2201 4390
3303 3834
2270 10242
8926 10835
11266 11302
6740 13361
2152 5796
1998 4578
4659 5639
2130 6964
3934 7678
8051 11809
1704 7180
8858 12795
3214 12026
5114 10762
4409 6432
3227 6771
3520 11865
5065 5761
212 735
4430 8646
4875 8000
3039 10261
1142 11547
457 6352
5151 5164
480 9948
5860 8626
9311 13242
579 6791
941 6110
9405 9992
8109 13109
10241 10888
6881 7232
3951 10372
3815 4070
2 5977
5281 5424
8063 13595
2491 7830
2659 4858
4018 9147
1641 8572
7463 11931
13419 13442
7312 13621
6067 11251
3513 12923
2703 11159
9330 12323
582 1053
2147 9209
3474 6205
1059 10412
8102 8153
12314 12387
5189 9801
6557 11532
9947 11738
7268 10389
6614 8870
3236 12625
488 7608
2739 6459
9133 9510
472 2662
1180 8911
9117 12586
2169 8196
6034 6715
3430 8281
2584 7948
4236 6512
4105 7570
1681 9939
48 6283
84 4731
8259 11772
6778 8706
7302 8961
6146 10700
3925 4314
11469 12253
3099 13210
6700 6706
8369 13317
717 13305
1297 7179
2564 12272
6524 13391
12105 13003
522 7998
1607 11605
1335 1761
271 7628
2191 7038
1401 6879
4609 12042
11256 11787
6482 8200
6286 12650
10868 11839
8491 11182
4931 9850
2567 6714
2447 7917
4832 9314
9603 9689
4516 7028
8516 9997
426 490
6278 8210
5703 8535
839 8447
6119 7017
4030 5561
9788 13236
715 9583
10378 10484
8032 12109
470 990
1442 12996
4611 10838
10223 13439
12558 13594
1863 12047
2182 12497
679 4620
758 10666
4345 11034
3580 6917
5702 6843
1694 6843
11201 11717
10511 13426
2087 10518
334 7300
7009 9780
2366 3078
313 7063
2588 7150
6291 13151
507 4736
2695 8198
1337 10729
2692 8256
5949 12920
8628 12089
6503 7166
1895 3239
5150 5837
194 11972
6953 10089
7256 11072
914 1667
7299 11190
1148 7782
8592 9192
1761 8435
3590 12113
2570 3314
7217 9877
1836 9142
8971 9520
1643 4471
4289 5615
7154 8513
1450 10907
9819 12224
2949 4221
10437 13477
3013 9385
9618 12088
9292 10393
3004 12459
1161 8291
2186 13493
5936 11435
2610 3130
3070 13141
3638 8703
9743 11587
911 4930
793 3474
586 13176
5467 6154
8236 13267
10066 12435
208 6081
2616 11500
4326 6686
11162 11213
1377 3554
10481 13520
2160 2987
9885 12485
5431 13414
8492 13064
1882 3038
7201 10120
780 7652
4830 10548
10173 10344
7365 8798
7935 8694
1184 5491
9686 13515
5428 12894
1629 12621
5472 13350
7373 10615
10359 11003
7952 11756
782 5712
10969 11068
10067 12680
7281 9747
328 5352
7503 13201
6763 11564
4565 5027
9259 11524
3450 13420
5912 8571
2641 4592
7006 13162
11965 12854
711 8682
7341 9934
2737 5326
244 10683
2219 2825
1357 3616
5580 8408
1218 2844
10119 12078
6859 10329
1814 5675
6099 12432
1736 12840
919 7307
8802 11227
1731 10303
3800 8348
7820 11058
818 2671
1565 1671
2491 13015
3525 5073
5571 7271
219 12481
3241 11772
5843 11077
1797 12332
8388 10260
6061 10036
1829 10167
3690 4446
3141 6490
6851 7124
9077 11699
7520 10750
2689 12758
4941 7629
3258 12333
253 2074
3351 4545
531 6247
7144 8976
1653 12861
2908 10880
2016 2296
716 12240
13030 13622
1169 7048
284 3673
7157 9959
4794 5477
3443 6616
10873 13427
2648 7959
10251 10311
2976 6764
9654 11328
4682 7262
708 5169
11754 12624
6037 12036
2334 11063
1291 13410
1745 11389
7986 10420
4638 6192
5878 13615
830 10469
6025 9363
1944 9984
3247 3778
5824 9617
8154 13029
4338 13202
6682 10081
1652 4264
3990 11126
6296 9957
7829 13199
2401 5701
8237 11206
2936 7900
11573 13273
103 8743
2543 3709
1926 4452
3638 3777
4484 9781
951 10646
880 2880
5173 7117
9893 13011
3564 13314
1326 7224
6121 11693
1778 11153
469 4237
12791 13278
7712 8587
5861 8533
7734 13006
6218 7805
1089 2435
340 7047
5213 8688
3463 8825
1253 5370
1927 7454
7316 11414
2749 11085
5925 6741
8092 8244
971 4258
4135 4382
7357 9418
14 11873
6806 12858
5324 6284
7389 10988
3483 9710
3361 6646
3583 10298
4401 8143
487 6407
2455 12178
8620 10671
5635 13324
6910 10533
6219 13214
4861 11741
7613 11168
6597 8169
10182 10914
2422 2837
1497 6371
1513 13181
8509 11540
1688 11726
7098 11274
8391 12533
7736 8859
410 523
4770 6329
3634 5524
3987 6130
4226 10965
1558 12411
5916 6134
11222 12031
2518 8450
1114 6153
1843 9213
7767 9225
1909 6441
7267 8018
1294 4582
4281 6600
540 8547
7499 10180
6350 10232
6362 12842
333 1742
125 1772
2573 9276
1397 3615
294 6074
2055 8895
887 8228
6205 9436
4030 10425
6630 12857
11344 12734
1147 2738
6079 8380
1510 4374
3193 10769
4408 13337
7420 11214
8631 13385
5507 6620
1199 5724
939 12385
6333 13594
9740 12740
11368 12902
8602 9578
1368 3385
1948 8864
4194 6643
416 5086
5251 5385
4115 12111
2107 7950
690 7877
3261 11180
4259 8712
11681 12811
193 11311
3066 12528
3224 12753
11067 11637
8711 8924
2004 6424
6451 13455
845 4821
3994 4439
7060 11816
5152 12560
8084 11609
9039 11495
6156 13348
4113 10684
63 1252
2271 10774
10662 10685
5389 13284
1130 12791
5646 10743
8519 12220
2114 2898
929 12529
1628 8594
7937 13106
7647 12652
1340 8664
11306 12950
533 8960
11370 12001
11859 12062
1275 6270
5973 12693
5913 12414
1855 10292
35 1683
3281 12494
6540 13166
4872 6512
211 8192
2185 5523
10258 10461
5853 13468
8736 8790
6908 7389
7406 13193
1641 7708
3379 11257
6468 13262
6259 6455
5764 10089
1516 13067
10610 11993
1790 6473
1324 5909
1900 2550
2212 9448
4269 8231
4472 6855
1226 12677
3182 9429
8866 12082
1348 9119
9185 9988
4894 5877
8367 10003
10767 11177
2938 11395
4235 7619
1315 2597
9812 10620
3701 7252
10331 11632
593 10050
5795 13618
4461 10763
5271 8389
2205 5362
4678 10667
6649 10884
4679 6117
4296 9730
6770 7631
10409 12794
9006 10530
8583 12511
5650 13212
1630 10573
4071 5890
7498 10419
1264 7762
875 11469
2276 8088
1929 13452
2588 8283
8065 13331
3829 8075
10079 11970
4556 9324
4188 8796
7614 11085
4759 9614
1179 9607
3382 12222
8219 10224
4379 10587
17 3938
1584 8589
1035 4363
6933 8176
1567 7451
8010 12038
888 5048
1801 13099
10053 13363
3832 10597
5428 8081
3126 4212
1903 6908
509 2030
13123 13168
983 6683
3870 5133
8537 12349
1760 12774
9014 11645
2558 11037
6676 13283
3455 11040
8452 11491
7970 9785
722 10467
1134 13546
7047 7532
1472 6222
2934 10661
4872 6437
1908 4759
5102 7513
894 4078
9403 12390
6450 8192
560 5880
1653 9325
7779 12259
3927 8046
3724 12157
1231 12751
3824 12354
12128 12825
7449 7659
862 6606
245 7814
2606 2782
7308 13367
7835 12333
9689 13447
10166 10611
11455 12507
4075 11217
8872 10127
4934 13517
1745 6238
1378 5588
8104 10157
2217 9222
428 7856
813 5301
10395 12193
5342 6466
5481 10328
6390 11906
1463 2900
9922 11562
1063 1490
1250 6111
7680 9883
5728 8165
6518 11441
3072 7970
4855 5329
5923 7788
291 736
1581 9332
5557 7329
8293 12132
9307 9582
3697 12190
2134 4391
7566 11546
122 6783
6822 12186
10810 12864
5497 10484
5029 6767
2058 5610
7195 8139
9224 10098
3251 10306
4816 7126
3070 6699
2253 7427
624 12167
1807 3127
6467 13380
2492 9738
3260 11646
6529 11309
5914 10795
10578 11096
37 5007
5914 9249
1908 11577
3828 7744
4874 12821
4719 6627
2473 6863
980 1559
8499 12766
6184 6318
4318 12115
6177 11140
4831 6360
11219 11296
2551 11338
11075 13369
6748 10018
1842 3707
4723 7850
326 12261
242 1896
4321 10730
1120 4022
2681 6966
1352 3533
7146 12635
3098 3449
6921 10378
3856 7479
3042 12949
1009 8668
4377 4477
1662 1866
1302 8984
4272 8801
5857 6634
336 10339
9449 11452
4905 7875
9435 11317
4263 5965
240 9165
4457 6578
10397 12975
1648 5946
10103 12286
6009 9348
8236 13245
837 11010
6069 11024
9328 12868
214 3056
11088 11157
2553 12650
3522 12325
4350 10937
2448 4265
11470 12470
6020 11458
5867 6987
7703 11030
4518 8547
4641 10442
8807 9337
2116 10585
1339 9172
9017 10295
3242 5212
4535 13233
3366 9708
1827 6094
2558 3641
9880 11898
1277 1773
2554 11476
4266 12143
7469 7692
3718 9403
6368 11507
5458 8310
7377 13382
9445 10755
2426 10291
2618 12769
3900 5877
3501 5008
11103 12281
11495 13025
370 11150
9457 10175
3338 3801
4936 6440
2900 9091
6035 11942
7220 10987
3674 8716
5143 12176
4027 5944
8649 10729
912 963
2510 10629
4060 6079
10819 12419
682 12191
11110 12459
2069 11900
36 4225
401 8634
3483 11992
321 4112
108 10985
6723 12692
583 1789
7702 9571
5283 10569
7764 9563
2297 9686
2850 6461
10025 10641
4082 9756
345 3650
8557 12581
1650 13065
5010 12899
238 12295
2722 8178
9172 10507
1082 9782
6819 13299
8029 12673
6033 7169
3451 12167
2278 5224
8729 9043
2151 5179
10878 11099
2077 10858
2884 4653
2569 13362
123 7012
3878 13320
11974 12904
6925 9883
1026 9032
814 1706
5044 9989
419 13466
3605 5480
2197 13183
184 1794
10852 11778
1877 2725
648 9446
2824 8360
6449 9852
5109 8997
9863 11178
4880 5161
626 5677
7141 12170
2627 11297
2091 12874
10687 11292
1919 9228
1479 3976
2330 13501
6757 8559
564 8987
